lengthscale l2regularizer rmse_mean rmse_median rmse_std pi_cov pi_sum nll_mean nll_median nll_std

0.25 1.0 2.2529259 2.0706928 1.5133157 0.9019607843137255 46 1.1126415 0.99010015 0.35696998
0.25 0.8 3.001731 1.6923747 4.1268272 0.9215686274509803 47 1.046314 0.97625685 0.28538755
0.25 0.9 2.2280293 1.721273 1.804937 0.9411764705882353 48 1.0611211 0.9090271 0.33120766
0.25 0.85 3.1927726 1.9363358 4.4113026 0.9607843137254902 49 0.9824729 0.89365387 0.19471078
0.3 0.85 2.3274255 1.3853095 2.6998038 0.9411764705882353 48 1.0764003 1.0153158 0.24991576
0.25 0.75 2.2766695 1.9456568 2.1011536 0.9215686274509803 47 1.0550101 0.9427156 0.2630542
0.3 1.0 2.6329782 1.6610093 2.8911552 0.9215686274509803 47 1.0607109 0.9405135 0.283414
0.1 0.25 39.41694 10.565492 49.62904 0.8431372549019608 43 1.1197417 1.0180434 0.25966245
0.35 0.1 2.1879861 1.4707098 2.337315 0.9019607843137255 46 1.0228084 0.9967073 0.18456508
0.05 0.65 26.963694 26.9576 19.76069 0.8235294117647058 42 1.2791989 1.0906008 0.35937122
0.05 0.5 29.576443 27.501217 20.307465 0.8431372549019608 43 1.26329 1.2254994 0.3336436
0.15 0.45 5.1038117 4.300811 3.6008258 0.8627450980392157 44 1.1306623 1.0630848 0.19420852
0.35 0.15 2.262728 1.6209013 2.42473 0.9411764705882353 48 1.0589464 0.96482205 0.19580795
0.1 0.1 44.64692 9.757543 63.907017 0.8431372549019608 43 1.0414286 1.0227646 0.15181597
0.1 0.4 42.054886 10.83036 59.093155 0.8235294117647058 42 1.1210687 1.029171 0.2206857
0.05 0.45 32.06424 33.791924 22.968304 0.8431372549019608 43 1.2713805 1.1385655 0.37126556
0.3 0.1 2.4053073 1.5072049 2.8659868 0.9215686274509803 47 1.0498402 0.9491528 0.302949
0.15 0.25 4.70568 2.593513 4.029514 0.8431372549019608 43 1.4778982 1.095599 1.149984
0.05 0.8 30.377224 24.671707 23.425734 0.803921568627451 41 1.2299387 1.1303251 0.31719157
0.3 0.15 2.3468347 1.4227737 2.9631355 0.9411764705882353 48 1.077978 0.937449 0.3057899
0.05 0.05 32.59852 23.57513 24.888803 0.803921568627451 41 1.2887815 1.2022128 0.29679412
0.35 0.25 2.0515237 1.304436 2.252514 0.9215686274509803 47 1.0217769 0.9764548 0.19225949
0.3 0.7 2.6952746 1.6867255 2.9047854 0.9607843137254902 49 1.0945492 1.1775783 0.22698937
0.2 0.35 1.9794734 1.6843004 1.2864684 0.9607843137254902 49 0.92970276 0.87503844 0.13069925
0.05 0.6 27.224188 27.767036 18.981438 0.803921568627451 41 1.3950949 1.3222783 0.3541074
0.35 0.05 2.5147169 1.644634 2.6900558 0.9607843137254902 49 1.0385178 0.95507824 0.20414616
0.1 0.45 55.353443 16.239796 80.53343 0.8431372549019608 43 1.0531456 1.0180339 0.14648525
0.05 0.2 31.42894 25.322535 23.752825 0.7647058823529411 39 1.9297472 1.3160777 1.9158094
0.35 0.3 2.4333568 1.5150548 2.8116777 0.9215686274509803 47 1.0642804 0.98562515 0.20608611
0.05 0.25 31.917301 26.504131 25.47371 0.803921568627451 41 1.3235713 1.3219392 0.3159678
0.05 1.0 29.050327 25.993137 22.375961 0.8431372549019608 43 1.2210459 1.1390194 0.33631554
0.15 0.5 3.7550354 3.6757126 2.2179594 0.8823529411764706 45 1.1450887 1.064409 0.26513037
0.15 0.6 5.2723503 2.790662 5.3826556 0.8431372549019608 43 1.2140868 1.1159756 0.301283
0.15 0.9 4.5230803 3.4614282 3.5522096 0.8823529411764706 45 1.1566281 1.0889992 0.19179462
0.05 0.75 26.000854 17.512674 21.954388 0.8235294117647058 42 1.2514358 1.1761076 0.29387552
0.15 0.65 4.4249897 4.1434445 2.6572278 0.8431372549019608 43 1.1272175 1.131769 0.17027526
0.15 0.8 3.593567 2.555471 2.6786606 0.8627450980392157 44 1.3851738 1.0917084 0.7388289
0.3 0.05 2.593582 1.5838549 2.8296468 0.9411764705882353 48 1.0530137 0.9403897 0.28212008
0.15 0.85 4.0171227 2.996458 3.2105024 0.8627450980392157 44 1.1776581 1.0663743 0.28980318
0.05 0.85 34.495945 22.981112 31.637695 0.8235294117647058 42 1.3047647 1.2176175 0.31922138
0.05 0.9 29.42651 30.530201 19.943699 0.7843137254901961 40 1.610034 1.3227458 0.86123794
0.05 0.7 30.193731 23.181957 24.798088 0.7647058823529411 39 1.4777448 1.3376855 0.54083914
0.25 0.7 2.0300202 2.0246103 0.87737596 0.9215686274509803 47 1.1265002 0.9325079 0.33387932
0.25 0.95 2.2875025 2.069015 1.9706799 0.9411764705882353 48 1.089122 1.0848718 0.25541553
0.3 0.75 2.5491478 1.4557009 2.9592223 0.9607843137254902 49 1.152112 1.1058563 0.30193302
0.1 0.35 54.352776 13.646534 81.604126 0.8431372549019608 43 1.0849483 1.022356 0.22496955
0.05 0.95 32.993446 26.10236 26.297174 0.8431372549019608 43 1.2490855 1.092046 0.29276028
0.1 0.3 41.290657 15.6021595 55.176346 0.8431372549019608 43 1.0864923 1.0254788 0.21668348
0.15 0.7 4.174222 2.476568 3.371632 0.8823529411764706 45 1.3850096 1.0726258 0.92367566
0.15 0.95 4.775744 3.6506188 3.3291757 0.8235294117647058 42 1.1514804 1.0629364 0.22065699
0.05 0.1 30.188946 22.11984 21.454853 0.7843137254901961 40 1.5924441 1.2907603 0.93158245
0.05 0.35 33.269844 33.137623 23.738543 0.8235294117647058 42 1.2475995 1.0788857 0.37787154
0.1 0.65 42.40061 13.156065 57.75249 0.8431372549019608 43 1.1100333 1.0321271 0.23437932
0.15 0.4 3.407268 2.430488 2.393948 0.9019607843137255 46 1.1767498 1.1397369 0.30125338
0.1 0.05 41.07125 11.695325 54.791267 0.8431372549019608 43 1.062191 1.0258516 0.14330241
0.35 0.2 2.156962 1.4348626 2.3994303 0.9215686274509803 47 1.0619361 0.98483515 0.21179827
0.05 0.3 28.5327 26.74582 20.26398 0.8235294117647058 42 1.2992605 1.1476834 0.36750662
0.65 0.05 1.0541582 0.9063294 0.55369264 0.9215686274509803 47 1.0630848 0.9252468 0.43258816
0.35 1.0 2.4431827 1.76109 2.526936 0.9215686274509803 47 1.0973194 1.1129751 0.22320227
0.3 0.95 3.272892 1.9318113 3.6606176 0.9411764705882353 48 0.97159606 0.8809942 0.17323971
0.4 0.05 1.9276311 1.6508659 1.7272927 0.9607843137254902 49 0.98259914 0.89919233 0.18688172
0.1 0.15 30.726013 12.482489 36.420784 0.8235294117647058 42 1.1245898 1.0331128 0.22073014
0.15 0.35 4.743373 3.4301395 4.176192 0.8627450980392157 44 1.1348407 1.087565 0.21712554
0.05 0.4 29.357214 22.569332 22.22874 0.8431372549019608 43 1.2998562 1.2701048 0.29315436
0.6 0.95 1.0889927 0.92525923 0.57311857 0.9411764705882353 48 1.053025 0.9161127 0.4554376
0.1 0.55 46.7405 11.497788 59.865524 0.8431372549019608 43 1.0938723 1.0182787 0.24627577
0.3 0.8 2.3518171 1.4168179 2.8581896 0.9411764705882353 48 1.0889566 0.95830864 0.29789335
0.65 0.1 1.0757778 0.9513652 0.55130917 0.9607843137254902 49 0.97299516 0.90938616 0.1885925
0.6 0.85 1.290027 0.9998276 0.85111207 0.9411764705882353 48 0.98130083 0.9133376 0.21937576
0.65 0.2 1.1229818 0.98245776 0.58265877 0.9607843137254902 49 1.0065792 0.9063256 0.28468058
0.65 0.15 1.0769987 0.96238184 0.5649802 0.9411764705882353 48 0.97761154 0.9237645 0.20196353
0.3 0.55 2.5587933 1.6285137 3.037661 0.9607843137254902 49 1.140271 1.150152 0.3018684
0.3 0.6 2.6238036 1.6501039 2.652315 0.9411764705882353 48 1.0554693 1.0965183 0.20195249
0.6 1.0 1.274185 1.0111146 0.74538815 0.9411764705882353 48 0.9992035 0.92817926 0.24067612
0.6 0.9 1.1216332 1.009969 0.5707846 0.9411764705882353 48 1.010041 0.921073 0.29136878
0.1 0.5 41.02017 14.895475 54.65195 0.8431372549019608 43 1.0879738 1.0236042 0.2097037
0.2 0.25 1.9621073 1.7326163 1.2562678 0.9215686274509803 47 1.0089294 0.94998777 0.1785104
0.3 0.2 2.3619294 1.3399522 2.9403224 0.9411764705882353 48 1.051985 0.96626735 0.24785034
0.15 1.0 4.0434966 2.7552476 3.2052147 0.9019607843137255 46 1.2231284 1.1085205 0.32020274
0.4 0.7 1.9490416 1.438351 1.7359909 0.9411764705882353 48 0.9708376 0.88248193 0.18391128
0.3 0.65 2.9111192 2.048606 2.7034938 0.9411764705882353 48 1.0234419 1.0482757 0.16852891
0.2 0.55 2.3201718 1.7024087 1.4662704 0.9411764705882353 48 0.9841833 0.9567547 0.15194479
0.3 0.9 2.4544463 1.5817842 2.9050195 0.9411764705882353 48 1.0829393 1.0524664 0.28897226
0.1 0.6 38.61904 10.83611 47.736607 0.8431372549019608 43 1.0807941 1.0248461 0.20244844
0.2 0.3 2.2808657 1.8862462 1.4834205 0.9215686274509803 47 1.0475712 0.9991534 0.20216034
0.2 0.7 1.9381492 1.6789473 1.202889 0.9215686274509803 47 1.0457217 1.0003397 0.23022331
0.1 0.2 42.513336 11.612766 54.572594 0.8627450980392157 44 1.0970113 1.0212486 0.24145843
0.7 0.05 1.057678 0.95685863 0.5423278 0.9411764705882353 48 0.96205044 0.9118372 0.14508104
0.1 0.95 41.554314 9.313997 62.37059 0.8431372549019608 43 1.1213043 1.0285487 0.21813017
0.2 0.75 2.1372051 1.8753886 1.3703039 0.8823529411764706 45 1.0607346 0.9909233 0.2236794
0.2 0.2 3.0034668 2.9461606 1.8986171 0.8823529411764706 45 1.3344744 1.0899229 0.79494673
0.25 0.45 2.014616 1.9510591 1.0237993 0.9019607843137255 46 1.0940319 0.92398494 0.32396805
0.2 0.8 2.1593635 2.2052288 1.3324498 0.9607843137254902 49 1.0150473 0.9880841 0.1196788
0.3 0.25 2.6640856 1.777103 2.9236178 0.9215686274509803 47 1.1648663 1.0559849 0.30392128
0.45 0.15 1.8479574 1.4856813 1.5636117 0.9215686274509803 47 0.9882914 0.9454857 0.18689352
0.25 0.5 3.2992637 1.9351864 3.5958395 0.9215686274509803 47 0.9928241 0.9512197 0.21075344
0.2 0.45 2.5283828 1.6837416 2.1174614 0.9019607843137255 46 1.230475 0.9818946 0.6707441
0.25 0.4 2.3676047 1.8971784 1.6863282 0.8823529411764706 45 1.1101897 1.0111885 0.33591494
0.25 0.3 2.0324538 1.6191475 1.6057191 0.9411764705882353 48 1.002124 0.9554265 0.19945742
0.2 1.0 2.0282907 1.6551731 2.049055 0.9411764705882353 48 1.1667812 0.99618477 0.5143593
0.2 0.5 2.3411472 1.8485162 1.472262 0.9607843137254902 49 1.0578763 1.006551 0.18849772
0.2 0.05 2.978827 3.0182166 1.8339986 0.9019607843137255 46 1.0462526 1.0383753 0.14258227
0.2 0.65 2.3213332 2.0794246 1.2612008 0.9215686274509803 47 1.0973902 1.097347 0.20707412
0.2 0.9 2.3636832 1.8018382 1.7222029 0.9215686274509803 47 1.1026461 1.0060127 0.31955892
0.25 0.1 1.7767417 1.4541335 0.8654605 0.9411764705882353 48 1.044397 0.8707214 0.25281888
0.2 0.4 2.718225 1.628507 1.9158529 0.9411764705882353 48 1.2613693 1.1588523 0.49648064
0.25 0.55 3.180434 1.657169 4.7901278 0.9215686274509803 47 1.0857418 0.95600843 0.31701604
0.25 0.35 3.858652 2.2849364 5.184463 0.9215686274509803 47 1.0153126 0.94889915 0.19173275
0.45 0.25 1.7338558 1.4060004 1.4815104 0.9411764705882353 48 0.99714327 0.9715482 0.18350194
0.3 0.3 2.476445 1.3858654 2.8180926 0.9411764705882353 48 1.1231929 1.0390599 0.28486514
0.7 0.1 1.0277174 0.92142385 0.5392323 0.9411764705882353 48 0.99980736 0.9509493 0.16968645
0.45 0.65 1.7142351 1.4633377 1.3581749 0.9607843137254902 49 0.99165237 0.93876934 0.1973816
0.35 0.35 2.3662286 1.476038 2.6664157 0.9411764705882353 48 1.0385779 0.929419 0.21932572
0.55 0.5 1.4277824 1.0544065 1.0855391 0.9411764705882353 48 0.9717649 0.8992286 0.1942391
0.55 0.45 1.3894514 1.0432153 1.0034966 0.9411764705882353 48 0.9683402 0.87980807 0.2126516
0.5 0.2 1.597315 1.2348231 1.3227111 0.9215686274509803 47 1.0516057 0.99656034 0.22800627
0.2 0.6 2.7841868 2.0893695 1.9488041 0.9019607843137255 46 1.2909421 1.1724024 0.4988716
0.25 0.6 2.3367286 1.5967665 2.059978 0.9215686274509803 47 1.042868 0.92826134 0.28817302
0.2 0.85 2.5048456 2.2528172 1.5497731 0.9411764705882353 48 1.2007856 1.0800824 0.38085705
0.5 0.35 1.6140549 1.1372799 1.3981621 0.9607843137254902 49 0.96043664 0.8750158 0.1803066
0.25 0.05 2.5928674 1.5959153 2.2828197 0.9215686274509803 47 1.0378644 0.97977567 0.18981288
0.5 0.15 1.2092212 1.170745 0.6232251 0.9411764705882353 48 1.0522559 0.8471924 0.44894952
0.45 0.7 1.7523549 1.3499277 1.5660733 0.9411764705882353 48 0.9837378 0.9570062 0.18376264
0.8 0.5 0.999876 0.84523714 0.51337725 0.9607843137254902 49 0.9508826 0.9366895 0.10007188
0.25 0.25 2.7411747 1.5682728 3.614946 0.9411764705882353 48 0.9821078 0.87843466 0.23044977
0.35 0.55 2.3549542 1.5889772 2.4826667 0.9215686274509803 47 1.0945868 1.0421019 0.20248456
0.35 0.6 2.2078605 1.4750698 2.3691459 0.9411764705882353 48 1.0527282 0.9504963 0.1942683
0.35 0.5 2.378405 1.6579387 2.7704084 0.9215686274509803 47 1.0478069 0.97210526 0.1909643
0.35 0.85 2.1846356 1.4496975 2.2481008 0.9215686274509803 47 1.0936966 1.1152141 0.24854273
0.35 0.8 2.33083 1.564584 2.429022 0.9215686274509803 47 1.0829355 1.0937018 0.21122544
0.35 0.65 2.2962685 1.5715449 2.4394212 0.9215686274509803 47 1.0499113 0.98289317 0.21733768
0.4 0.5 1.970451 1.7330527 1.7006779 0.9215686274509803 47 1.031096 1.035696 0.20144208
0.3 0.45 2.3459897 1.5716081 2.6972716 0.9411764705882353 48 1.0815402 0.991716 0.29477343
0.4 0.1 2.008194 1.8034307 1.734055 0.9607843137254902 49 1.0391971 1.0450804 0.21422687
0.2 0.1 2.3326159 2.214546 1.6151732 0.9215686274509803 47 1.1854316 1.0696135 0.32569262
0.4 0.4 1.9148127 1.5485299 1.8146976 0.9411764705882353 48 0.9896841 0.8908136 0.19785297
0.35 0.75 2.229103 1.5143673 2.3133986 0.9215686274509803 47 1.0616924 0.97690374 0.21208107
0.35 0.7 2.3217347 1.4747097 2.46645 0.9215686274509803 47 1.1028728 1.1051292 0.22536059
0.35 0.95 2.273571 1.5038931 2.7506683 0.9215686274509803 47 1.05954 0.96652305 0.22187588
0.4 0.15 1.9503672 1.7059729 1.6943346 0.9215686274509803 47 1.003442 0.91477334 0.20495732
0.4 0.45 1.9332209 1.6638967 1.7359058 0.9411764705882353 48 0.98302543 0.92213476 0.18339187
0.4 0.35 1.9327914 1.6379917 1.7557917 0.9215686274509803 47 0.98164624 0.89873296 0.18574347
0.4 0.6 1.9307811 1.4693033 1.787342 0.9411764705882353 48 1.001097 0.9543607 0.18019897
0.35 0.9 2.3013732 1.6965913 2.1569574 0.9215686274509803 47 1.1061536 1.174514 0.22457768
0.4 0.8 2.006829 1.6692867 1.7858609 0.9411764705882353 48 1.0324033 1.0148562 0.20527777
0.45 0.1 1.8209976 1.4975294 1.6536556 0.9411764705882353 48 1.0103908 0.93846405 0.21801458
0.4 0.3 2.0143342 1.6226492 1.8208035 0.9411764705882353 48 0.98717797 0.8891932 0.19599415
0.4 0.25 1.9858792 1.7893944 1.7436332 0.9411764705882353 48 1.0342565 1.0496606 0.20349611
0.4 0.75 2.0129225 1.7630271 1.7168803 0.9607843137254902 49 1.0297573 1.0386653 0.19148019
0.2 0.95 1.9591411 1.5905216 1.3934219 0.9607843137254902 49 0.9815561 0.9274721 0.14876698
0.55 0.4 1.4465088 1.1247783 1.0956079 0.9411764705882353 48 0.98542964 0.9318447 0.19279689
0.4 1.0 1.9424976 1.709445 1.781335 0.9607843137254902 49 0.97811145 0.87437505 0.18796812
0.1 0.9 33.830647 12.414313 43.419903 0.8431372549019608 43 1.0961995 1.0242574 0.1558078
0.1 1.0 41.41189 14.428352 57.84066 0.8431372549019608 43 1.0905021 1.021657 0.15994565
0.4 0.9 1.9929594 1.8174098 1.7239611 0.9607843137254902 49 1.03002 1.0069343 0.21121177
0.05 0.55 36.67179 31.817627 27.237267 0.8431372549019608 43 1.2782608 1.16385 0.27853724
0.4 0.65 1.9070181 1.3835491 1.7648239 0.9607843137254902 49 0.9826983 0.92125964 0.17897502
0.05 0.15 28.48788 32.25878 18.446348 0.8235294117647058 42 1.260997 1.1212802 0.35338163
0.7 0.15 1.0394026 0.8723547 0.5491325 0.9607843137254902 49 0.95075595 0.91947436 0.116696835
0.45 0.05 1.7220004 1.4466538 1.440562 0.9411764705882353 48 1.0023558 0.96098524 0.19673145
0.7 0.8 1.0309722 0.8693458 0.5421199 0.9411764705882353 48 0.95595235 0.92026913 0.11611203
0.25 0.65 2.8580525 1.7766671 2.5290241 0.9215686274509803 47 1.0407947 1.045556 0.1479827
0.3 0.4 2.5651298 1.8865968 2.8398824 0.9411764705882353 48 1.055941 1.0806853 0.19644947
0.45 0.4 1.7660592 1.4372731 1.572018 0.9607843137254902 49 0.9931549 0.9465886 0.18247047
0.4 0.95 1.8933041 1.4258494 1.7286938 0.9411764705882353 48 0.99269164 0.9563961 0.1800094
0.4 0.85 1.9378176 1.4122818 1.8614308 0.9215686274509803 47 0.99547005 0.9163277 0.19217004
0.4 0.55 1.9598606 1.6321535 1.819229 0.9411764705882353 48 0.9986881 0.92271435 0.1940977
0.45 0.2 1.8155487 1.465156 1.6638976 0.9607843137254902 49 0.9750703 0.9026035 0.17534076
0.5 0.3 1.6111253 1.1505764 1.4383428 0.9607843137254902 49 0.9817535 0.92002887 0.18459
0.45 0.35 1.4337165 1.4285215 0.8276633 0.9411764705882353 48 0.9819292 0.94991326 0.17227712
0.5 0.1 1.2513759 1.1918921 0.62560236 0.9607843137254902 49 1.0257915 0.8542154 0.362227
0.45 0.5 1.8230261 1.4612134 1.7052122 0.9411764705882353 48 0.99406624 0.93870735 0.18502128
0.45 0.45 1.8268433 1.4479091 1.6826177 0.9215686274509803 47 0.98164636 0.9274924 0.1807601
0.15 0.2 4.082182 4.124111 2.915267 0.8823529411764706 45 1.1136369 1.1063322 0.20980762
0.45 0.85 1.8012683 1.502625 1.6018895 0.9411764705882353 48 1.0097605 0.955594 0.19774498
0.45 0.9 1.759976 1.4824145 1.3976467 0.9411764705882353 48 0.9936778 0.9644613 0.18799299
0.65 0.25 1.09592 0.95085216 0.5623329 0.9607843137254902 49 0.9855696 0.9164473 0.24928293
0.5 0.45 1.580651 1.2348032 1.317312 0.9411764705882353 48 0.9932461 0.93488467 0.19337127
0.55 0.25 1.4408295 1.0334015 1.1373385 0.9411764705882353 48 0.96433437 0.88458776 0.19749115
0.45 0.55 1.7645867 1.3050423 1.5914767 0.9803921568627451 50 0.9806 0.9327707 0.1832265
0.45 0.95 1.8018173 1.4981892 1.678388 0.9215686274509803 47 0.9889838 0.9578079 0.1782394
0.55 0.9 1.4487933 1.0740956 1.1309626 0.9411764705882353 48 0.9869571 0.9303533 0.18038203
0.5 0.05 1.5807445 1.1478205 1.3277041 0.9215686274509803 47 1.018072 0.9416352 0.22539967
0.55 0.3 1.4888939 1.0368371 1.2424778 0.9411764705882353 48 0.96353406 0.9133392 0.18523331
0.45 0.6 1.7553524 1.3945887 1.521931 0.9607843137254902 49 0.9867697 0.9464277 0.18497333
0.5 0.65 1.569738 1.228276 1.3240469 0.9607843137254902 49 0.9898135 0.93303347 0.19331911
0.55 0.1 1.4318118 1.0346448 1.0965136 0.9411764705882353 48 0.96796525 0.888274 0.2015717
0.45 0.8 1.7360109 1.560411 1.2897099 0.9607843137254902 49 0.99299353 0.927332 0.19778666
0.55 1.0 1.4467889 1.0227377 1.1476653 0.9411764705882353 48 0.9622859 0.88529074 0.19509575
0.55 0.35 1.4572574 0.9466026 1.1825886 0.9411764705882353 48 0.9623831 0.89160633 0.18276973
0.15 0.15 3.8487766 3.4075658 2.3738387 0.8627450980392157 44 1.1621578 1.1242491 0.21524909
0.55 0.7 1.4411724 0.9933933 1.1562743 0.9411764705882353 48 0.9682682 0.89048874 0.18747693
0.55 0.6 1.4415798 1.0914335 1.1057789 0.9411764705882353 48 0.9774563 0.8955299 0.18626821
0.55 0.2 1.1690665 1.0704241 0.59998614 0.9215686274509803 47 1.0573428 0.92442536 0.3803878
0.45 0.75 1.7865105 1.4207375 1.6231979 0.9215686274509803 47 0.9968726 0.9584602 0.18940756
0.5 0.95 1.5866823 1.2019241 1.3905979 0.9411764705882353 48 0.98419416 0.93648195 0.18713787
0.5 0.9 1.5711896 1.1391006 1.3731807 0.9607843137254902 49 0.98449075 0.93710613 0.19049042
0.55 0.95 1.4759226 1.1167351 1.1782477 0.9411764705882353 48 0.97170603 0.9160216 0.18283519
0.15 0.55 4.267327 3.0394626 3.3224566 0.8431372549019608 43 1.264504 1.1193657 0.3546849
0.5 1.0 1.5783418 1.2155523 1.3145393 0.9607843137254902 49 1.0077348 0.98614 0.18324025
0.5 0.85 1.5986841 1.1599855 1.3554943 0.9607843137254902 49 0.97792876 0.93244284 0.18494147
0.55 0.65 1.4891907 0.95916677 1.2718523 0.9411764705882353 48 0.9528354 0.8945229 0.18025249
0.5 0.7 1.6158698 1.2353772 1.394047 0.9411764705882353 48 0.99571884 0.93716866 0.18811789
0.5 0.55 1.6261085 1.1636237 1.4700377 0.9411764705882353 48 0.96750975 0.8999487 0.17405808
0.5 0.4 1.6429859 1.1706939 1.4509292 0.9411764705882353 48 0.95681083 0.8649149 0.17865479
0.5 0.75 1.588443 1.1420515 1.3235567 0.9411764705882353 48 0.96050787 0.8641538 0.18906882
0.45 1.0 1.7043747 1.3822906 1.3964243 0.9411764705882353 48 0.9850038 0.94375443 0.18504831
0.6 0.4 1.3743861 0.97337604 1.0425688 0.9215686274509803 47 1.0069187 0.9158926 0.22199357
0.6 0.1 1.1190169 1.0028825 0.5695086 0.9411764705882353 48 1.0123427 0.9258654 0.28392753
0.6 0.45 1.1216227 0.9964471 0.57398796 0.9411764705882353 48 0.9918798 0.91760546 0.2417042
0.55 0.75 1.2864764 1.1501102 0.7078072 0.9215686274509803 47 1.0088857 0.9173589 0.25915635
0.55 0.05 1.4413346 1.0164442 1.1385071 0.9411764705882353 48 0.96454126 0.8940054 0.19336793
0.5 0.8 1.6315887 1.1938653 1.4332886 0.9411764705882353 48 0.9577042 0.86632395 0.18150263
0.5 0.5 1.6180588 1.2033017 1.4647261 0.9411764705882353 48 1.0034205 0.9428792 0.19581686
0.1 0.85 42.577946 12.734018 56.84233 0.8431372549019608 43 1.073834 1.0174689 0.16706143
0.55 0.55 1.4960352 1.1490664 1.1637628 0.9411764705882353 48 0.9823799 0.9298049 0.17944123
0.6 0.5 1.224046 0.98023534 0.69948703 0.9411764705882353 48 0.99704397 0.9268916 0.25980943
0.6 0.3 1.2842668 0.9621074 0.84388614 0.9411764705882353 48 0.96916026 0.9100079 0.2268135
0.6 0.7 1.242337 0.91082114 0.7487878 0.9411764705882353 48 0.9812514 0.9142046 0.24826387
0.65 0.55 1.0964462 0.98501927 0.55612874 0.9607843137254902 49 0.9903571 0.91175723 0.23039366
0.6 0.05 1.2812687 0.98895264 0.8102072 0.9411764705882353 48 0.99131566 0.91964597 0.22489025
0.55 0.15 1.3839376 1.0114604 1.0154808 0.9411764705882353 48 0.974023 0.91289645 0.2107994
0.6 0.65 1.2478878 0.93837035 0.7891377 0.9411764705882353 48 0.9900712 0.94024736 0.23639274
0.6 0.25 1.0930742 0.9909297 0.56735915 0.9607843137254902 49 1.0677079 0.89576805 0.48276502
0.65 0.65 1.1685469 0.9460517 0.6341537 0.9215686274509803 47 1.0033554 0.91459584 0.28363267
0.6 0.6 1.096468 0.957198 0.56785774 0.9607843137254902 49 1.008033 0.9049331 0.3137308
0.6 0.75 1.116253 0.96990263 0.5770122 0.9607843137254902 49 1.0477744 0.9046623 0.4189027
0.15 0.3 4.0380683 3.2391486 2.7154531 0.8431372549019608 43 1.3134902 1.1696823 0.47113386
0.35 0.45 2.1752546 1.5397754 2.0100665 0.9411764705882353 48 1.0361794 0.948804 0.22010897
0.65 0.85 1.1834815 0.93343663 0.66011703 0.9411764705882353 48 0.9946569 0.9025907 0.27350497
0.6 0.35 1.092663 0.98652816 0.5655601 0.9607843137254902 49 0.9931486 0.9073183 0.2658025
0.75 0.05 1.0094461 0.8677902 0.5235366 0.9607843137254902 49 0.9455148 0.90588266 0.11166961
0.65 0.35 1.1205311 0.98089975 0.5496538 0.9607843137254902 49 1.005604 0.9124409 0.25191423
0.6 0.55 1.3398056 1.0283158 0.91868895 0.9411764705882353 48 0.9878912 0.9272269 0.20488034
0.7 0.85 1.0285208 0.86353624 0.54515797 0.9803921568627451 50 0.9316986 0.90123737 0.099161565
0.65 0.4 1.050805 0.87593526 0.54934216 0.9607843137254902 49 0.9814833 0.90111005 0.18684696
0.65 0.9 1.0742449 0.95832336 0.5475692 0.9411764705882353 48 0.95801085 0.9151664 0.15981753
0.6 0.2 1.3361875 1.0061066 0.9163494 0.9411764705882353 48 0.987236 0.93925214 0.20505726
0.65 0.7 1.1425846 0.9831056 0.6049266 0.9411764705882353 48 1.0047426 0.9137881 0.29001006
0.65 0.75 1.1206977 0.93716455 0.573721 0.9607843137254902 49 1.0002501 0.9023316 0.2774455
0.6 0.15 1.3245714 1.0181156 0.8759159 0.9411764705882353 48 0.9886975 0.9449759 0.21477267
0.7 0.9 1.0430241 0.92599714 0.5300655 0.9607843137254902 49 0.9638175 0.9054284 0.15477438
0.65 0.6 1.0407941 0.9160644 0.5565861 0.9411764705882353 48 0.94925576 0.91004014 0.12150758
0.75 0.2 1.0226841 0.881722 0.53048766 0.9411764705882353 48 0.96643716 0.923609 0.1503533
0.75 0.15 1.010988 0.86599433 0.5212342 0.9607843137254902 49 0.9599617 0.9044931 0.13775258
0.65 0.95 1.076576 0.950435 0.54963344 0.9215686274509803 47 1.0663786 0.916235 0.4720155
0.75 0.25 0.9998497 0.8635176 0.5242823 0.9803921568627451 50 0.939027 0.90001154 0.092664115
0.65 0.3 1.0541784 0.9010457 0.5431184 0.9411764705882353 48 0.9614525 0.91124755 0.140888
0.65 0.45 1.1732225 0.9921833 0.6191989 0.9411764705882353 48 1.003745 0.9166795 0.2843918
0.7 0.55 1.014423 0.8662294 0.53709644 0.9607843137254902 49 0.98797065 0.8982438 0.21452808
0.7 0.5 1.0312767 0.9105005 0.5304076 0.9607843137254902 49 0.95029986 0.8912165 0.13806057
0.15 0.1 4.5337787 3.3830419 3.4602098 0.8823529411764706 45 1.1693861 1.1586792 0.19895606
0.5 0.6 1.6013916 1.1817172 1.3998728 0.9411764705882353 48 0.9940871 0.9458815 0.1887027
0.35 0.4 2.3495886 1.616154 2.5460167 0.9215686274509803 47 1.071628 1.0278192 0.21072446
0.15 0.05 5.591733 4.6529837 4.8331203 0.8235294117647058 42 1.1896981 1.1707628 0.23423497
0.75 0.5 1.0044492 0.85547006 0.52028936 0.9607843137254902 49 0.95106685 0.9042103 0.11842148
0.25 0.15 3.2353053 1.876159 4.1210456 0.9411764705882353 48 1.0464936 0.9135906 0.28582203
0.5 0.25 1.6013002 1.1805665 1.3782674 0.9411764705882353 48 0.9867689 0.9444473 0.18493122
0.75 0.45 1.0087639 0.8680791 0.52004045 0.9803921568627451 50 0.9354641 0.90934974 0.09495546
0.55 0.85 1.4687364 1.0789139 1.1965021 0.9411764705882353 48 0.9774696 0.91308784 0.17584881
0.7 0.6 1.0715066 0.9313251 0.54373497 0.9411764705882353 48 1.0041434 0.90023243 0.24277191
0.7 0.65 1.0295646 0.8767718 0.540079 0.9803921568627451 50 0.94586086 0.90387034 0.10294294
0.7 0.95 1.0548785 0.9384152 0.53990036 0.9411764705882353 48 0.9957358 0.9163439 0.19134273
0.7 0.4 1.0277814 0.8763764 0.53646016 0.9411764705882353 48 0.9444326 0.8979058 0.11402669
0.7 0.45 1.0245992 0.86688703 0.54321426 0.9411764705882353 48 0.95995235 0.9190849 0.13534789
0.8 0.45 0.994664 0.8434372 0.5144165 0.9607843137254902 49 0.9464471 0.9320346 0.09643179
0.7 0.7 1.019441 0.8603436 0.5342045 0.9411764705882353 48 0.99444854 0.900221 0.24176627
0.7 1.0 1.034034 0.85646486 0.54191935 0.9607843137254902 49 1.0134091 0.90941036 0.25740647
0.75 0.1 1.0085758 0.863243 0.5268614 0.9803921568627451 50 0.9335375 0.9038141 0.092794225
0.75 0.55 1.0533684 0.95617074 0.5254316 0.9411764705882353 48 0.9807166 0.9216026 0.16276334
0.75 0.65 0.99829024 0.8599262 0.51890856 0.9803921568627451 50 0.93865335 0.90712756 0.09449497
0.75 0.3 1.0086596 0.8825857 0.51892644 0.9607843137254902 49 0.96242094 0.90455014 0.15347779
0.65 1.0 1.0701271 0.9697221 0.54317653 0.9411764705882353 48 1.0740029 0.9076953 0.50275195
0.7 0.35 1.047753 0.97433233 0.5265536 0.9607843137254902 49 0.9650876 0.90013814 0.15583692
0.7 0.3 1.0396247 0.8696611 0.5396108 0.9607843137254902 49 0.94404745 0.91118646 0.11546513
0.7 0.2 1.0480603 0.8757882 0.538305 0.9607843137254902 49 0.9667513 0.9199398 0.14225556
0.4 0.2 1.9452146 1.6113076 1.6703794 0.9411764705882353 48 1.0114474 0.9783021 0.19919305
0.7 0.75 1.0228779 0.86345845 0.5296752 0.9607843137254902 49 0.99238855 0.8972878 0.2513891
0.7 0.25 1.0267999 0.8568793 0.541785 0.9411764705882353 48 0.95828354 0.9101287 0.15008827
0.75 0.35 1.0180719 0.8687757 0.5258042 0.9607843137254902 49 0.93815404 0.9232097 0.09632386
0.8 0.85 0.9969945 0.8701643 0.51116705 0.9411764705882353 48 0.98283017 0.9374054 0.15021756
0.8 0.8 1.0110439 0.9148898 0.51492524 0.9411764705882353 48 1.0000948 0.9337957 0.19581306
0.65 0.8 1.0686266 0.945511 0.542997 0.9411764705882353 48 1.0729463 0.9050238 0.49454114
0.8 0.75 0.99202776 0.853515 0.50086725 0.9803921568627451 50 1.0016345 0.9616041 0.16520977
0.8 0.7 1.0025852 0.87008035 0.50468534 0.9411764705882353 48 0.98064137 0.93023145 0.17096092
0.6 0.8 1.1156938 0.9190245 0.5741883 0.9411764705882353 48 1.0384083 0.918766 0.40857953
0.85 0.8 0.99471486 0.88521075 0.5007476 0.9411764705882353 48 1.0013269 0.93855643 0.19084457
0.85 0.85 0.99311864 0.9185585 0.49296978 0.9607843137254902 49 1.0027099 0.928766 0.20132372
0.85 1.0 0.9809206 0.88505757 0.4921755 0.9607843137254902 49 0.9980357 0.92479825 0.20023863
0.85 0.9 0.99203986 0.859536 0.50693864 0.9215686274509803 47 0.99411833 0.9455027 0.15696675
0.9 0.1 0.9867695 0.8790756 0.49010062 0.9411764705882353 48 1.0323323 0.96922237 0.19337183
0.9 0.15 0.98117435 0.8624755 0.49491915 0.9411764705882353 48 1.0100653 0.951414 0.17758678
0.8 0.9 0.99538755 0.8553649 0.5160664 0.9607843137254902 49 0.9486655 0.93299365 0.096483625
0.75 0.6 1.0207152 0.9297142 0.5237894 0.9607843137254902 49 0.96912324 0.9053513 0.15729327
0.9 0.05 0.9889119 0.9026475 0.49289683 0.9411764705882353 48 1.0102012 0.9481385 0.2010975
0.25 0.2 2.5966516 2.0506635 1.9795066 0.9411764705882353 48 0.99935675 0.90847856 0.20036772
0.2 0.15 2.1346724 1.8271875 1.0626047 0.9215686274509803 47 1.0598269 0.99267006 0.24312104
0.9 0.25 0.9791053 0.8853885 0.4863787 0.9411764705882353 48 1.0196426 0.95753086 0.21778338
0.9 0.9 0.96873605 0.8535059 0.48769164 0.9607843137254902 49 0.9996931 0.9617932 0.17186347
0.75 0.4 1.0103106 0.87730664 0.5252599 0.9803921568627451 50 0.93865794 0.9143324 0.09364926
0.8 1.0 0.9982189 0.88780785 0.5041331 0.9607843137254902 49 0.9863036 0.91821575 0.18967353
0.85 0.6 0.98366916 0.84541035 0.505459 0.9411764705882353 48 0.9657779 0.94108295 0.1090859
0.8 0.95 0.996508 0.89487755 0.50343174 0.9607843137254902 49 0.97959054 0.91531116 0.17621627
0.3 0.35 2.3868225 1.3980572 2.9430144 0.9607843137254902 49 1.1354411 1.1485572 0.25560582
0.9 0.45 0.9808505 0.88355964 0.49144426 0.9411764705882353 48 1.021754 0.9526979 0.21239825
0.9 0.35 0.96943873 0.85789895 0.48838493 0.9803921568627451 50 0.9485923 0.9224608 0.10739097
0.9 0.85 0.9805462 0.8774904 0.49214733 0.9607843137254902 49 1.0012255 0.9370272 0.18630843
0.95 0.4 0.9645295 0.8791567 0.47627646 0.9607843137254902 49 1.0381405 0.98005176 0.21656476
0.95 0.15 0.9568841 0.86314636 0.48178837 0.9411764705882353 48 0.9911709 0.9794693 0.1371954
0.95 0.3 0.97043216 0.87669706 0.4849902 0.9215686274509803 47 1.0505323 0.97485304 0.2191143
0.95 0.7 0.95639026 0.85981154 0.4832182 0.9607843137254902 49 0.98104894 0.94441414 0.14215036
0.95 0.45 0.9722637 0.8661442 0.48550403 0.9411764705882353 48 1.0213535 0.9730097 0.18702406
0.85 0.1 0.99971646 0.8907173 0.50375915 0.9411764705882353 48 0.9979905 0.940509 0.18006289
0.65 0.5 1.1996671 0.91471946 0.7032268 0.9411764705882353 48 0.99720097 0.9223262 0.26288268
0.85 0.2 0.98888314 0.89160025 0.49651188 0.9411764705882353 48 1.0118349 0.94116503 0.20333645
0.8 0.6 0.97925794 0.8523084 0.49476892 0.9607843137254902 49 0.97101754 0.9187394 0.1360833
0.9 0.2 0.9720777 0.86314106 0.48550278 0.9411764705882353 48 1.007893 0.9406228 0.18399031
0.85 0.75 0.9853163 0.84887505 0.5044054 0.9803921568627451 50 0.9618681 0.93233573 0.10363269
0.85 0.95 0.9810953 0.8796934 0.49210718 0.9607843137254902 49 0.989148 0.9314996 0.17880309
0.95 0.6 0.9621798 0.86413157 0.47979456 0.9607843137254902 49 0.99426425 0.9860892 0.13979603
0.95 0.05 0.97061366 0.8652067 0.481734 0.9607843137254902 49 1.0203093 0.9819006 0.19193894
0.9 1.0 0.97250116 0.8571954 0.4921049 0.9607843137254902 49 0.97902644 0.9411249 0.12497277
0.85 0.65 0.98623246 0.8792136 0.49366876 0.9607843137254902 49 0.9999016 0.9323012 0.19094534
0.85 0.5 0.98904264 0.85092664 0.50860226 0.9607843137254902 49 0.95815766 0.9512187 0.09886518
0.9 0.3 0.9738928 0.8508344 0.49520165 0.9803921568627451 50 0.9489772 0.9277836 0.09302547
0.95 0.2 0.95655525 0.86051583 0.48134127 0.9607843137254902 49 0.98452044 0.9803396 0.12624438
0.9 0.95 0.9771036 0.85928255 0.49034277 0.9411764705882353 48 1.0102981 0.95071137 0.17848636
0.95 0.1 0.96137965 0.86520654 0.4821978 0.9411764705882353 48 1.0012385 0.97762275 0.15721682
0.95 0.25 0.9743034 0.87350667 0.48790377 0.9215686274509803 47 1.0294458 0.98287106 0.19664703
0.95 0.35 0.97247237 0.88817894 0.47999159 0.9607843137254902 49 1.0323436 0.97798765 0.22376174
0.95 0.5 0.967717 0.8707657 0.4829774 0.9607843137254902 49 1.0191344 0.9746722 0.19577911
0.9 0.5 0.9698477 0.8588285 0.48715582 0.9607843137254902 49 0.97843015 0.9585054 0.12867874
0.95 0.55 0.97202414 0.8953186 0.479634 0.9411764705882353 48 1.0352163 0.97647643 0.22074264
0.95 0.8 0.9771513 0.8929442 0.4818322 0.9411764705882353 48 1.0260499 0.9782283 0.20180789
1.0 1.0 0.95871294 0.87097514 0.4760915 0.9411764705882353 48 1.0191901 0.98865634 0.17454107
0.1 0.8 42.610077 10.636324 65.04138 0.8431372549019608 43 1.1228602 1.0450996 0.18564823
0.1 0.7 37.74494 11.599523 54.81827 0.8431372549019608 43 1.0899699 1.0283823 0.16412905
0.15 0.75 5.2907495 3.7007997 4.5803843 0.8627450980392157 44 1.1587179 1.1429234 0.15300235
0.85 0.3 0.9866527 0.84274554 0.50632787 0.9411764705882353 48 0.9643949 0.94505656 0.10009071
1.0 0.9 0.9632494 0.88117385 0.4723912 0.9215686274509803 47 1.0502592 0.98904675 0.2238069
1.0 0.85 0.9590107 0.8732711 0.4759454 0.9607843137254902 49 1.0244557 0.97788227 0.1986567
0.95 0.9 0.95277405 0.8664976 0.4814466 0.9411764705882353 48 0.9984778 0.97066045 0.15390503
0.1 0.75 39.38851 11.152887 58.88761 0.8627450980392157 44 1.1052673 1.0327199 0.21167997
0.9 0.6 0.9767214 0.86285496 0.4883735 0.9607843137254902 49 1.0009685 0.9523648 0.17970182
1.0 0.95 0.9597613 0.87115395 0.47583762 0.9411764705882353 48 1.0157312 0.9916185 0.15428314
0.85 0.35 0.9911612 0.9089896 0.4942515 0.9607843137254902 49 1.002893 0.9235027 0.21127905
1.0 0.2 0.96186334 0.87113327 0.47595873 0.9411764705882353 48 1.0214084 0.9949863 0.16723867
1.0 0.35 0.9643815 0.87093365 0.47767842 0.9411764705882353 48 1.0367252 0.99170464 0.1896569
0.85 0.7 0.9910431 0.8629986 0.5033987 0.9215686274509803 47 1.003134 0.94510245 0.17220707
0.8 0.35 0.9995578 0.8548808 0.5175492 0.9607843137254902 49 0.9414943 0.9379064 0.08815755
0.95 0.85 0.9602779 0.86476403 0.48203006 0.9411764705882353 48 0.99733734 0.9749012 0.149989
1.0 0.3 0.96951425 0.8712728 0.4817056 0.9215686274509803 47 1.0322038 0.99115133 0.18999466
0.95 0.95 0.972524 0.86296415 0.48718178 0.9411764705882353 48 1.0147759 0.9747387 0.17217253
1.0 0.15 0.95673144 0.8680743 0.47800663 0.9607843137254902 49 0.97830504 0.9665 0.11807101
1.0 0.1 0.969063 0.87235 0.47679982 0.9411764705882353 48 1.0310303 0.99478734 0.19950579
0.95 1.0 0.9656056 0.88280565 0.47605062 0.9215686274509803 47 1.0509505 0.97295403 0.23807491
0.75 0.85 1.0154756 0.8664472 0.5300238 0.9607843137254902 49 0.94398135 0.9240081 0.096378386
1.0 0.05 0.95736486 0.86472344 0.4781839 0.9607843137254902 49 1.0156447 0.97850573 0.1790696
0.75 0.9 1.0124842 0.8689079 0.5225952 0.9803921568627451 50 0.9474104 0.91124064 0.10474579
1.0 0.4 0.9555241 0.8632376 0.4761029 0.9607843137254902 49 0.9938048 0.98779035 0.13401462
1.0 0.8 0.9685894 0.8826492 0.47562113 0.9411764705882353 48 1.0389327 0.9929534 0.20768578
0.8 0.65 0.99505675 0.8502327 0.5119383 0.9803921568627451 50 0.9424076 0.9178798 0.09065251
0.75 0.7 1.033049 0.9211993 0.52712005 0.9411764705882353 48 0.97673637 0.9298332 0.16803275
1.0 0.75 0.96696556 0.8745009 0.47560158 0.9607843137254902 49 1.0318484 0.9933667 0.18663682
0.75 0.75 1.0146341 0.8680167 0.521333 0.9803921568627451 50 0.9407158 0.916269 0.105595335
0.45 0.3 1.6712586 1.4001476 1.4046202 0.9215686274509803 47 1.0052667 0.9602251 0.20713979
0.75 1.0 1.017939 0.86030054 0.5213584 0.9607843137254902 49 0.95028245 0.9276624 0.09879449
0.8 0.4 0.9917873 0.8519621 0.50821567 0.9803921568627451 50 0.9318573 0.9166553 0.09254114
0.95 0.75 0.96653384 0.86534864 0.4864294 0.9215686274509803 47 1.0119725 0.977334 0.15480483
0.75 0.95 1.0001204 0.8618953 0.505663 0.9803921568627451 50 0.92958134 0.9060091 0.097525455
0.8 0.1 1.0017781 0.909794 0.5093682 0.9607843137254902 49 0.9922528 0.9119284 0.19982217
0.8 0.2 1.0004712 0.9176278 0.5027647 0.9607843137254902 49 0.98946637 0.9174577 0.18588483
0.55 0.8 1.1666435 1.0387672 0.59523654 0.9215686274509803 47 1.0320078 0.8854698 0.38432243
0.95 0.65 0.9675422 0.86901754 0.48517716 0.9411764705882353 48 1.02189 0.96782905 0.17889702
0.75 0.8 1.0170798 0.8849037 0.52686864 0.9607843137254902 49 0.9656744 0.91467893 0.154431
0.3 0.45 2.4575887 1.6912804 2.7966702 0.9607843137254902 49 1.0649452 1.0304 0.27668846
0.8 0.05 0.99529 0.84045887 0.51514155 0.9607843137254902 49 0.96189797 0.91933024 0.11894498
0.3 0.5 1.7623618 1.3152621 1.2507842 0.9607843137254902 49 1.0777793 0.9982395 0.290575
0.8 0.55 1.0019717 0.85544443 0.51580054 0.9607843137254902 49 0.94704235 0.927908 0.106014185
0.9 0.4 0.97301406 0.86008155 0.49726108 0.9215686274509803 47 1.0017313 0.95380795 0.15308225
0.8 0.3 0.99171114 0.8420507 0.5090969 0.9607843137254902 49 0.95975006 0.91791713 0.11666084
0.9 0.8 0.97949 0.8881757 0.48593888 0.9607843137254902 49 1.009105 0.95065117 0.19924323
0.85 0.15 0.9963648 0.89581823 0.5001186 0.9411764705882353 48 0.9975805 0.9440509 0.18439801
0.8 0.15 1.0006206 0.8479561 0.51656026 0.9411764705882353 48 0.9701583 0.93105936 0.12198312
0.8 0.25 0.99426794 0.84781 0.50944805 0.9607843137254902 49 0.9378945 0.9142488 0.10632079
0.85 0.05 0.9875169 0.84449685 0.50689584 0.9411764705882353 48 0.9786499 0.94407254 0.13181598
0.9 0.75 0.9708007 0.85734653 0.48836392 0.9607843137254902 49 0.988982 0.95458114 0.13474004
0.85 0.45 0.9760474 0.87382215 0.48637846 0.9607843137254902 49 0.98748666 0.9226135 0.1769381
1.0 0.65 0.960865 0.87066853 0.47542515 0.9411764705882353 48 1.0290463 0.99121606 0.1849734
0.85 0.4 0.99695176 0.88943064 0.50276184 0.9411764705882353 48 1.0007102 0.9437616 0.19089007
0.9 0.7 0.9862362 0.89796203 0.49221 0.9411764705882353 48 1.0158045 0.9557024 0.20191003
0.85 0.25 0.9949115 0.8753134 0.50085074 0.9411764705882353 48 0.9989314 0.94642484 0.18651125
0.9 0.65 0.9692381 0.8561633 0.4916098 0.9607843137254902 49 0.9644564 0.93453366 0.11659359
0.9 0.55 0.97839355 0.85942626 0.49279714 0.9607843137254902 49 1.008259 0.95702296 0.17569351
1.0 0.55 0.9619335 0.8669642 0.4782704 0.9411764705882353 48 1.0150931 0.991779 0.17478946
1.0 0.6 0.9712923 0.8770329 0.47752622 0.9215686274509803 47 1.0440452 0.9874139 0.21429878
0.85 0.55 0.9956316 0.9179455 0.49323633 0.9411764705882353 48 1.0044405 0.928241 0.20284355
1.0 0.5 0.9639019 0.871012 0.47526672 0.9411764705882353 48 1.035015 0.9965918 0.18091162
1.0 0.7 0.9578149 0.87553006 0.47447455 0.9215686274509803 47 1.0478746 0.9884677 0.2256825
1.0 0.45 0.95986855 0.86941063 0.47687984 0.9411764705882353 48 1.0216081 0.9923069 0.17891628
1.0 0.25 0.9564689 0.8712115 0.47485694 0.9411764705882353 48 1.0219548 0.9918058 0.16922025