0.05 0.05 4.350548 4.205675 1.841241 0.941176 48 1.275629 1.023460 0.555153
0.05 0.10 4.541488 4.236732 1.806891 0.921569 47 1.311521 1.036863 0.526498
0.05 0.15 4.488108 4.305622 1.795750 0.941176 48 1.310039 1.018561 0.563304
0.05 0.20 4.424670 4.112259 1.674854 0.921569 47 1.307181 1.047310 0.526660
0.05 0.25 4.363115 4.090907 1.878309 0.901961 46 1.330410 1.057648 0.567607
0.05 0.30 4.414220 4.159349 1.802446 0.921569 47 1.282623 0.988462 0.538750
0.05 0.35 4.266175 3.727269 1.861190 0.960784 49 1.287392 1.052464 0.518104
0.05 0.40 4.479708 4.183192 1.674488 0.882353 45 1.318620 1.046893 0.570866
0.05 0.45 4.481562 4.128657 1.837211 0.941176 48 1.285222 1.037283 0.499924
0.05 0.50 4.354512 4.127739 1.873074 0.921569 47 1.315595 1.020812 0.601599
0.05 0.55 4.434892 4.230789 1.759737 0.921569 47 1.316686 1.068314 0.521054
0.05 0.60 4.362869 3.753537 1.797853 0.901961 46 1.324752 1.010090 0.605786
0.05 0.65 4.484944 4.277505 1.775138 0.941176 48 1.300576 1.002025 0.556620
0.05 0.70 4.365503 4.103300 1.851140 0.901961 46 1.312946 1.030618 0.533815
0.05 0.75 4.490434 4.256328 1.829092 0.941176 48 1.275447 1.039040 0.526007
0.05 0.80 4.504415 4.025639 1.774224 0.921569 47 1.322384 1.034599 0.579569
0.05 0.85 4.469253 3.991490 1.871763 0.921569 47 1.304422 0.993629 0.559998
0.05 0.90 4.408167 3.951252 1.750577 0.921569 47 1.315314 1.038751 0.555699
0.05 0.95 4.377753 3.975810 1.887396 0.941176 48 1.316466 1.057435 0.543616
0.05 1.00 4.361824 3.924528 1.820545 0.901961 46 1.295370 1.015911 0.535683
0.10 0.05 3.705067 3.947996 1.901948 0.803922 41 1.332971 1.093829 0.619539
0.10 0.10 3.632071 3.703092 1.961688 0.803922 41 1.318618 1.148195 0.607510
0.10 0.15 3.622942 3.903783 1.965198 0.803922 41 1.375664 1.178162 0.619246
0.10 0.20 3.748173 3.955673 2.038858 0.803922 41 1.317076 1.205569 0.537345
0.10 0.25 3.618715 3.817747 1.958136 0.803922 41 1.232764 1.150654 0.475999
0.10 0.30 3.658253 3.912237 2.012653 0.823529 42 1.409842 1.140049 0.906162
0.10 0.35 3.570825 3.955614 1.951254 0.803922 41 1.354830 1.143964 0.652234
0.10 0.40 3.640452 3.986007 1.936597 0.823529 42 1.378206 1.155601 0.812770
0.10 0.45 3.705946 4.091327 2.004484 0.823529 42 1.310350 1.156884 0.592725
0.10 0.50 3.711679 3.993391 1.965245 0.823529 42 1.302208 1.131098 0.542396
0.10 0.55 3.696731 3.899682 1.947215 0.843137 43 1.291044 1.122476 0.583062
0.10 0.60 3.603633 3.837756 1.930296 0.803922 41 1.316647 1.144817 0.697754
0.10 0.65 3.650251 3.775536 1.986661 0.823529 42 1.373916 1.158221 0.712733
0.10 0.70 3.686015 4.002855 1.958215 0.803922 41 1.271991 1.096316 0.507475
0.10 0.75 3.616128 3.804402 1.975072 0.843137 43 1.377283 1.138929 0.754723
0.10 0.80 3.561208 3.836474 1.851420 0.823529 42 1.313376 1.116254 0.620902
0.10 0.85 3.557254 3.816964 1.923439 0.803922 41 1.277344 1.125072 0.543452
0.10 0.90 3.591965 3.932730 1.904505 0.823529 42 1.275753 1.102602 0.540371
0.10 0.95 3.567479 3.820006 1.956682 0.843137 43 1.292569 1.108356 0.546486
0.10 1.00 3.593039 3.892062 1.943131 0.803922 41 1.312577 1.119367 0.623471
0.15 0.05 2.072218 2.117091 0.636279 0.882353 45 1.106978 1.128257 0.236756
0.15 0.10 1.874340 1.914365 0.441440 0.901961 46 1.051855 1.100349 0.145070
0.15 0.15 1.795024 1.856140 0.575570 0.941176 48 1.070535 1.046519 0.210928
0.15 0.20 2.130712 1.960689 0.674616 0.901961 46 1.108089 1.129180 0.228352
0.15 0.25 2.005044 1.953143 0.693261 0.921569 47 1.142105 1.136408 0.225842
0.15 0.30 1.882947 1.844788 0.591997 0.901961 46 1.145634 1.139119 0.249952
0.15 0.35 1.943619 1.836370 0.568729 0.941176 48 1.032964 0.981045 0.202960
0.15 0.40 1.910651 2.005531 0.516815 0.901961 46 1.099190 1.129486 0.199935
0.15 0.45 1.812686 1.834735 0.444917 0.941176 48 1.060997 1.105890 0.176956
0.15 0.50 2.150929 2.180651 0.814561 0.901961 46 1.106203 1.141163 0.179163
0.15 0.55 1.917261 1.927979 0.652928 0.941176 48 1.068804 1.040744 0.233564
0.15 0.60 2.049460 1.870454 0.752976 0.941176 48 1.071810 1.068745 0.161576
0.15 0.65 1.840302 1.880163 0.500869 0.960784 49 1.028685 1.003234 0.178711
0.15 0.70 2.138614 1.908028 0.718726 0.941176 48 1.150773 1.105202 0.247134
0.15 0.75 1.831064 1.844608 0.499550 0.960784 49 1.083255 1.087132 0.199158
0.15 0.80 1.876519 1.883736 0.706223 0.960784 49 1.083879 1.060310 0.218099
0.15 0.85 2.007178 1.940493 0.717256 0.921569 47 1.098975 1.107411 0.180998
0.15 0.90 1.956343 2.084755 0.674531 0.921569 47 1.081559 1.111036 0.230197
0.15 0.95 1.924626 1.866891 0.645247 0.921569 47 1.062871 1.108770 0.168161
0.15 1.00 1.972106 1.933935 0.637479 0.921569 47 1.123861 1.131481 0.237464
0.20 0.05 2.182053 2.101456 1.026764 0.901961 46 1.124462 0.928723 0.483470
0.20 0.10 2.136767 1.825043 1.025575 0.921569 47 1.134356 0.973345 0.416951
0.20 0.15 2.035556 2.248429 0.999012 0.921569 47 1.043770 0.878403 0.345273
0.20 0.20 1.933625 1.824005 0.834862 0.941176 48 1.173769 0.979134 0.419224
0.20 0.25 2.152168 2.221394 0.965960 0.882353 45 1.135591 0.947656 0.475310
0.20 0.30 2.257078 2.128502 0.859647 0.882353 45 1.071379 1.005042 0.229952
0.20 0.35 1.969103 1.881875 0.930092 0.901961 46 1.185100 0.915242 0.571878
0.20 0.40 2.246074 2.357912 0.967055 0.882353 45 1.045397 0.901386 0.295932
0.20 0.45 2.271354 2.468828 0.994961 0.901961 46 1.100094 0.910632 0.350511
0.20 0.50 2.113387 2.007610 1.055806 0.921569 47 1.175726 0.906277 0.604740
0.20 0.55 2.251169 2.360508 0.963116 0.901961 46 1.076505 0.945832 0.312562
0.20 0.60 2.452257 2.448414 1.122642 0.901961 46 1.040442 0.954561 0.243263
0.20 0.65 2.118246 2.041564 0.929189 0.882353 45 1.174557 0.935111 0.593765
0.20 0.70 2.337113 2.120210 0.995227 0.921569 47 1.054257 0.915176 0.245161
0.20 0.75 1.923855 1.936732 0.795658 0.921569 47 1.182525 1.027513 0.491848
0.20 0.80 1.929404 1.689414 0.975365 0.921569 47 1.181332 0.908663 0.616768
0.20 0.85 2.390384 2.346100 1.126694 0.901961 46 1.028708 0.917300 0.261268
0.20 0.90 1.953959 1.865606 1.027827 0.921569 47 1.173557 0.871109 0.637059
0.20 0.95 2.368959 2.462082 1.180002 0.941176 48 1.062137 0.943496 0.260447
0.20 1.00 2.353782 2.424438 1.129641 0.901961 46 1.029294 0.913544 0.264785
0.25 0.05 2.024720 1.960923 0.995444 0.921569 47 1.055217 0.931435 0.262217
0.25 0.10 1.981891 2.209730 1.058242 0.941176 48 0.999404 0.920697 0.210891
0.25 0.15 2.013377 2.279512 1.042795 0.941176 48 0.977128 0.873095 0.207816
0.25 0.20 1.898577 1.751709 1.029954 0.882353 45 1.061550 0.941975 0.268551
0.25 0.25 1.965322 1.744492 1.110737 0.921569 47 0.993064 0.922773 0.194128
0.25 0.30 1.837709 1.831337 0.921477 0.941176 48 1.046099 0.924654 0.299108
0.25 0.35 1.915481 1.654879 1.069457 0.941176 48 0.976199 0.869895 0.215121
0.25 0.40 1.900663 1.661805 1.053212 0.921569 47 0.989647 0.891042 0.204906
0.25 0.45 1.987783 1.809867 1.107905 0.921569 47 0.998348 0.926153 0.198821
0.25 0.50 1.870931 1.607649 1.079454 0.960784 49 1.002174 0.871366 0.220882
0.25 0.55 2.014610 1.868782 0.985840 0.921569 47 0.971759 0.894301 0.188752
0.25 0.60 1.916082 1.450980 1.100931 0.901961 46 1.097542 1.005347 0.331400
0.25 0.65 1.948489 1.737222 1.029366 0.921569 47 1.046965 0.952547 0.221634
0.25 0.70 1.920678 1.684230 0.978993 0.921569 47 1.006117 0.892389 0.218396
0.25 0.75 1.793155 1.479060 0.925666 0.921569 47 0.944458 0.912977 0.140432
0.25 0.80 1.808671 1.594132 0.888968 0.960784 49 0.924807 0.852661 0.185473
0.25 0.85 1.952112 1.859105 1.083389 0.941176 48 0.999140 0.935669 0.185880
0.25 0.90 1.739311 1.697799 0.914867 0.960784 49 0.935544 0.856583 0.159086
0.25 0.95 1.854665 1.620885 1.082189 0.941176 48 0.991663 0.895205 0.211569
0.25 1.00 1.980053 2.014022 1.085722 0.941176 48 0.994463 0.885839 0.216929
0.30 0.05 1.760702 1.924767 0.722504 0.921569 47 1.003393 0.878402 0.263129
0.30 0.10 1.883404 1.837416 0.924704 0.921569 47 0.993581 0.863465 0.275823
0.30 0.15 1.736113 1.617389 0.801538 0.921569 47 1.028972 0.902933 0.294206
0.30 0.20 1.524964 1.445016 0.625883 0.921569 47 1.054733 0.932244 0.305154
0.30 0.25 1.628618 1.460153 0.691602 0.921569 47 1.023719 0.899410 0.279256
0.30 0.30 1.715375 1.691131 0.739067 0.921569 47 1.016506 0.877463 0.276623
0.30 0.35 1.785950 1.521462 0.889474 0.921569 47 0.997306 0.899816 0.269492
0.30 0.40 1.831832 1.853317 0.809621 0.921569 47 1.029864 0.876723 0.345978
0.30 0.45 1.693677 1.379015 0.850011 0.921569 47 1.040668 0.899831 0.352878
0.30 0.50 1.816291 1.481316 0.913559 0.901961 46 0.995872 0.904342 0.237570
0.30 0.55 1.737983 1.420176 0.907314 0.921569 47 0.957452 0.912097 0.154974
0.30 0.60 1.601757 1.481046 0.736602 0.921569 47 1.042197 0.968016 0.301298
0.30 0.65 1.575950 1.528389 0.689127 0.941176 48 0.989811 0.929511 0.197551
0.30 0.70 1.678851 1.596127 0.718001 0.921569 47 1.046141 0.909730 0.347998
0.30 0.75 1.823190 1.813765 0.860117 0.921569 47 1.010987 0.924363 0.262777
0.30 0.80 1.733197 1.545637 0.768970 0.921569 47 1.030304 0.884178 0.310872
0.30 0.85 1.744365 1.578337 0.898633 0.921569 47 1.047617 0.933396 0.308347
0.30 0.90 1.648290 1.595186 0.787275 0.921569 47 1.034815 0.948297 0.289614
0.30 0.95 1.715151 1.631858 0.764835 0.921569 47 1.043095 0.876567 0.339083
0.30 1.00 1.601063 1.389439 0.730846 0.921569 47 1.049541 0.931496 0.329189
0.35 0.05 1.361323 1.224753 0.645970 0.921569 47 1.001059 0.914759 0.208520
0.35 0.10 1.396576 1.311889 0.604185 0.941176 48 0.997944 0.902362 0.220318
0.35 0.15 1.392529 1.222625 0.647591 0.921569 47 0.996039 0.906075 0.212147
0.35 0.20 1.375554 1.250863 0.653570 0.921569 47 0.998533 0.893950 0.216776
0.35 0.25 1.417573 1.334920 0.665084 0.921569 47 1.024056 0.912604 0.226507
0.35 0.30 1.393351 1.315480 0.647081 0.921569 47 1.028803 0.902124 0.234519
0.35 0.35 1.437883 1.334699 0.669024 0.921569 47 1.069999 0.945394 0.268217
0.35 0.40 1.416775 1.219908 0.721035 0.921569 47 0.988435 0.929354 0.195561
0.35 0.45 1.444221 1.237823 0.720684 0.901961 46 1.002855 0.910399 0.230652
0.35 0.50 1.361874 1.268482 0.626838 0.921569 47 1.054031 0.927885 0.267135
0.35 0.55 1.400544 1.277584 0.658736 0.921569 47 1.014835 0.930307 0.220055
0.35 0.60 1.425812 1.332306 0.652745 0.921569 47 1.058500 0.897587 0.285231
0.35 0.65 1.318789 1.322968 0.548991 0.941176 48 1.042266 0.902866 0.244644
0.35 0.70 1.379547 1.256440 0.624351 0.921569 47 0.996251 0.904951 0.207886
0.35 0.75 1.311168 1.199868 0.605373 0.921569 47 1.005033 0.899277 0.216183
0.35 0.80 1.390474 1.276531 0.625434 0.921569 47 0.999573 0.918806 0.211638
0.35 0.85 1.505159 1.214781 0.898140 0.921569 47 0.971366 0.914777 0.180437
0.35 0.90 1.282576 1.202256 0.572733 0.921569 47 1.026769 0.906515 0.228681
0.35 0.95 1.397593 1.315995 0.655819 0.921569 47 1.064120 0.949284 0.265946
0.35 1.00 1.398253 1.339984 0.653766 0.921569 47 1.057033 0.909988 0.279657
0.40 0.05 1.357453 1.138659 0.662761 0.901961 46 1.064447 0.962559 0.254693
0.40 0.10 1.368882 1.133240 0.698206 0.901961 46 1.057404 0.973202 0.246783
0.40 0.15 1.345353 1.115249 0.626000 0.921569 47 1.066223 0.965507 0.269017
0.40 0.20 1.298617 1.081868 0.626026 0.921569 47 1.073013 0.970565 0.266814
0.40 0.25 1.314471 1.109571 0.609257 0.921569 47 1.057082 0.968454 0.245179
0.40 0.30 1.359157 1.118518 0.652469 0.901961 46 1.077208 0.969687 0.276068
0.40 0.35 1.344662 1.129603 0.642917 0.901961 46 1.077135 0.965776 0.268919
0.40 0.40 1.329351 1.090855 0.663880 0.921569 47 1.072608 0.970964 0.271537
0.40 0.45 1.362702 1.149770 0.604347 0.921569 47 1.026965 0.963615 0.228753
0.40 0.50 1.351146 1.095228 0.656050 0.921569 47 1.068486 0.966006 0.267870
0.40 0.55 1.368653 1.158716 0.660255 0.921569 47 1.066444 0.964818 0.270885
0.40 0.60 1.330181 1.070958 0.674505 0.921569 47 1.064189 0.961936 0.267105
0.40 0.65 1.339191 1.130315 0.626579 0.921569 47 1.061512 0.963181 0.255670
0.40 0.70 1.336505 1.130326 0.628226 0.941176 48 1.065636 0.972372 0.266674
0.40 0.75 1.345601 1.123126 0.635719 0.921569 47 1.079836 0.973360 0.282016
0.40 0.80 1.296174 1.076606 0.596609 0.901961 46 1.084343 0.974710 0.272119
0.40 0.85 1.351927 1.125448 0.646580 0.921569 47 1.069288 0.974345 0.258778
0.40 0.90 1.365876 1.145516 0.651205 0.921569 47 1.069444 0.968769 0.273450
0.40 0.95 1.337959 1.109866 0.632732 0.901961 46 1.078362 0.972532 0.277297
0.40 1.00 1.312721 1.086442 0.592215 0.921569 47 1.032711 0.967105 0.229304
0.45 0.05 1.168513 1.130093 0.558899 0.901961 46 1.099289 0.978801 0.294711
0.45 0.10 1.155978 1.117495 0.563085 0.921569 47 1.100674 0.963157 0.299393
0.45 0.15 1.156722 1.123615 0.559610 0.941176 48 1.079853 0.968841 0.286442
0.45 0.20 1.164181 1.127826 0.567227 0.921569 47 1.097909 0.964698 0.306299
0.45 0.25 1.162987 1.077540 0.557800 0.901961 46 1.101669 0.975206 0.294571
0.45 0.30 1.165609 1.077282 0.562185 0.941176 48 1.086862 0.971839 0.284278
0.45 0.35 1.177958 1.124450 0.569328 0.921569 47 1.103979 0.973832 0.301244
0.45 0.40 1.159287 1.114640 0.551281 0.901961 46 1.096855 0.973025 0.293585
0.45 0.45 1.151212 1.125536 0.552872 0.921569 47 1.097422 0.966978 0.296015
0.45 0.50 1.167698 1.100941 0.561719 0.901961 46 1.125166 0.970280 0.334898
0.45 0.55 1.167072 1.124835 0.555768 0.921569 47 1.094236 0.968993 0.297211
0.45 0.60 1.165156 1.106114 0.561008 0.901961 46 1.112608 0.973619 0.315175
0.45 0.65 1.176410 1.096148 0.564735 0.901961 46 1.113103 0.971670 0.324391
0.45 0.70 1.155167 1.078663 0.562270 0.901961 46 1.094192 0.969894 0.282926
0.45 0.75 1.150757 1.116148 0.543571 0.921569 47 1.098911 0.968839 0.291554
0.45 0.80 1.161498 1.085638 0.548613 0.901961 46 1.112927 0.967008 0.319707
0.45 0.85 1.165134 1.116947 0.572174 0.921569 47 1.093842 0.963777 0.302948
0.45 0.95 1.148861 1.119589 0.551243 0.921569 47 1.074354 0.974305 0.276458
0.45 1.00 1.160834 1.125093 0.561130 0.901961 46 1.106302 0.971187 0.312363
0.50 0.05 1.086075 1.047094 0.535597 0.941176 48 1.060618 0.923420 0.267574
0.50 0.10 1.082654 1.050433 0.529006 0.941176 48 1.050582 0.922925 0.251045
0.50 0.15 1.094585 1.056971 0.540506 0.941176 48 1.052748 0.927050 0.250997
0.50 0.20 1.088917 1.050345 0.539160 0.941176 48 1.058062 0.934477 0.260536
0.50 0.25 1.073951 1.040108 0.526540 0.941176 48 1.057035 0.927442 0.261158
0.50 0.30 1.077867 1.046045 0.525754 0.941176 48 1.054375 0.930781 0.251768
0.50 0.35 1.092869 1.047109 0.530240 0.941176 48 1.052290 0.938312 0.249715
0.50 0.40 1.078956 1.053160 0.527950 0.941176 48 1.050900 0.931241 0.248905
0.50 0.45 1.070743 1.046715 0.521788 0.941176 48 1.048465 0.923557 0.247699
0.50 0.50 1.076321 1.047903 0.527476 0.941176 48 1.049252 0.915125 0.255348
0.50 0.55 1.087694 1.045617 0.540037 0.941176 48 1.053664 0.931531 0.249298
0.50 0.60 1.081983 1.038317 0.532661 0.941176 48 1.053008 0.922777 0.254132
0.50 0.65 1.078005 1.046591 0.529008 0.941176 48 1.057201 0.925625 0.265905
0.50 0.70 1.095041 1.057860 0.545176 0.941176 48 1.050882 0.915286 0.253969
0.50 0.75 1.095293 1.041681 0.548686 0.941176 48 1.053835 0.916842 0.257073
0.50 0.80 1.087932 1.039256 0.539115 0.941176 48 1.054856 0.928654 0.252998
0.50 0.85 1.089868 1.033564 0.542904 0.941176 48 1.057235 0.934262 0.253440
0.50 0.90 1.078234 1.048362 0.525057 0.941176 48 1.051587 0.932457 0.247838
0.50 0.95 1.074083 1.050982 0.521726 0.941176 48 1.048253 0.922085 0.244466
0.50 1.00 1.085737 1.054386 0.532212 0.941176 48 1.055085 0.927408 0.258053
0.55 0.05 1.078211 1.015271 0.501448 0.941176 48 1.006626 0.941548 0.176585
0.55 0.10 1.069890 1.022338 0.503941 0.941176 48 1.010730 0.941409 0.177390
0.55 0.15 1.073425 1.003984 0.507337 0.941176 48 1.008619 0.943822 0.171764
0.55 0.20 1.063422 1.003252 0.505097 0.941176 48 1.012535 0.944133 0.171688
0.55 0.25 1.062214 1.025866 0.507632 0.941176 48 1.012180 0.940999 0.172120
0.55 0.30 1.072877 1.016788 0.502828 0.941176 48 1.009518 0.942203 0.174861
0.55 0.35 1.060934 1.021100 0.506721 0.941176 48 1.015848 0.940909 0.176311
0.55 0.40 1.059209 0.997840 0.510267 0.941176 48 1.017697 0.944126 0.176232
0.55 0.50 1.067712 1.016531 0.506288 0.941176 48 1.007399 0.943368 0.167166
0.55 0.55 1.080247 1.033824 0.499636 0.941176 48 1.009035 0.943575 0.177389
0.55 0.60 1.063075 1.021790 0.510513 0.941176 48 1.009651 0.942287 0.168257
0.55 0.65 1.072351 1.007422 0.500540 0.941176 48 1.008110 0.945066 0.176915
0.55 0.70 1.070893 1.000248 0.499830 0.941176 48 1.009691 0.948321 0.175206
0.55 0.75 1.062714 1.018474 0.509072 0.941176 48 1.014812 0.944235 0.175171
0.55 0.80 1.072581 1.014125 0.504071 0.941176 48 1.009145 0.944170 0.179808
0.55 0.85 1.072955 1.010128 0.502364 0.941176 48 1.003844 0.942842 0.171386
0.55 0.90 1.077407 1.022879 0.499360 0.941176 48 1.008091 0.946141 0.177877
0.55 0.95 1.074736 1.031954 0.506420 0.941176 48 1.008854 0.939591 0.169281
0.55 1.00 1.078808 1.022314 0.501542 0.941176 48 1.004490 0.944068 0.173541
0.60 0.05 1.064959 1.022473 0.489793 0.941176 48 0.983648 0.950036 0.151871
0.60 0.10 1.069198 1.021431 0.490744 0.941176 48 0.976243 0.939643 0.147682
0.60 0.15 1.064634 1.019387 0.491878 0.941176 48 0.981749 0.953330 0.146302
0.60 0.20 1.064838 1.022814 0.490776 0.941176 48 0.984593 0.946560 0.151480
0.60 0.25 1.062386 1.015461 0.490424 0.941176 48 0.988913 0.971011 0.151174
0.60 0.30 1.068750 1.024858 0.490296 0.941176 48 0.979783 0.929990 0.150748
0.60 0.35 1.065973 1.019383 0.488702 0.941176 48 0.983975 0.943229 0.152366
0.60 0.40 1.061760 1.012723 0.492409 0.941176 48 0.983660 0.941132 0.148739
0.60 0.45 1.066972 1.022274 0.493458 0.941176 48 0.983778 0.956567 0.148459
0.60 0.50 1.066883 1.011245 0.493276 0.941176 48 0.978063 0.937935 0.147965
0.60 0.55 1.060998 1.015239 0.490719 0.941176 48 0.983857 0.932569 0.155459
0.60 0.60 1.063871 1.014086 0.492491 0.941176 48 0.984066 0.950078 0.150685
0.60 0.65 1.063065 1.016462 0.490381 0.941176 48 0.982193 0.937518 0.150798
0.60 0.70 1.062982 1.021548 0.491250 0.941176 48 0.986746 0.948847 0.152761
0.60 0.75 1.067433 1.019571 0.491656 0.941176 48 0.979607 0.939042 0.150526
0.60 0.85 1.066519 1.029442 0.490514 0.941176 48 0.982093 0.938940 0.150670
0.60 0.90 1.066957 1.014306 0.492726 0.941176 48 0.985374 0.958776 0.148751
0.60 0.95 1.064884 1.020131 0.491332 0.941176 48 0.981105 0.937427 0.148898
0.60 1.00 1.065945 1.024688 0.491831 0.941176 48 0.982286 0.946292 0.150363
0.65 0.05 1.069468 1.032894 0.487945 0.960784 49 0.976480 0.936158 0.145489
0.65 0.10 1.071125 1.032433 0.488340 0.960784 49 0.980980 0.938804 0.149352
0.65 0.15 1.063384 1.034439 0.489163 0.960784 49 0.980486 0.944821 0.148085
0.65 0.20 1.063843 1.030800 0.487920 0.960784 49 0.978315 0.933287 0.150206
0.65 0.25 1.069617 1.028418 0.489464 0.960784 49 0.975023 0.940753 0.143568
0.65 0.30 1.066255 1.027899 0.488332 0.960784 49 0.979638 0.946810 0.149724
0.65 0.35 1.066943 1.032609 0.486276 0.960784 49 0.979190 0.940952 0.149052
0.65 0.40 1.072409 1.034406 0.488963 0.960784 49 0.975759 0.942956 0.140536
0.65 0.45 1.063885 1.029036 0.484842 0.960784 49 0.980418 0.941559 0.147304
0.65 0.50 1.066770 1.031736 0.487980 0.960784 49 0.978627 0.940283 0.150762
0.65 0.55 1.068562 1.029159 0.485260 0.960784 49 0.978639 0.939895 0.146201
0.65 0.60 1.066168 1.029090 0.487470 0.960784 49 0.977246 0.935721 0.148052
0.65 0.65 1.066602 1.028918 0.486168 0.960784 49 0.978115 0.944241 0.146961
0.65 0.70 1.067606 1.030065 0.488545 0.960784 49 0.983244 0.946159 0.151596
0.65 0.75 1.069340 1.034054 0.488250 0.960784 49 0.975570 0.941716 0.145681
0.65 0.80 1.066154 1.031638 0.488883 0.960784 49 0.974717 0.935168 0.148479
0.65 0.85 1.071567 1.029658 0.490386 0.960784 49 0.977022 0.941100 0.145873
0.65 0.90 1.064686 1.023970 0.488085 0.960784 49 0.976739 0.936478 0.149144
0.65 0.95 1.065111 1.031518 0.486248 0.960784 49 0.980279 0.944111 0.147013
0.65 1.00 1.064213 1.031317 0.490070 0.960784 49 0.974048 0.939425 0.146053
0.70 0.05 1.059252 1.013405 0.489501 0.960784 49 0.981696 0.967098 0.149243
0.70 0.10 1.060072 1.018250 0.488375 0.960784 49 0.981956 0.968384 0.147857
0.70 0.15 1.058798 1.017209 0.491137 0.960784 49 0.982676 0.974908 0.147918
0.70 0.20 1.059447 1.016541 0.488328 0.960784 49 0.982823 0.968120 0.148743
0.70 0.25 1.057745 1.015742 0.488903 0.960784 49 0.984426 0.979064 0.148269
0.70 0.30 1.057206 1.017928 0.486725 0.960784 49 0.982123 0.970475 0.150344
0.70 0.35 1.056521 1.014516 0.486856 0.960784 49 0.983274 0.972554 0.148208
0.70 0.45 1.057160 1.015966 0.488793 0.960784 49 0.980674 0.974370 0.147579
0.70 0.50 1.060613 1.018632 0.488843 0.960784 49 0.979442 0.967541 0.146540
0.70 0.55 1.060547 1.016085 0.486368 0.960784 49 0.979387 0.966477 0.146386
0.70 0.60 1.059176 1.017335 0.489813 0.960784 49 0.982312 0.971050 0.148625
0.70 0.65 1.057680 1.016838 0.488810 0.960784 49 0.981870 0.971745 0.148922
0.70 0.70 1.058546 1.013931 0.485921 0.960784 49 0.982191 0.969657 0.148980
0.70 0.75 1.059623 1.016838 0.486419 0.960784 49 0.981494 0.970370 0.145754
0.70 0.80 1.062714 1.015782 0.489637 0.960784 49 0.980227 0.967641 0.147469
0.70 0.85 1.057895 1.011447 0.489406 0.960784 49 0.981920 0.972769 0.148012
0.70 0.90 1.058094 1.014954 0.487416 0.960784 49 0.982983 0.973268 0.148838
0.70 0.95 1.058597 1.014389 0.488639 0.960784 49 0.981914 0.968725 0.148708
0.70 1.00 1.060509 1.015145 0.488466 0.960784 49 0.982875 0.973396 0.147159
0.75 0.05 1.048669 0.995888 0.486767 0.960784 49 0.988154 0.987803 0.141751
0.75 0.10 1.047077 0.997690 0.487990 0.960784 49 0.989607 0.989779 0.146216
0.75 0.15 1.046632 0.996645 0.486769 0.960784 49 0.989220 0.993962 0.143428
0.75 0.20 1.046886 0.995004 0.485219 0.960784 49 0.990255 0.992185 0.142011
0.75 0.25 1.046312 0.999240 0.487106 0.960784 49 0.986946 0.983757 0.147192
0.75 0.30 1.046799 0.998657 0.486797 0.960784 49 0.987060 0.988163 0.144947
0.75 0.35 1.050903 0.998195 0.482328 0.960784 49 0.993920 0.985261 0.140672
0.75 0.40 1.046827 0.995769 0.488165 0.960784 49 0.987939 0.992977 0.145312
0.75 0.45 1.046363 0.995814 0.487227 0.960784 49 0.988511 0.983741 0.145086
0.75 0.55 1.046357 0.995600 0.484603 0.960784 49 0.991071 0.986714 0.141374
0.75 0.60 1.045426 0.996165 0.486610 0.960784 49 0.988024 0.987952 0.142972
0.75 0.65 1.048126 0.994680 0.481789 0.960784 49 0.994666 0.990057 0.142349
0.75 0.70 1.049098 0.997362 0.485516 0.960784 49 0.992457 0.993450 0.141719
0.75 0.75 1.047902 0.994565 0.488069 0.960784 49 0.985446 0.986808 0.144473
0.75 0.80 1.045767 0.993784 0.487160 0.960784 49 0.985561 0.984287 0.145671
0.75 0.85 1.048014 0.995375 0.488743 0.960784 49 0.987216 0.992955 0.144029
0.75 0.90 1.046174 0.996344 0.487968 0.960784 49 0.986964 0.987716 0.147096
0.75 0.95 1.048911 0.998108 0.485449 0.960784 49 0.990665 0.989877 0.140807
0.75 1.00 1.045559 0.995481 0.486571 0.960784 49 0.984384 0.982371 0.144820
0.80 0.05 1.039646 0.977056 0.480627 0.960784 49 0.998139 0.993142 0.138354
0.80 0.10 1.036613 0.977873 0.485968 0.960784 49 0.993077 0.998380 0.143011
0.80 0.15 1.037638 0.977060 0.482478 0.960784 49 0.995966 0.995370 0.140496
0.80 0.20 1.040656 0.978654 0.483054 0.960784 49 0.995092 0.995411 0.135195
0.80 0.25 1.036820 0.975432 0.483671 0.960784 49 0.997397 0.998226 0.141514
0.80 0.30 1.039381 0.975765 0.484330 0.960784 49 0.995918 0.999355 0.139254
0.80 0.35 1.037105 0.973601 0.483492 0.960784 49 0.996524 0.993208 0.138476
0.80 0.40 1.037657 0.975863 0.486863 0.960784 49 0.991680 0.990791 0.142243
0.80 0.45 1.038755 0.976571 0.483109 0.960784 49 0.995700 0.997558 0.138034
0.80 0.50 1.039385 0.977777 0.479161 0.960784 49 0.998001 0.987846 0.137740
0.80 0.55 1.037194 0.975847 0.486794 0.960784 49 0.992672 0.993290 0.142966
0.80 0.60 1.041317 0.978106 0.482141 0.960784 49 0.996319 0.996540 0.136487
0.80 0.65 1.037757 0.975705 0.485499 0.960784 49 0.995761 0.997306 0.139693
0.80 0.70 1.041625 0.978784 0.482598 0.960784 49 0.997707 0.999531 0.138030
0.80 0.75 1.038173 0.976649 0.484043 0.960784 49 0.996301 0.996662 0.139812
0.80 0.80 1.040798 0.978961 0.481661 0.960784 49 0.996776 0.998277 0.137205
0.80 0.85 1.041005 0.976347 0.481741 0.960784 49 1.000114 0.996251 0.138498
0.80 0.90 1.038610 0.976105 0.481492 0.960784 49 0.998437 0.997336 0.139771
0.80 0.95 1.039617 0.980876 0.483983 0.960784 49 0.995950 1.000053 0.138712
0.80 1.00 1.039043 0.974843 0.480795 0.960784 49 0.996567 0.992156 0.137152
0.85 0.05 1.032268 0.959794 0.479740 0.960784 49 1.001467 0.992354 0.139057
0.85 0.10 1.030940 0.953694 0.480924 0.960784 49 1.002632 0.997850 0.139538
0.85 0.15 1.027862 0.957150 0.486725 0.960784 49 0.999050 0.998026 0.144182
0.85 0.20 1.033436 0.959107 0.478471 0.960784 49 1.004915 0.999243 0.139859
0.85 0.25 1.032441 0.954665 0.478514 0.960784 49 1.002239 0.995908 0.138802
0.85 0.30 1.033701 0.957224 0.477572 0.960784 49 1.002763 0.995488 0.137678
0.85 0.35 1.030135 0.955946 0.482162 0.960784 49 1.001065 0.995045 0.140231
0.85 0.40 1.028692 0.957901 0.482882 0.960784 49 1.001342 0.996175 0.141260
0.85 0.45 1.033966 0.956016 0.476641 0.960784 49 1.005999 1.002323 0.138990
0.85 0.50 1.033481 0.958301 0.477337 0.960784 49 0.999990 0.990189 0.136417
0.85 0.55 1.029291 0.957514 0.483132 0.960784 49 1.000711 1.002274 0.140007
0.85 0.60 1.032958 0.954653 0.478684 0.960784 49 1.004249 1.001687 0.137804
0.85 0.65 1.030326 0.957005 0.481448 0.960784 49 1.001496 0.994216 0.138650
0.85 0.70 1.028753 0.955188 0.483252 0.960784 49 1.001090 0.995098 0.140421
0.85 0.75 1.033038 0.959407 0.479248 0.960784 49 1.003483 1.005547 0.138696
0.85 0.80 1.030073 0.957602 0.481382 0.960784 49 1.000940 0.996689 0.139604
0.85 0.85 1.033579 0.956306 0.479746 0.960784 49 1.003519 1.000501 0.138900
0.85 0.90 1.029709 0.958441 0.482634 0.960784 49 0.999601 0.997912 0.139371
0.85 0.95 1.029529 0.955422 0.486180 0.960784 49 1.000766 1.002554 0.140686
0.85 1.00 1.027465 0.954117 0.482977 0.960784 49 0.999963 0.989854 0.140751
0.90 0.05 1.023916 0.937841 0.480930 0.960784 49 1.005789 0.998003 0.140234
0.90 0.10 1.022626 0.936211 0.478468 0.960784 49 1.008016 0.996848 0.141648
0.90 0.15 1.022771 0.936273 0.481715 0.960784 49 1.005333 0.998708 0.141603
0.90 0.20 1.023165 0.936511 0.481073 0.960784 49 1.005494 0.992026 0.142774
0.90 0.25 1.023138 0.937897 0.479847 0.960784 49 1.007137 0.997785 0.141511
0.90 0.30 1.019839 0.935200 0.481757 0.960784 49 1.005919 0.994373 0.143284
0.90 0.35 1.024198 0.937126 0.476768 0.960784 49 1.006290 0.994496 0.139871
0.90 0.40 1.021872 0.937850 0.482288 0.960784 49 1.006511 0.997530 0.143229
0.90 0.45 1.024452 0.937324 0.478389 0.960784 49 1.008029 0.999584 0.141505
0.90 0.50 1.022427 0.935686 0.480231 0.960784 49 1.006452 0.995914 0.141203
0.90 0.55 1.020628 0.939075 0.482214 0.960784 49 1.004068 0.989376 0.142667
0.90 0.60 1.023089 0.934819 0.478907 0.960784 49 1.006748 0.999278 0.140561
0.90 0.65 1.021378 0.936365 0.478956 0.960784 49 1.006082 0.991616 0.141320
0.90 0.70 1.022664 0.935896 0.479692 0.960784 49 1.006715 0.998319 0.141957
0.90 0.75 1.021545 0.937426 0.481087 0.960784 49 1.005531 0.995078 0.143102
0.90 0.80 1.022122 0.935505 0.480822 0.960784 49 1.005902 0.997146 0.143032
0.90 0.85 1.021159 0.938103 0.483408 0.960784 49 1.004664 0.996921 0.141958
0.90 0.90 1.022931 0.937174 0.481191 0.960784 49 1.005478 0.994719 0.141574
0.90 0.95 1.022208 0.935572 0.480403 0.960784 49 1.006800 1.001247 0.142405
0.90 1.00 1.024053 0.937061 0.476832 0.960784 49 1.007160 0.997539 0.140751
0.95 0.05 1.013672 0.915071 0.479053 0.960784 49 1.010767 0.994288 0.144701
0.95 0.10 1.016043 0.919710 0.480261 0.960784 49 1.009019 0.988361 0.142707
0.95 0.15 1.013634 0.915329 0.480412 0.960784 49 1.009315 0.987915 0.145179
0.95 0.20 1.014741 0.921719 0.478341 0.960784 49 1.009729 0.990139 0.144836
0.95 0.25 1.015490 0.915961 0.478313 0.960784 49 1.008229 0.991027 0.142204
0.95 0.30 1.016518 0.915449 0.479670 0.960784 49 1.009443 0.993857 0.143764
0.95 0.35 1.013954 0.919720 0.479142 0.960784 49 1.009368 0.990668 0.144350
0.95 0.40 1.015194 0.919878 0.478540 0.960784 49 1.009691 0.993570 0.144151
0.95 0.45 1.014605 0.918149 0.478683 0.960784 49 1.009900 0.988664 0.143818
0.95 0.50 1.013675 0.918933 0.480771 0.941176 48 1.011303 0.991438 0.147405
0.95 0.55 1.015612 0.918321 0.476212 0.960784 49 1.010668 0.994603 0.144650
0.95 0.60 1.015722 0.920004 0.480488 0.960784 49 1.008269 0.992061 0.142487
0.95 0.65 1.013436 0.917087 0.478230 0.960784 49 1.009498 0.991569 0.144259
0.95 0.70 1.014235 0.915838 0.478306 0.960784 49 1.011236 0.993124 0.144881
0.95 0.75 1.016401 0.921301 0.477005 0.960784 49 1.010372 0.993865 0.143731
0.95 0.80 1.011370 0.916504 0.476851 0.960784 49 1.009612 0.989439 0.144769
0.95 0.85 1.014966 0.921111 0.478092 0.941176 48 1.010808 0.996354 0.144811
0.95 0.90 1.014400 0.917141 0.479049 0.960784 49 1.011005 0.995281 0.143978
0.95 0.95 1.014437 0.915302 0.478726 0.960784 49 1.011750 0.993220 0.144982
0.95 1.00 1.014902 0.920897 0.479441 0.960784 49 1.010126 0.993427 0.144159
1.00 0.05 1.008058 0.904688 0.475057 0.941176 48 1.013846 0.990224 0.146888
1.00 0.10 1.010274 0.904210 0.477811 0.941176 48 1.012058 0.989565 0.145097
1.00 0.15 1.007698 0.904325 0.476107 0.941176 48 1.013708 0.991769 0.146526
1.00 0.20 1.008558 0.903951 0.477598 0.941176 48 1.012619 0.988875 0.146733
1.00 0.25 1.007820 0.905096 0.477718 0.941176 48 1.012916 0.990907 0.146574
1.00 0.30 1.008156 0.904433 0.480523 0.941176 48 1.011743 0.984953 0.146545
1.00 0.35 1.009639 0.902620 0.477428 0.941176 48 1.012152 0.988863 0.144488
1.00 0.40 1.009146 0.900450 0.478160 0.941176 48 1.014156 0.991311 0.146501
1.00 0.45 1.006078 0.902435 0.474200 0.941176 48 1.010850 0.989141 0.145613
1.00 0.50 1.008770 0.904243 0.476731 0.941176 48 1.012901 0.989804 0.146237
1.00 0.55 1.008614 0.903685 0.480802 0.941176 48 1.014094 0.991362 0.148350
1.00 0.60 1.008618 0.899119 0.477238 0.941176 48 1.014176 0.992993 0.145495
1.00 0.65 1.009030 0.907050 0.474755 0.941176 48 1.011885 0.986821 0.145667
1.00 0.70 1.008263 0.904161 0.478103 0.941176 48 1.013767 0.990667 0.146555
1.00 0.75 1.009066 0.904447 0.478758 0.941176 48 1.014408 0.991418 0.146747
1.00 0.80 1.008862 0.904131 0.478757 0.941176 48 1.012651 0.990390 0.146900
1.00 0.85 1.007365 0.900022 0.477157 0.941176 48 1.013837 0.990029 0.147380
1.00 0.90 1.008445 0.900903 0.478314 0.941176 48 1.013411 0.987912 0.147827
1.00 0.95 1.007092 0.902240 0.475781 0.941176 48 1.014328 0.992703 0.147253
1.00 1.00 1.008131 0.900519 0.476806 0.941176 48 1.014337 0.990690 0.147585