
0.205 0.65 3.1903865 2.2687132 0.9607843137254902 49
0.21 0.05 2.9082413 2.120265 0.9607843137254902 49
0.21 0.65 2.8884394 2.0318122 0.9607843137254902 49
0.21 0.25 2.93628 2.1303673 0.9803921568627451 50
0.21 0.7 2.904923 2.0759954 0.9607843137254902 49
0.205 0.55 3.1292863 2.238452 0.9607843137254902 49
0.205 0.95 3.143598 2.2377727 0.9607843137254902 49
0.205 0.2 3.1167316 2.1803973 0.9607843137254902 49
0.21 0.55 2.88197 2.0964558 0.9607843137254902 49
0.205 0.5 3.1613765 2.2945476 0.9607843137254902 49
0.225 0.45 2.3833473 1.7786556 0.9607843137254902 49
0.205 0.7 3.168696 2.2435303 0.9607843137254902 49
0.205 0.1 3.089027 2.1159382 0.9607843137254902 49
0.205 0.45 3.1470523 2.2002878 0.9607843137254902 49
0.225 0.85 2.3748417 1.7516843 0.9607843137254902 49
0.21 0.1 2.8803792 2.104537 0.9803921568627451 50
0.225 0.75 2.3746417 1.774922 0.9607843137254902 49
0.23 0.6 2.2677104 1.695059 0.9607843137254902 49
0.23 0.9 2.287932 1.6889173 0.9411764705882353 48
0.205 0.4 3.150372 2.2539992 0.9607843137254902 49
0.21 0.15 2.8795266 2.0699432 0.9803921568627451 50
0.205 0.3 3.1470466 2.2854948 0.9607843137254902 49
0.205 0.15 3.114619 2.2363997 0.9607843137254902 49
0.205 0.05 3.1693702 2.237984 0.9607843137254902 49
0.23 0.8 2.262748 1.6586996 0.9607843137254902 49
0.205 1.0 3.114741 2.2155526 0.9607843137254902 49
0.21 0.6 2.8893661 2.0837507 0.9607843137254902 49
0.21 0.2 2.8887837 2.028489 0.9607843137254902 49
0.235 0.3 2.1989498 1.6103796 0.9411764705882353 48
0.225 0.65 2.364605 1.7877735 0.9411764705882353 48
0.225 0.55 2.3668482 1.7684758 0.9411764705882353 48
0.205 0.75 3.1424294 2.1929204 0.9607843137254902 49
0.285 0.5 2.3263972 1.651035 0.9411764705882353 48
0.21 0.3 2.859061 2.0896583 0.9607843137254902 49
0.23 0.5 2.2595005 1.6541135 0.9607843137254902 49
0.205 0.6 3.1397204 2.1512222 0.9607843137254902 49
0.21 0.45 2.8854787 2.0814345 0.9803921568627451 50
0.23 0.15 2.2813606 1.6886638 0.9607843137254902 49
0.225 0.25 2.3591723 1.7148298 0.9411764705882353 48
0.24 0.1 2.1933973 1.6208197 0.9803921568627451 50
0.205 0.35 3.1566858 2.237185 0.9607843137254902 49
0.235 0.7 2.210161 1.6339266 0.9411764705882353 48
0.205 0.25 3.1133072 2.224384 0.9607843137254902 49
0.205 0.8 3.181233 2.2539737 0.9607843137254902 49
0.23 0.95 2.2620258 1.6632489 0.9607843137254902 49
0.225 0.9 2.3812735 1.7861493 0.9607843137254902 49
0.225 0.5 2.3828464 1.764969 0.9607843137254902 49
0.23 0.65 2.2790093 1.6782947 0.9607843137254902 49
0.225 0.8 2.3550353 1.7276508 0.9607843137254902 49
0.225 0.6 2.3517718 1.7287027 0.9607843137254902 49
0.23 0.85 2.273066 1.6974213 0.9607843137254902 49
0.225 0.7 2.389565 1.748357 0.9607843137254902 49
0.23 0.05 2.2816267 1.6547673 0.9411764705882353 48
0.235 1.0 2.2164898 1.6811116 0.9411764705882353 48
0.225 0.3 2.3479962 1.7420664 0.9411764705882353 48
0.23 0.45 2.2562392 1.652875 0.9607843137254902 49
0.23 0.1 2.3023252 1.707221 0.9411764705882353 48
0.27 0.25 2.269343 1.7138425 0.9607843137254902 49
0.23 0.4 2.2284203 1.6599022 0.9607843137254902 49
0.21 0.5 2.8643274 2.1163979 0.9607843137254902 49
0.23 0.2 2.278279 1.6808969 0.9607843137254902 49
0.235 0.9 2.220572 1.6447601 0.9411764705882353 48
0.235 0.45 2.241168 1.6715753 0.9411764705882353 48
0.23 0.7 2.2713718 1.6909175 0.9607843137254902 49
0.235 0.8 2.2060473 1.6167948 0.9411764705882353 48
0.23 0.55 2.2597399 1.6207819 0.9411764705882353 48
0.235 0.5 2.2025223 1.5971829 0.9411764705882353 48
0.235 0.75 2.2238545 1.6352575 0.9411764705882353 48
0.235 0.4 2.2170866 1.6545818 0.9215686274509803 47
0.235 0.35 2.2207642 1.6226425 0.9411764705882353 48
0.27 0.45 2.2651446 1.6797225 0.9607843137254902 49
0.275 0.6 2.3537853 1.7795265 0.9607843137254902 49
0.275 0.85 2.3304877 1.7534542 0.9607843137254902 49
0.275 0.75 2.339376 1.7045361 0.9411764705882353 48
0.275 0.7 2.3045156 1.7385644 0.9607843137254902 49
0.24 0.15 2.1810143 1.6148828 0.9411764705882353 48
0.27 0.15 2.308237 1.7405231 0.9607843137254902 49
0.24 0.05 2.1783464 1.5878234 0.9607843137254902 49
0.235 0.95 2.2168744 1.6804144 0.9411764705882353 48
0.235 0.55 2.2175727 1.6121049 0.9607843137254902 49
0.27 0.35 2.306545 1.7465161 0.9607843137254902 49
0.235 0.6 2.2203374 1.6566437 0.9411764705882353 48
0.275 0.9 2.3023462 1.6968853 0.9411764705882353 48
0.27 0.2 2.2983367 1.7233915 0.9607843137254902 49
0.22 0.85 2.5404048 1.8444875 1.0 51
0.27 0.3 2.3014293 1.7376078 0.9607843137254902 49
0.23 0.75 2.2713623 1.6657283 0.9411764705882353 48
0.275 0.95 2.3071985 1.7358648 0.9411764705882353 48
0.235 0.85 2.2076697 1.64052 0.9607843137254902 49
0.27 0.55 2.2847214 1.7252468 0.9607843137254902 49
0.225 0.1 2.40827 1.7874937 0.9607843137254902 49
0.27 0.4 2.2866495 1.738066 0.9607843137254902 49
0.27 0.5 2.310875 1.7707222 0.9607843137254902 49
0.22 0.7 2.478279 1.8239155 0.9607843137254902 49
0.235 0.65 2.2300243 1.6247903 0.9411764705882353 48
0.28 0.65 2.3606815 1.7486497 0.9411764705882353 48
0.24 0.25 2.1778064 1.5998915 0.9411764705882353 48
0.24 0.2 2.1732876 1.5397656 0.9803921568627451 50
0.28 0.6 2.3630898 1.7577885 0.9411764705882353 48
0.22 0.75 2.528646 1.839187 1.0 51
0.275 0.35 2.3335283 1.7610877 0.9607843137254902 49
0.265 1.0 2.2729886 1.7237942 0.9607843137254902 49
0.275 1.0 2.2877917 1.6558568 0.9607843137254902 49
0.22 0.65 2.4689183 1.8084933 0.9803921568627451 50
0.26 0.75 2.2271655 1.6927449 0.9607843137254902 49
0.265 0.15 2.2480407 1.7227126 0.9607843137254902 49
0.24 0.3 2.1803951 1.5995194 0.9607843137254902 49
0.22 0.95 2.5076344 1.8363845 1.0 51
0.27 0.05 2.3132648 1.7368791 0.9607843137254902 49
0.275 0.5 2.343858 1.7612119 0.9607843137254902 49
0.27 0.85 2.3139274 1.76202 0.9607843137254902 49
0.265 0.55 2.26432 1.6836759 0.9607843137254902 49
0.265 0.4 2.2623253 1.7018104 0.9607843137254902 49
0.28 0.7 2.3515654 1.7108415 0.9411764705882353 48
0.27 0.65 2.28936 1.7177303 0.9607843137254902 49
0.27 0.8 2.325213 1.7634413 0.9607843137254902 49
0.26 0.65 2.2404583 1.7044597 0.9607843137254902 49
0.225 0.05 2.381249 1.7292075 0.9607843137254902 49
0.27 0.1 2.2724938 1.7152435 0.9607843137254902 49
0.24 0.35 2.2271333 1.6320801 0.9803921568627451 50
0.265 0.5 2.2518058 1.6962038 0.9607843137254902 49
0.28 0.75 2.3527217 1.7274703 0.9411764705882353 48
0.22 0.6 2.494487 1.8383211 0.9803921568627451 50
0.22 1.0 2.4953895 1.8288122 0.9803921568627451 50
0.27 0.75 2.2910905 1.7137741 0.9607843137254902 49
0.245 0.65 2.1771977 1.6406265 0.9607843137254902 49
0.255 0.75 2.208138 1.6968594 0.9607843137254902 49
0.225 0.15 2.3482933 1.7578163 0.9607843137254902 49
0.22 0.55 2.5497916 1.8811347 1.0 51
0.225 0.2 2.3358226 1.7309638 0.9607843137254902 49
0.25 0.6 2.1742675 1.6118315 0.9607843137254902 49
0.28 0.45 2.3688254 1.7562203 0.9411764705882353 48
0.26 0.95 2.239223 1.7240069 0.9607843137254902 49
0.275 0.8 2.3338253 1.7430933 0.9411764705882353 48
0.265 0.05 2.264346 1.7228792 0.9607843137254902 49
0.24 0.95 2.1957164 1.6297232 0.9607843137254902 49
0.05 0.7 6.486211 1.205175 0.8431372549019608 43
0.28 0.85 2.3275506 1.6834852 0.9411764705882353 48
0.265 0.8 2.2583523 1.7196274 0.9607843137254902 49
0.24 0.85 2.156919 1.5529209 0.9803921568627451 50
0.25 0.4 2.1817298 1.6463165 0.9607843137254902 49
0.275 0.65 2.3455539 1.74782 0.9607843137254902 49
0.27 0.6 2.2628968 1.6799009 0.9607843137254902 49
0.28 0.55 2.3691127 1.7123125 0.9411764705882353 48
0.27 0.95 2.295464 1.714364 0.9607843137254902 49
0.1 0.15 4.7788367 2.2799335 0.9411764705882353 48
0.28 0.5 2.3705127 1.7113863 0.9411764705882353 48
0.255 0.7 2.2003741 1.6572661 0.9607843137254902 49
0.265 0.95 2.2414277 1.679755 0.9607843137254902 49
0.26 0.7 2.2436712 1.7296793 0.9607843137254902 49
0.24 0.45 2.1982923 1.6039841 0.9607843137254902 49
0.275 0.1 2.3325093 1.75183 0.9607843137254902 49
0.26 0.8 2.2360625 1.7152691 0.9607843137254902 49
0.24 0.4 2.187045 1.5790986 0.9803921568627451 50
0.255 0.65 2.204317 1.6746317 0.9607843137254902 49
0.28 0.35 2.363186 1.7542912 0.9411764705882353 48
0.22 0.9 2.5216155 1.8152999 0.9803921568627451 50
0.28 0.4 2.365756 1.7438807 0.9411764705882353 48
0.25 0.5 2.164393 1.6210241 0.9607843137254902 49
0.275 0.45 2.341392 1.7430767 0.9607843137254902 49
0.26 0.85 2.2381077 1.6815596 0.9607843137254902 49
0.25 0.55 2.1582918 1.6019179 0.9607843137254902 49
0.275 0.05 2.3262086 1.759041 0.9607843137254902 49
0.22 0.45 2.4715102 1.8048263 0.9803921568627451 50
0.25 0.25 2.186774 1.6458316 0.9607843137254902 49
0.22 0.8 2.5088952 1.8114828 0.9803921568627451 50
0.21 0.95 2.9065108 2.1562264 0.9607843137254902 49
0.265 0.65 2.2413554 1.6599436 0.9607843137254902 49
0.265 0.75 2.2410274 1.6689126 0.9607843137254902 49
0.22 0.4 2.497116 1.8220397 0.9803921568627451 50
0.28 0.8 2.367835 1.7733167 0.9607843137254902 49
0.22 0.5 2.47552 1.8024879 0.9607843137254902 49
0.24 0.5 2.1875908 1.5975255 0.9803921568627451 50
0.26 0.6 2.2379787 1.721314 0.9607843137254902 49
0.25 0.45 2.201386 1.6107999 0.9607843137254902 49
0.27 1.0 2.2956648 1.7259763 0.9607843137254902 49
0.28 0.15 2.3763473 1.7664348 0.9411764705882353 48
0.28 0.2 2.340475 1.6984942 0.9411764705882353 48
0.25 0.65 2.2082763 1.6455531 0.9607843137254902 49
0.27 0.9 2.2948265 1.7264905 0.9607843137254902 49
0.24 0.75 2.1837234 1.5935755 0.9803921568627451 50
0.1 0.2 4.633054 2.4122958 0.9215686274509803 47
0.075 0.15 6.003624 2.4719703 0.8823529411764706 45
0.265 0.6 2.2697473 1.6785128 0.9607843137254902 49
0.275 0.55 2.3474705 1.7685425 0.9607843137254902 49
0.265 0.1 2.2586133 1.7582684 0.9607843137254902 49
0.24 0.6 2.1677809 1.591246 0.9411764705882353 48
0.215 0.25 2.6968513 1.9830997 0.9803921568627451 50
0.24 0.65 2.1837106 1.6031737 0.9411764705882353 48
0.21 1.0 2.8986957 2.1372514 0.9607843137254902 49
0.27 0.7 2.2744231 1.6999239 0.9607843137254902 49
0.24 0.7 2.164845 1.5780338 0.9607843137254902 49
0.275 0.3 2.3498185 1.7510004 0.9607843137254902 49
0.26 1.0 2.2295926 1.6664559 0.9607843137254902 49
0.21 0.75 2.9046376 2.052406 0.9607843137254902 49
0.265 0.85 2.2738447 1.7450128 0.9607843137254902 49
0.265 0.7 2.2504215 1.6983618 0.9607843137254902 49
0.215 0.1 2.692 1.970898 0.9803921568627451 50
0.275 0.4 2.3133957 1.7261008 0.9607843137254902 49
0.265 0.35 2.2453668 1.6958772 0.9607843137254902 49
0.245 0.5 2.2178154 1.624638 0.9607843137254902 49
0.2 0.85 3.4211392 2.3869135 0.9607843137254902 49
0.21 0.9 2.892409 2.0675926 0.9607843137254902 49
0.245 0.15 2.1901627 1.6026282 0.9607843137254902 49
0.265 0.45 2.2596917 1.7269267 0.9607843137254902 49
0.235 0.25 2.1883922 1.5708679 0.9411764705882353 48
0.245 0.3 2.1469734 1.5912526 0.9607843137254902 49
0.265 0.9 2.280681 1.7250752 0.9607843137254902 49
0.28 0.05 2.3457992 1.7435986 0.9411764705882353 48
0.255 0.45 2.198977 1.6232744 0.9607843137254902 49
0.265 0.2 2.2785897 1.7372166 0.9607843137254902 49
0.28 0.1 2.3417013 1.7498033 0.9607843137254902 49
0.255 0.3 2.2149785 1.660601 0.9607843137254902 49
0.26 0.9 2.244758 1.7269788 0.9607843137254902 49
0.28 0.3 2.3512144 1.6860368 0.9411764705882353 48
0.215 0.05 2.7456443 2.0027633 0.9803921568627451 50
0.25 1.0 2.1615217 1.5980396 0.9607843137254902 49
0.265 0.25 2.2822275 1.7622426 0.9607843137254902 49
0.215 0.2 2.6912167 1.9223369 0.9607843137254902 49
0.28 0.25 2.3231359 1.7160645 0.9411764705882353 48
0.255 0.5 2.1852162 1.6518515 0.9607843137254902 49
0.25 0.3 2.160103 1.611396 0.9607843137254902 49
0.255 0.2 2.2104263 1.6651766 0.9607843137254902 49
0.275 0.15 2.3314168 1.7548995 0.9607843137254902 49
0.245 0.85 2.1573837 1.5902975 0.9607843137254902 49
0.245 0.35 2.180538 1.6230646 0.9607843137254902 49
0.24 0.8 2.1858873 1.6208178 0.9411764705882353 48
0.23 1.0 2.2619202 1.6888287 0.9607843137254902 49
0.22 0.15 2.4983742 1.8352796 1.0 51
0.25 0.7 2.1722608 1.598685 0.9607843137254902 49
0.245 0.6 2.1876376 1.6309984 0.9607843137254902 49
0.245 0.25 2.175659 1.5692486 0.9607843137254902 49
0.245 1.0 2.1919606 1.6160994 0.9607843137254902 49
0.24 0.55 2.1904273 1.6066983 0.9803921568627451 50
0.24 1.0 2.198892 1.6244137 0.9803921568627451 50
0.255 0.35 2.2125154 1.675798 0.9607843137254902 49
0.215 0.8 2.65383 1.950185 0.9803921568627451 50
0.235 0.2 2.216353 1.6076725 0.9411764705882353 48
0.245 0.75 2.1787896 1.5743307 0.9607843137254902 49
0.215 0.45 2.6988146 1.967863 0.9803921568627451 50
0.245 0.05 2.2063375 1.6391287 0.9607843137254902 49
0.21 0.8 2.9052224 2.1486828 0.9607843137254902 49
0.25 0.75 2.19988 1.657519 0.9607843137254902 49
0.235 0.1 2.2277305 1.6376941 0.9411764705882353 48
0.25 0.8 2.1953874 1.6579983 0.9607843137254902 49
0.245 0.9 2.178512 1.6104207 0.9607843137254902 49
0.245 0.1 2.1643908 1.5860043 0.9607843137254902 49
0.25 0.1 2.1795175 1.624456 0.9607843137254902 49
0.215 0.3 2.696557 1.949556 0.9607843137254902 49
0.255 0.15 2.185163 1.638135 0.9607843137254902 49
0.255 0.55 2.2200649 1.6976397 0.9607843137254902 49
0.255 0.05 2.22407 1.6901423 0.9607843137254902 49
0.215 0.4 2.669132 1.9230602 0.9803921568627451 50
0.215 0.9 2.7299259 2.055097 0.9803921568627451 50
0.21 0.85 2.9328828 2.119613 0.9607843137254902 49
0.215 0.95 2.7138832 1.9561443 0.9607843137254902 49
0.215 0.5 2.7325635 1.9644716 0.9607843137254902 49
0.215 0.6 2.720358 1.9742284 0.9803921568627451 50
0.22 0.35 2.5097556 1.8306911 0.9803921568627451 50
0.25 0.35 2.1641147 1.5875311 0.9607843137254902 49
0.26 0.15 2.228503 1.701861 0.9607843137254902 49
0.26 0.1 2.2246761 1.6998959 0.9607843137254902 49
0.235 0.15 2.2036579 1.6221507 0.9411764705882353 48
0.25 0.9 2.1730297 1.6381934 0.9607843137254902 49
0.215 1.0 2.710656 1.9474883 0.9803921568627451 50
0.245 0.4 2.2009764 1.6197993 0.9607843137254902 49
0.245 0.7 2.1613472 1.5762495 0.9607843137254902 49
0.26 0.55 2.2477765 1.7350488 0.9607843137254902 49
0.245 0.55 2.1757731 1.6112571 0.9607843137254902 49
0.275 0.25 2.3554292 1.7672448 0.9607843137254902 49
0.255 1.0 2.2198615 1.6452461 0.9607843137254902 49
0.25 0.95 2.184385 1.6271939 0.9607843137254902 49
0.245 0.8 2.1896725 1.624773 0.9607843137254902 49
0.26 0.25 2.2365837 1.7344964 0.9607843137254902 49
0.255 0.25 2.2049344 1.6766716 0.9607843137254902 49
0.26 0.05 2.2136772 1.6603853 0.9607843137254902 49
0.255 0.9 2.2065148 1.6665174 0.9607843137254902 49
0.215 0.65 2.721841 2.0016122 0.9803921568627451 50
0.215 0.55 2.6709876 1.9223758 0.9803921568627451 50
0.25 0.2 2.180807 1.6053427 0.9607843137254902 49
0.26 0.2 2.2257867 1.6864275 0.9607843137254902 49
0.215 0.75 2.695573 1.9321897 0.9803921568627451 50
0.22 0.05 2.5306697 1.8805104 1.0 51
0.28 0.95 2.3224883 1.7034153 0.9411764705882353 48
0.26 0.4 2.2233002 1.6737863 0.9607843137254902 49
0.25 0.85 2.178606 1.6241655 0.9607843137254902 49
0.26 0.3 2.2081006 1.6660644 0.9607843137254902 49
0.25 0.05 2.1786294 1.643419 0.9607843137254902 49
0.255 0.95 2.2034063 1.6402888 0.9607843137254902 49
0.25 0.15 2.1904693 1.6748114 0.9607843137254902 49
0.215 0.7 2.675129 1.9629904 0.9803921568627451 50
0.275 0.2 2.335895 1.7522578 0.9607843137254902 49
0.26 0.45 2.2419796 1.686964 0.9607843137254902 49
0.255 0.1 2.184971 1.6442311 0.9607843137254902 49
0.26 0.35 2.222586 1.7023821 0.9607843137254902 49
0.22 0.2 2.5353453 1.8575042 0.9803921568627451 50
0.26 0.5 2.2419963 1.6958348 0.9607843137254902 49
0.215 0.35 2.6986554 2.0502114 0.9803921568627451 50
0.255 0.6 2.1945643 1.6620758 0.9607843137254902 49
0.245 0.2 2.1864014 1.5913435 0.9607843137254902 49
0.28 0.9 2.3407044 1.6877971 0.9411764705882353 48
0.22 0.1 2.5040145 1.855708 0.9803921568627451 50
0.235 0.05 2.1862297 1.5781965 0.9411764705882353 48
0.05 1.0 6.824679 1.3018029 0.8235294117647058 42
0.05 0.65 6.5609922 1.344307 0.8431372549019608 43
0.175 0.05 4.5507627 2.6649222 0.9411764705882353 48
0.05 0.5 6.741172 1.5511427 0.8235294117647058 42
0.075 0.6 5.8254523 2.4538536 0.8627450980392157 44
0.05 0.55 6.516668 1.2370456 0.8235294117647058 42
0.05 0.6 6.503112 1.5052109 0.8235294117647058 42
0.05 0.4 6.6116877 1.2342238 0.8235294117647058 42
0.175 0.4 4.4808187 2.6647873 0.9411764705882353 48
0.05 0.45 6.620988 1.3018966 0.8235294117647058 42
0.05 0.95 6.725849 1.3995254 0.8627450980392157 44
0.05 0.75 6.6061006 1.2787856 0.8235294117647058 42
0.05 0.2 6.619091 1.3343681 0.803921568627451 41
0.05 0.1 6.5754957 1.2346085 0.7843137254901961 40
0.175 0.3 4.4842443 2.4969106 0.9215686274509803 47
0.22 0.3 2.5014985 1.7934088 1.0 51
0.05 0.3 6.5196633 1.3202453 0.8823529411764706 45
0.05 0.8 6.569688 1.4004637 0.8431372549019608 43
0.285 0.2 2.3597379 1.7027998 0.9411764705882353 48
0.1 0.35 4.7672524 2.1790874 0.9411764705882353 48
0.05 0.25 6.773491 1.390741 0.8431372549019608 43
0.05 0.05 6.6039634 1.2742767 0.8627450980392157 44
0.2 1.0 3.4262528 2.4195127 0.9607843137254902 49
0.075 0.05 6.1120763 2.5631068 0.8431372549019608 43
0.05 0.9 6.804891 1.3349729 0.803921568627451 41
0.05 0.85 6.5434723 1.2219789 0.8235294117647058 42
0.05 0.15 6.4564414 1.1401504 0.8431372549019608 43
0.05 0.35 6.4657884 1.4072118 0.8235294117647058 42
0.075 0.3 5.775635 2.498093 0.8627450980392157 44
0.1 0.1 4.645725 2.3071644 0.9215686274509803 47
0.1 0.7 4.7882075 2.3576286 0.9411764705882353 48
0.1 0.25 4.667971 2.2312367 0.9411764705882353 48
0.075 0.25 5.79188 2.4486854 0.8627450980392157 44
0.075 0.85 5.7720275 2.4274218 0.8627450980392157 44
0.075 0.45 6.105579 2.5482621 0.8627450980392157 44
0.175 0.15 4.499663 2.683253 0.9215686274509803 47
0.075 0.75 5.9444313 2.4886205 0.8627450980392157 44
0.075 0.5 5.739166 2.4539378 0.8823529411764706 45
0.075 0.1 5.860318 2.6431131 0.8627450980392157 44
0.075 0.4 5.816521 2.424383 0.8627450980392157 44
0.225 0.35 2.3367188 1.7312527 0.9607843137254902 49
0.15 0.1 4.539036 2.1805124 0.9215686274509803 47
0.075 1.0 5.9301224 2.5337324 0.8627450980392157 44
0.075 0.55 5.928485 2.369059 0.8627450980392157 44
0.075 0.8 5.8489113 2.5619621 0.8627450980392157 44
0.2 0.95 3.4707444 2.383568 0.9607843137254902 49
0.1 0.65 4.807019 2.4440768 0.9607843137254902 49
0.075 0.65 5.9743567 2.4836152 0.8627450980392157 44
0.1 0.5 4.7281065 2.4091241 0.9411764705882353 48
0.1 0.6 4.7273164 2.2667584 0.9411764705882353 48
0.1 0.05 4.861232 2.4581332 0.9607843137254902 49
0.075 0.7 5.858055 2.536252 0.8627450980392157 44
0.075 0.9 5.5730114 2.3658824 0.8627450980392157 44
0.15 0.05 4.590575 2.2534122 0.9411764705882353 48
0.1 0.4 4.740654 2.2989678 0.9607843137254902 49
0.1 0.3 4.564744 2.2397478 0.9607843137254902 49
0.1 0.45 4.704518 2.4557493 0.9607843137254902 49
0.175 0.6 4.555998 2.7708123 0.9411764705882353 48
0.075 0.2 5.866742 2.521242 0.8627450980392157 44
0.15 0.6 4.5499997 2.22677 0.9215686274509803 47
0.15 0.5 4.5639024 2.2106967 0.9411764705882353 48
0.15 0.3 4.558095 2.2087595 0.9215686274509803 47
0.15 0.85 4.519492 2.2142208 0.9411764705882353 48
0.175 0.1 4.529185 2.7054424 0.9411764705882353 48
0.15 0.2 4.600016 2.293587 0.9411764705882353 48
0.15 0.35 4.6518946 2.364134 0.9411764705882353 48
0.15 0.65 4.519714 2.2093892 0.9411764705882353 48
0.285 0.65 2.3442578 1.6794151 0.9411764705882353 48
0.285 0.3 2.37379 1.7081598 0.9411764705882353 48
0.15 0.15 4.5379806 2.1551704 0.9411764705882353 48
0.225 0.4 2.3398907 1.7555662 0.9411764705882353 48
0.15 0.8 4.6017838 2.2834435 0.9411764705882353 48
0.175 0.9 4.5190396 2.776853 0.9607843137254902 49
0.125 0.05 4.3957033 2.0318518 0.9607843137254902 49
0.1 0.55 4.6926055 2.3977597 0.9607843137254902 49
0.175 0.55 4.5359044 2.662913 0.9215686274509803 47
0.22 0.25 2.5163407 1.8717662 0.9803921568627451 50
0.125 1.0 4.292348 1.9261855 0.9607843137254902 49
0.175 0.2 4.546241 2.6559668 0.9411764705882353 48
0.245 0.95 2.171597 1.5858799 0.9607843137254902 49
0.285 0.1 2.3609953 1.7330688 0.9411764705882353 48
0.175 1.0 4.537444 2.6986344 0.9607843137254902 49
0.175 0.35 4.5595365 2.7975628 0.9607843137254902 49
0.1 1.0 4.7043853 2.2920868 0.9411764705882353 48
0.2 0.45 3.3932946 2.3560536 0.9607843137254902 49
0.2 0.15 3.4327927 2.4208264 0.9607843137254902 49
0.175 0.25 4.4795256 2.6207893 0.9607843137254902 49
0.285 0.25 2.3713694 1.7343206 0.9411764705882353 48
0.2 0.05 3.4215114 2.3558798 0.9607843137254902 49
0.125 0.1 4.3635464 2.022246 0.9411764705882353 48
0.225 0.95 2.3618636 1.7347437 0.9607843137254902 49
0.2 0.3 3.380169 2.3557394 0.9607843137254902 49
0.225 1.0 2.3555105 1.7297066 0.9607843137254902 49
0.2 0.1 3.3769727 2.3708978 0.9607843137254902 49
0.075 0.35 5.8732367 2.6495671 0.8627450980392157 44
0.255 0.4 2.1779783 1.6235045 0.9607843137254902 49
0.23 0.3 2.241472 1.6311742 0.9607843137254902 49
0.285 0.35 2.3354475 1.6842258 0.9411764705882353 48
0.285 0.4 2.3613453 1.6987729 0.9411764705882353 48
0.23 0.25 2.2384355 1.670009 0.9607843137254902 49
0.245 0.45 2.1930053 1.6208003 0.9607843137254902 49
0.15 0.4 4.535424 2.2516186 0.9411764705882353 48
0.15 0.7 4.6211977 2.3342447 0.9411764705882353 48
0.15 0.55 4.5830526 2.2484655 0.9411764705882353 48
0.1 0.95 4.8379107 2.3894978 0.9607843137254902 49
0.1 0.8 4.6050634 1.9854442 0.9411764705882353 48
0.175 0.85 4.556055 2.7725682 0.9215686274509803 47
0.215 0.85 2.6879792 1.9355229 0.9803921568627451 50
0.23 0.35 2.2611458 1.6639229 0.9607843137254902 49
0.15 0.45 4.494441 2.2078717 0.9411764705882353 48
0.15 0.25 4.6316767 2.3102195 0.9411764705882353 48
0.175 0.95 4.501058 2.6423533 0.9411764705882353 48
0.15 0.9 4.5779767 2.3531604 0.9215686274509803 47
0.205 0.9 3.1077495 2.1014833 0.9607843137254902 49
0.125 0.95 4.438302 2.1074944 0.9411764705882353 48
0.15 0.75 4.6053047 2.256261 0.9411764705882353 48
0.2 0.65 3.4168754 2.3535454 0.9607843137254902 49
0.125 0.8 4.3931427 1.9947234 0.9607843137254902 49
0.24 0.9 2.2014232 1.6209155 0.9607843137254902 49
0.175 0.45 4.5405664 2.7051425 0.9411764705882353 48
0.2 0.55 3.3913505 2.33579 0.9607843137254902 49
0.175 0.8 4.461841 2.6475673 0.9803921568627451 50
0.285 0.05 2.384665 1.7384658 0.9411764705882353 48
0.175 0.5 4.563224 2.6998537 0.9411764705882353 48
0.15 1.0 4.5619497 2.152351 0.9411764705882353 48
0.125 0.35 4.494351 2.0930095 0.9607843137254902 49
0.175 0.75 4.4677343 2.567915 0.9411764705882353 48
0.21 0.35 2.876352 2.0792854 0.9607843137254902 49
0.15 0.95 4.629138 2.323158 0.9215686274509803 47
0.2 0.4 3.3882039 2.4241526 0.9607843137254902 49
0.215 0.15 2.7063205 1.9754916 0.9803921568627451 50
0.2 0.35 3.3291106 2.295545 0.9607843137254902 49
0.2 0.6 3.360949 2.369522 0.9607843137254902 49
0.125 0.25 4.3225803 1.9371072 0.9411764705882353 48
0.125 0.3 4.4742136 2.0144188 0.9607843137254902 49
0.175 0.7 4.5539513 2.701185 0.9215686274509803 47
0.2 0.7 3.4398828 2.4360824 0.9607843137254902 49
0.2 0.5 3.3880768 2.3142765 0.9607843137254902 49
0.1 0.9 4.761392 2.3312051 0.9607843137254902 49
0.285 1.0 2.3390934 1.687836 0.9411764705882353 48
0.1 0.75 4.8564024 2.4498723 0.9607843137254902 49
0.125 0.2 4.449781 2.0251226 0.9607843137254902 49
0.1 0.85 4.805922 2.4055784 0.9215686274509803 47
0.29 0.05 2.3623424 1.6613375 0.9411764705882353 48
0.125 0.15 4.3670077 2.0267563 0.9607843137254902 49
0.285 0.7 2.351193 1.6906706 0.9411764705882353 48
0.29 0.2 2.3725019 1.6628942 0.9411764705882353 48
0.305 0.45 2.3452904 1.5792911 0.9411764705882353 48
0.305 0.4 2.3342524 1.5453228 0.9411764705882353 48
0.29 0.1 2.3508058 1.6845701 0.9411764705882353 48
0.31 0.65 2.3047447 1.4686662 0.9411764705882353 48
0.31 0.85 2.3302875 1.5012397 0.9215686274509803 47
0.31 0.45 2.2920165 1.4721735 0.9411764705882353 48
0.31 0.95 2.2992265 1.4880085 0.9411764705882353 48
0.31 0.7 2.3127105 1.4945574 0.9215686274509803 47
0.31 0.4 2.2961848 1.5081513 0.9411764705882353 48
0.31 0.05 2.2936165 1.4842623 0.9411764705882353 48
0.315 0.1 2.2886684 1.482777 0.9411764705882353 48
0.29 0.15 2.365731 1.671327 0.9411764705882353 48
0.315 0.4 2.3009017 1.48017 0.9607843137254902 49
0.31 0.55 2.329503 1.5468488 0.9607843137254902 49
0.315 0.15 2.2919602 1.4485369 0.9607843137254902 49
0.31 0.5 2.3036218 1.5130973 0.9411764705882353 48
0.325 0.85 2.251497 1.4372293 0.9607843137254902 49
0.31 0.25 2.3196971 1.51902 0.9215686274509803 47
0.305 0.35 2.3510492 1.5639832 0.9607843137254902 49
0.305 0.3 2.3288865 1.5603743 0.9411764705882353 48
0.315 0.2 2.2745636 1.459301 0.9607843137254902 49
0.315 0.05 2.2976785 1.4830265 0.9411764705882353 48
0.315 0.3 2.2831564 1.4637986 0.9411764705882353 48
0.31 0.9 2.3302217 1.5507699 0.9411764705882353 48
0.31 1.0 2.337183 1.5387723 0.9411764705882353 48
0.31 0.15 2.3058167 1.4980005 0.9411764705882353 48
0.31 0.2 2.2926514 1.481144 0.9411764705882353 48
0.31 0.1 2.3100033 1.4830292 0.9607843137254902 49
0.315 0.45 2.3029513 1.4458873 0.9607843137254902 49
0.315 0.35 2.297813 1.4534827 0.9803921568627451 50
0.315 0.25 2.3201544 1.507391 0.9411764705882353 48
0.31 0.6 2.3313951 1.5393238 0.9607843137254902 49
0.31 0.3 2.3237157 1.5091605 0.9411764705882353 48
0.325 0.95 2.2250557 1.3901036 0.9607843137254902 49
0.33 0.15 2.2018714 1.3767544 0.9411764705882353 48
0.305 1.0 2.3422132 1.5673852 0.9411764705882353 48
0.33 0.2 2.2097094 1.3921568 0.9607843137254902 49
0.31 0.8 2.337873 1.5344402 0.9607843137254902 49
0.29 0.25 2.396295 1.72179 0.9411764705882353 48
0.33 0.95 2.2381687 1.4103585 0.9607843137254902 49
0.335 0.05 2.2034307 1.3789309 0.9607843137254902 49
0.33 0.25 2.233109 1.4157592 0.9607843137254902 49
0.33 0.65 2.2126336 1.3833078 0.9607843137254902 49
0.335 0.8 2.1906154 1.3568327 0.9607843137254902 49
0.33 0.75 2.2563066 1.4345822 0.9411764705882353 48
0.325 0.9 2.2772224 1.4534581 0.9607843137254902 49
0.33 0.45 2.2332492 1.3997415 0.9607843137254902 49
0.33 0.35 2.209237 1.3656529 0.9607843137254902 49
0.31 0.75 2.3154469 1.5194961 0.9411764705882353 48
0.33 0.8 2.2077792 1.3853761 0.9607843137254902 49
0.31 0.35 2.3071027 1.4941716 0.9411764705882353 48
0.33 0.05 2.2166944 1.398192 0.9607843137254902 49
0.33 1.0 2.2157073 1.391099 0.9607843137254902 49
0.385 0.35 1.8848431 1.2217779 0.9411764705882353 48
0.33 0.3 2.242502 1.4168506 0.9607843137254902 49
0.325 0.75 2.2530599 1.4348379 0.9607843137254902 49
0.33 0.85 2.2137494 1.3970649 0.9607843137254902 49
0.325 0.8 2.2296405 1.3893214 0.9607843137254902 49
0.33 0.55 2.2125926 1.3745816 0.9607843137254902 49
0.325 1.0 2.2410116 1.4326816 0.9607843137254902 49
0.34 0.2 2.167838 1.3222476 0.9411764705882353 48
0.335 0.4 2.1861773 1.3552927 0.9411764705882353 48
0.33 0.4 2.25005 1.4381446 0.9607843137254902 49
0.335 0.9 2.2063446 1.373333 0.9411764705882353 48
0.335 1.0 2.1653838 1.346036 0.9607843137254902 49
0.33 0.5 2.2268023 1.4047554 0.9607843137254902 49
0.33 0.1 2.2514186 1.4487633 0.9607843137254902 49
0.33 0.7 2.2032416 1.3652946 0.9607843137254902 49
0.34 0.1 2.1818802 1.394459 0.9215686274509803 47
0.335 0.1 2.1946464 1.379989 0.9607843137254902 49
0.335 0.45 2.2128325 1.4028912 0.9607843137254902 49
0.335 0.55 2.1909091 1.3750575 0.9607843137254902 49
0.34 0.15 2.2161841 1.4424334 0.9411764705882353 48
0.33 0.9 2.218808 1.3947024 0.9607843137254902 49
0.335 0.7 2.1729045 1.3382301 0.9411764705882353 48
0.335 0.65 2.1854274 1.3667576 0.9411764705882353 48
0.37 0.15 1.9821117 1.2629633 0.9411764705882353 48
0.37 0.3 2.0268276 1.3385549 0.9411764705882353 48
0.37 0.05 1.9721416 1.2612388 0.9411764705882353 48
0.375 0.6 1.9630665 1.2628156 0.9411764705882353 48
0.34 0.25 2.1480994 1.3597124 0.9607843137254902 49
0.335 0.85 2.1971478 1.3793766 0.9607843137254902 49
0.335 0.6 2.1735148 1.3475345 0.9411764705882353 48
0.34 0.05 2.189139 1.3891219 0.9411764705882353 48
0.33 0.6 2.214724 1.3967086 0.9607843137254902 49
0.37 0.25 2.0039907 1.2742063 0.9215686274509803 47
0.375 0.45 1.9697616 1.2651241 0.9215686274509803 47
0.37 0.1 1.9818856 1.2569027 0.9411764705882353 48
0.075 0.95 5.7301097 2.47975 0.8627450980392157 44
0.335 0.95 2.1764944 1.3655044 0.9607843137254902 49
0.335 0.75 2.1840665 1.3652437 0.9607843137254902 49
0.37 0.2 1.9942499 1.284575 0.9411764705882353 48
0.34 0.45 2.1827128 1.393086 0.9607843137254902 49
0.37 0.35 2.005381 1.3056704 0.9411764705882353 48
0.325 0.55 2.2783723 1.441001 0.9607843137254902 49
0.315 0.7 2.290463 1.4804026 0.9607843137254902 49
0.34 0.4 2.1827636 1.3806021 0.9411764705882353 48
0.365 0.2 2.0222433 1.2996298 0.9215686274509803 47
0.325 0.7 2.2636983 1.4591955 0.9607843137254902 49
0.37 0.6 1.9752747 1.2615151 0.9411764705882353 48
0.35 0.5 2.0936217 1.3106966 0.9607843137254902 49
0.375 0.55 1.9512669 1.2596875 0.9411764705882353 48
0.325 0.25 2.247132 1.4139234 0.9607843137254902 49
0.325 0.2 2.2380626 1.4364837 0.9607843137254902 49
0.325 0.05 2.27244 1.4374796 0.9607843137254902 49
0.37 0.4 2.0008373 1.2741486 0.9215686274509803 47
0.35 0.45 2.095365 1.3008369 0.9411764705882353 48
0.36 0.55 2.0389612 1.2929863 0.9411764705882353 48
0.325 0.15 2.2457943 1.4143455 0.9607843137254902 49
0.365 0.75 2.0118058 1.2866887 0.9215686274509803 47
0.375 0.7 1.960201 1.261905 0.9411764705882353 48
0.325 0.6 2.2246299 1.3958036 0.9607843137254902 49
0.365 0.45 2.030801 1.3092822 0.9411764705882353 48
0.35 0.4 2.1052215 1.3346057 0.9215686274509803 47
0.36 0.75 2.0762136 1.331947 0.9411764705882353 48
0.335 0.5 2.1906667 1.3743514 0.9607843137254902 49
0.325 0.45 2.2478192 1.4315801 0.9607843137254902 49
0.365 1.0 2.0490127 1.3390485 0.9215686274509803 47
0.375 0.5 1.948787 1.2588024 0.9411764705882353 48
0.345 0.65 2.1523895 1.3532339 0.9411764705882353 48
0.365 0.65 1.9917608 1.252878 0.9215686274509803 47
0.38 0.45 1.9204384 1.2548338 0.9411764705882353 48
0.325 0.4 2.2718055 1.4506598 0.9607843137254902 49
0.365 0.15 2.0013483 1.2656665 0.9607843137254902 49
0.325 0.3 2.257227 1.4374704 0.9607843137254902 49
0.375 0.3 1.940625 1.245173 0.9411764705882353 48
0.32 0.85 2.2723768 1.4397234 0.9607843137254902 49
0.36 0.65 2.0292308 1.2733935 0.9607843137254902 49
0.365 0.05 2.025258 1.305561 0.9215686274509803 47
0.325 0.65 2.2767644 1.4135685 0.9607843137254902 49
0.375 0.65 1.9692284 1.2746981 0.9411764705882353 48
0.365 0.4 2.0161128 1.282322 0.9411764705882353 48
0.325 0.5 2.262113 1.4392147 0.9607843137254902 49
0.365 0.95 2.0009124 1.2714103 0.9411764705882353 48
0.35 0.55 2.1102772 1.3293604 0.9411764705882353 48
0.325 0.1 2.2572262 1.407248 0.9607843137254902 49
0.375 0.2 1.9352255 1.2450002 0.9411764705882353 48
0.34 0.35 2.16595 1.3577915 0.9411764705882353 48
0.34 0.5 2.157577 1.3540857 0.9607843137254902 49
0.325 0.35 2.2321806 1.3877114 0.9607843137254902 49
0.125 0.65 4.405718 2.0195155 0.9411764705882353 48
0.375 0.35 1.9686825 1.266798 0.9411764705882353 48
0.38 0.4 1.937144 1.2596724 0.9411764705882353 48
0.35 0.6 2.1048484 1.3181479 0.9411764705882353 48
0.35 0.65 2.117052 1.353824 0.9411764705882353 48
0.365 0.85 2.0197735 1.3041728 0.9411764705882353 48
0.375 0.75 1.9635642 1.2622899 0.9411764705882353 48
0.34 0.3 2.158432 1.3245486 0.9411764705882353 48
0.365 0.9 2.018911 1.2733917 0.9215686274509803 47
0.38 0.5 1.9401805 1.2722747 0.9411764705882353 48
0.34 0.55 2.1760468 1.3630412 0.9411764705882353 48
0.36 0.85 2.052217 1.3033588 0.9411764705882353 48
0.355 0.65 2.0813468 1.3188337 0.9411764705882353 48
0.36 0.95 2.0429618 1.2948242 0.9215686274509803 47
0.375 0.8 1.9494581 1.2545921 0.9411764705882353 48
0.355 0.6 2.07769 1.317748 0.9607843137254902 49
0.35 0.35 2.1164205 1.3217599 0.9411764705882353 48
0.32 0.9 2.2499976 1.3938277 0.9607843137254902 49
0.34 0.7 2.1909003 1.3876816 0.9411764705882353 48
0.34 0.85 2.153384 1.3476826 0.9411764705882353 48
0.32 0.8 2.2771664 1.466065 0.9215686274509803 47
0.355 0.4 2.0846143 1.3119714 0.9411764705882353 48
0.365 0.6 2.0327995 1.302327 0.9411764705882353 48
0.345 0.2 2.1364036 1.3243846 0.9411764705882353 48
0.37 0.75 2.0028698 1.2845602 0.9411764705882353 48
0.38 0.55 1.904492 1.2323462 0.9411764705882353 48
0.34 0.8 2.1820893 1.3612323 0.9607843137254902 49
0.375 0.4 1.9656982 1.2751207 0.9411764705882353 48
0.365 0.3 2.0200045 1.293595 0.9411764705882353 48
0.365 0.7 1.9864419 1.2427133 0.9411764705882353 48
0.37 0.7 1.9961376 1.2817894 0.9411764705882353 48
0.38 0.3 1.9381119 1.2489476 0.9411764705882353 48
0.355 0.3 2.057603 1.2841396 0.9215686274509803 47
0.375 0.95 1.9810154 1.296955 0.9411764705882353 48
0.34 0.6 2.1589966 1.3568685 0.9607843137254902 49
0.38 0.15 1.9169525 1.2536029 0.9411764705882353 48
0.365 0.1 2.0021348 1.2644887 0.9215686274509803 47
0.365 0.5 2.0211933 1.2970703 0.9215686274509803 47
0.315 0.95 2.3029456 1.5023761 0.9215686274509803 47
0.35 0.7 2.1307454 1.3631982 0.9215686274509803 47
0.365 0.8 2.008382 1.2797004 0.9411764705882353 48
0.36 0.5 2.050631 1.2906901 0.9607843137254902 49
0.315 0.8 2.3054118 1.4601398 0.9607843137254902 49
0.375 0.15 1.9466465 1.2547326 0.9411764705882353 48
0.345 0.6 2.150044 1.3513242 0.9411764705882353 48
0.37 0.5 1.9819527 1.2613661 0.9411764705882353 48
0.355 0.75 2.080877 1.3288308 0.9411764705882353 48
0.38 0.35 1.9473553 1.2783816 0.9411764705882353 48
0.37 0.9 1.9699898 1.2534487 0.9411764705882353 48
0.37 0.45 1.9833901 1.2852565 0.9411764705882353 48
0.36 0.6 2.0454395 1.3180612 0.9411764705882353 48
0.37 0.8 1.9806083 1.2552567 0.9411764705882353 48
0.34 0.9 2.1483119 1.3302499 0.9607843137254902 49
0.37 0.55 1.9836502 1.2785171 0.9411764705882353 48
0.335 0.25 2.1772354 1.3360399 0.9607843137254902 49
0.375 0.9 1.9553897 1.2486964 0.9215686274509803 47
0.38 0.2 1.9565532 1.2955296 0.9411764705882353 48
0.365 0.25 2.0227065 1.3009603 0.9411764705882353 48
0.38 0.25 1.9160907 1.2240987 0.9411764705882353 48
0.32 0.95 2.2477279 1.4023476 0.9607843137254902 49
0.36 1.0 2.0359454 1.2881248 0.9215686274509803 47
0.37 0.65 2.0116293 1.3117977 0.9411764705882353 48
0.375 1.0 1.9541126 1.2479521 0.9411764705882353 48
0.35 1.0 2.1047552 1.3050838 0.9411764705882353 48
0.345 0.85 2.1304955 1.3345141 0.9411764705882353 48
0.345 0.5 2.1368403 1.338814 0.9411764705882353 48
0.37 0.85 1.9714565 1.2420002 0.9411764705882353 48
0.345 0.45 2.1350188 1.335601 0.9607843137254902 49
0.34 1.0 2.1586661 1.3544909 0.9607843137254902 49
0.365 0.55 2.0216708 1.2921119 0.9411764705882353 48
0.355 0.45 2.085158 1.314218 0.9411764705882353 489
0.36 0.7 2.0633082 1.3275683 0.9215686274509803 47
0.37 0.95 1.9970394 1.2796146 0.9411764705882353 48
0.345 0.7 2.1394837 1.3433573 0.9411764705882353 48
0.365 0.35 2.0107865 1.263248 0.9215686274509803 47
0.38 0.6 1.9207213 1.2552975 0.9411764705882353 48
0.35 0.05 2.1271374 1.3574436 0.9411764705882353 48
0.36 0.05 2.0625274 1.3139371 0.9411764705882353 48
0.35 0.25 2.08388 1.2878156 0.9411764705882353 48
0.35 0.3 2.0866177 1.2970319 0.9411764705882353 48
0.355 0.85 2.0881667 1.3016107 0.9411764705882353 48
0.38 0.1 1.9513562 1.2760702 0.9411764705882353 48
0.375 0.85 1.937134 1.2209827 0.9411764705882353 48
0.355 0.5 2.0969043 1.3322192 0.9607843137254902 49
0.375 0.25 1.9974632 1.2924051 0.9411764705882353 48
0.345 0.25 2.1396272 1.3472651 0.9411764705882353 48
0.34 0.75 2.172837 1.3525511 0.9411764705882353 48
0.345 0.05 2.1345983 1.3276777 0.9607843137254902 49
0.32 0.05 2.2675035 1.4374697 0.9607843137254902 49
0.36 0.15 2.0668776 1.3178291 0.9411764705882353 48
0.345 0.35 2.124379 1.3211825 0.9215686274509803 47
0.355 0.8 2.061806 1.2998482 0.9411764705882353 48
0.335 0.35 2.2024097 1.3862139 0.9607843137254902 49
0.315 0.75 2.3215332 1.5032501 0.9607843137254902 49
0.34 0.65 2.1514828 1.3382728 0.9411764705882353 48
0.315 0.9 2.3411105 1.5337127 0.9411764705882353 48
0.36 0.9 2.0084474 1.2694631 0.9411764705882353 48
0.32 0.65 2.2747502 1.4238528 0.9607843137254902 49
0.345 0.9 2.1255455 1.3055098 0.9411764705882353 48
0.32 0.6 2.2704997 1.4477793 0.9411764705882353 48
0.315 0.55 2.312652 1.454958 0.9607843137254902 49
0.355 0.2 2.0793927 1.3248785 0.9607843137254902 49
0.32 0.25 2.2952871 1.4500357 0.9607843137254902 49
0.345 0.3 2.1494775 1.3468019 0.9411764705882353 48
0.315 0.85 2.284776 1.4556017 0.9411764705882353 48
0.335 0.3 2.1762586 1.3631489 0.9607843137254902 49
0.38 0.05 1.9321941 1.2437387 0.9411764705882353 48
0.345 0.4 2.1438098 1.347472 0.9411764705882353 48
0.32 0.7 2.28095 1.4512479 0.9411764705882353 48
0.35 0.15 2.088939 1.296545 0.9411764705882353 48
0.37 1.0 1.9741436 1.2538171 0.9215686274509803 47
0.355 0.15 2.0474267 1.2847942 0.9411764705882353 48
0.335 0.2 2.217444 1.4014341 0.9607843137254902 49
0.375 0.1 1.9622093 1.2678024 0.9411764705882353 48
0.32 0.1 2.2598867 1.4556406 0.9411764705882353 48
0.355 0.35 2.0833836 1.3095279 0.9411764705882353 48
0.35 0.95 2.1060803 1.3450692 0.9215686274509803 47
0.35 0.75 2.1187065 1.3368014 0.9411764705882353 48
0.35 0.9 2.102675 1.3237919 0.9411764705882353 48
0.36 0.8 2.0484471 1.2867355 0.9215686274509803 47
0.315 1.0 2.3142345 1.481381 0.9607843137254902 49
0.355 0.9 2.0829597 1.3156675 0.9215686274509803 47
0.32 0.3 2.2563345 1.4141303 0.9411764705882353 48
0.32 0.55 2.263668 1.4291556 0.9607843137254902 49
0.32 0.2 2.2941165 1.4822602 0.9607843137254902 49
0.32 0.45 2.261523 1.4352113 0.9411764705882353 48
0.32 0.15 2.2550995 1.4356517 0.9411764705882353 48
0.355 0.25 2.080956 1.3255184 0.9411764705882353 48
0.345 0.8 2.1118805 1.2957227 0.9411764705882353 48
0.35 0.8 2.0726895 1.2751223 0.9607843137254902 49
0.345 0.95 2.1184912 1.3098805 0.9411764705882353 48
0.32 0.75 2.2630737 1.408985 0.9607843137254902 49
0.315 0.65 2.2905438 1.4894924 0.9411764705882353 48
0.345 0.1 2.1186478 1.3245384 0.9607843137254902 49
0.36 0.3 2.043232 1.3041345 0.9411764705882353 48
0.355 0.95 2.078301 1.2979252 0.9411764705882353 48
0.36 0.4 2.0499675 1.3026935 0.9411764705882353 48
0.345 0.75 2.12365 1.3093991 0.9607843137254902 49
0.35 0.1 2.0967436 1.316057 0.9607843137254902 49
0.355 0.05 2.0932267 1.3259836 0.9607843137254902 49
0.345 0.15 2.1454403 1.3369945 0.9411764705882353 48
0.32 0.35 2.2889113 1.4997325 0.9215686274509803 47
0.36 0.35 2.030829 1.2683277 0.9607843137254902 49
0.32 0.5 2.3017392 1.5121948 0.9607843137254902 49
0.35 0.85 2.1229749 1.3396031 0.9411764705882353 48
0.36 0.2 2.0366328 1.2843888 0.9607843137254902 49
0.29 0.6 2.3674715 1.6554651 0.9411764705882353 48
0.335 0.15 2.22232 1.4041464 0.9607843137254902 49
0.355 0.7 2.0702367 1.3127854 0.9411764705882353 48
0.36 0.45 2.0645182 1.3056691 0.9607843137254902 49
0.345 1.0 2.1545808 1.3730274 0.9411764705882353 48
0.32 0.4 2.2570243 1.4297996 0.9607843137254902 49
0.375 0.05 1.9663904 1.2715542 0.9411764705882353 48
0.355 0.55 2.0843968 1.3127027 0.9411764705882353 48
0.345 0.55 2.1412904 1.3400983 0.9411764705882353 48
0.315 0.6 2.316543 1.5280157 0.9411764705882353 48
0.355 0.1 2.0689278 1.3106711 0.9607843137254902 49
0.38 0.7 1.9402668 1.2685843 0.9411764705882353 48
0.355 1.0 2.0809436 1.3130612 0.9411764705882353 48
0.35 0.2 2.0914702 1.3134749 0.9411764705882353 48
0.38 0.65 1.933513 1.2529716 0.9411764705882353 48
0.36 0.1 2.0388985 1.2826163 0.9607843137254902 49
0.32 1.0 2.258469 1.4317534 0.9607843137254902 49
0.295 0.5 2.3595335 1.5988117 0.9411764705882353 48
0.36 0.25 2.010178 1.2696847 0.9411764705882353 48
0.295 0.8 2.348008 1.5977902 0.9411764705882353 48
0.295 0.75 2.3465798 1.6260086 0.9411764705882353 48
0.305 0.6 2.3486614 1.5615765 0.9411764705882353 48
0.295 0.55 2.353771 1.6456782 0.9411764705882353 48
0.305 0.05 2.3248105 1.541163 0.9411764705882353 48
0.385 0.2 1.9076926 1.2385442 0.9411764705882353 48
0.385 0.65 1.8538449 1.1802527 0.9411764705882353 48
0.38 0.9 1.9065481 1.2330815 0.9411764705882353 48
0.29 0.85 2.345182 1.619879 0.9411764705882353 48
0.29 0.95 2.3620777 1.6762233 0.9411764705882353 48
0.125 0.85 4.3995442 1.9717501 0.9607843137254902 49
0.38 0.75 1.9075785 1.2261559 0.9411764705882353 48
0.305 0.15 2.3148685 1.5182499 0.9411764705882353 48
0.305 0.1 2.3414178 1.532388 0.9411764705882353 48
0.295 0.1 2.3424695 1.6136546 0.9411764705882353 48
0.385 0.05 1.90429 1.2399948 0.9411764705882353 48
0.38 1.0 1.9516014 1.2789224 0.9411764705882353 48
0.385 0.15 1.9179065 1.2624248 0.9411764705882353 48
0.385 0.85 1.8862374 1.2222494 0.9411764705882353 48
0.295 0.3 2.3721077 1.6697347 0.9411764705882353 48
0.29 1.0 2.3448408 1.6372198 0.9411764705882353 48
0.38 0.95 1.9304377 1.2524105 0.9411764705882353 48
0.295 0.05 2.3543212 1.6630546 0.9411764705882353 48
0.29 0.8 2.3649292 1.6563623 0.9411764705882353 48
0.385 0.3 1.8940789 1.238921 0.9411764705882353 48
0.385 0.25 1.9029763 1.243533 0.9411764705882353 48
0.385 0.1 1.8920605 1.2246122 0.9411764705882353 48
0.305 0.2 2.313205 1.5085046 0.9411764705882353 48
0.305 0.5 2.3133862 1.5175769 0.9411764705882353 48
0.305 0.55 2.3413644 1.5810275 0.9411764705882353 48
0.295 0.25 2.3595397 1.6264596 0.9411764705882353 48
0.305 0.25 2.357938 1.5665592 0.9411764705882353 48
0.385 0.55 1.8954054 1.2278665 0.9411764705882353 48
0.385 0.4 1.8985227 1.2315155 0.9411764705882353 48
0.385 0.8 1.8993881 1.2528436 0.9411764705882353 48
0.39 0.1 1.8709509 1.2244505 0.9411764705882353 48
0.385 0.9 1.8853703 1.223512 0.9411764705882353 48
0.29 0.9 2.3492768 1.6447501 0.9411764705882353 48
0.395 0.1 1.8536098 1.2204596 0.9411764705882353 48
0.385 0.45 1.89585 1.2322661 0.9411764705882353 48
0.395 0.3 1.8276217 1.195257 0.9411764705882353 48
0.385 0.5 1.9250377 1.2747825 0.9411764705882353 48
0.385 0.7 1.9080813 1.2375149 0.9411764705882353 48
0.385 0.95 1.9104732 1.2533427 0.9411764705882353 48
0.385 1.0 1.897912 1.228897 0.9411764705882353 48
0.39 0.3 1.8685528 1.22654 0.9411764705882353 48
0.39 0.2 1.8603017 1.2002171 0.9411764705882353 48
0.39 0.45 1.8900245 1.2397494 0.9411764705882353 48
0.385 0.6 1.8999641 1.2414457 0.9411764705882353 48
0.39 0.15 1.8900068 1.2398134 0.9411764705882353 48
0.39 0.25 1.8910668 1.252658 0.9215686274509803 47
0.39 0.55 1.882013 1.2464471 0.9411764705882353 48
0.39 0.35 1.8905979 1.2179369 0.9411764705882353 48
0.39 0.4 1.8560032 1.2077681 0.9411764705882353 48
0.39 0.95 1.879473 1.241919 0.9411764705882353 48
0.39 0.6 1.8727362 1.2422469 0.9411764705882353 48
0.39 0.5 1.8942835 1.2408985 0.9411764705882353 48
0.39 0.85 1.8746452 1.213852 0.9411764705882353 48
0.39 0.8 1.8832954 1.2334253 0.9411764705882353 48
0.39 1.0 1.8711586 1.2164221 0.9411764705882353 48
0.39 0.65 1.8739277 1.2355572 0.9411764705882353 48
0.4 0.5 1.8376186 1.231565 0.9411764705882353 48
0.395 0.25 1.8502791 1.2111539 0.9411764705882353 48
0.395 0.15 1.8741452 1.2344103 0.9411764705882353 48
0.39 0.9 1.8851099 1.2377634 0.9411764705882353 48
0.395 0.65 1.86446 1.2447171 0.9215686274509803 47
0.395 0.5 1.8579948 1.2167684 0.9411764705882353 48
0.395 0.2 1.8585522 1.2191396 0.9215686274509803 47
0.39 0.7 1.8803619 1.228779 0.9411764705882353 48
0.4 0.6 1.7957287 1.1748532 0.9411764705882353 48
0.395 0.4 1.8429722 1.1974647 0.9411764705882353 48
0.395 0.9 1.8408184 1.2122412 0.9215686274509803 47
0.395 0.35 1.835716 1.2006521 0.9411764705882353 48
0.395 0.45 1.8569844 1.2108575 0.9411764705882353 48
0.4 0.15 1.828954 1.2029568 0.9411764705882353 48
0.395 0.6 1.8415534 1.1970074 0.9411764705882353 48
0.385 0.75 1.8932054 1.2450316 0.9411764705882353 48
0.4 1.0 1.818677 1.1870601 0.9411764705882353 48
0.395 0.55 1.8476444 1.2229013 0.9411764705882353 48
0.4 0.55 1.8341557 1.2278326 0.9411764705882353 48
0.395 0.75 1.842396 1.2055973 0.9411764705882353 48
0.395 0.8 1.8596684 1.2205228 0.9215686274509803 47
0.425 0.1 1.6952919 1.0890217 0.9019607843137255 46
0.395 0.85 1.8631521 1.2317122 0.9411764705882353 48
0.305 0.65 2.351047 1.5575389 0.9411764705882353 48
0.425 0.25 1.6861727 1.0873791 0.9019607843137255 46
0.305 0.7 2.322517 1.5399487 0.9411764705882353 48
0.4 0.3 1.8485987 1.2215939 0.9411764705882353 48
0.4 0.1 1.8315613 1.194215 0.9411764705882353 48
0.4 0.7 1.8260233 1.2106787 0.9215686274509803 47
0.395 1.0 1.8644359 1.2208809 0.9411764705882353 48
0.4 0.2 1.8321674 1.2035767 0.9411764705882353 48
0.395 0.7 1.8918095 1.2583258 0.9411764705882353 48
0.39 0.75 1.8666713 1.2190602 0.9411764705882353 48
0.425 0.3 1.6990559 1.0976691 0.9019607843137255 46
0.425 0.55 1.6954491 1.0888593 0.9215686274509803 47
0.425 0.65 1.7140958 1.1051469 0.9019607843137255 46
0.4 0.45 1.827796 1.1948485 0.9411764705882353 48
0.305 0.75 2.3300872 1.5599499 0.9411764705882353 48
0.4 0.35 1.8347111 1.2104379 0.9411764705882353 48
0.425 0.9 1.68774 1.0800205 0.9019607843137255 46
0.4 0.25 1.8387594 1.210507 0.9411764705882353 48
0.305 0.8 2.3558757 1.5895643 0.9411764705882353 48
0.425 0.15 1.7017517 1.1099694 0.9019607843137255 46
0.425 0.35 1.7019056 1.0944604 0.9215686274509803 47
0.425 1.0 1.6803137 1.0583831 0.9411764705882353 48
0.45 0.05 1.5556518 0.95464283 0.8823529411764706 45
0.45 0.25 1.5464742 0.9465025 0.8823529411764706 45
0.425 0.8 1.675827 1.0656219 0.9019607843137255 46
0.425 0.6 1.6630081 1.0623815 0.9019607843137255 46
0.45 0.4 1.5525613 0.95301837 0.9019607843137255 46
0.4 0.05 1.8369642 1.207777 0.9411764705882353 48
0.425 0.5 1.6728073 1.0703583 0.9019607843137255 46
0.4 0.85 1.8473892 1.2083316 0.9411764705882353 48
0.45 0.85 1.5519038 0.9404175 0.8823529411764706 45
0.395 0.95 1.8421001 1.2049652 0.9411764705882353 48
0.4 0.95 1.8366514 1.2163017 0.9215686274509803 47
0.4 0.9 1.8195124 1.1917266 0.9215686274509803 47
0.45 0.35 1.5818766 0.9836122 0.9019607843137255 46
0.45 0.55 1.5376108 0.9351098 0.9019607843137255 46
0.4 0.75 1.813555 1.1823506 0.9411764705882353 48
0.425 0.85 1.6794755 1.0855229 0.9019607843137255 46
0.475 0.05 1.4174035 0.83981115 0.8823529411764706 45
0.4 0.8 1.8089195 1.1663549 0.9411764705882353 48
0.425 0.2 1.6853997 1.0844687 0.9215686274509803 47
0.475 0.15 1.4174345 0.82857525 0.9019607843137255 46
0.45 0.3 1.5660412 0.9745012 0.9019607843137255 46
0.475 0.7 1.3956906 0.8199776 0.8823529411764706 45
0.475 0.6 1.392905 0.80714697 0.8823529411764706 45
0.45 0.6 1.5727365 0.9662189 0.9019607843137255 46
0.5 0.35 1.2700967 0.7394375 0.8823529411764706 45
0.305 0.85 2.3459518 1.578156 0.9411764705882353 48
0.45 0.2 1.5461646 0.9391944 0.9019607843137255 46
0.45 0.65 1.5587208 0.9587858 0.9019607843137255 46
0.45 0.75 1.5450474 0.94840246 0.9019607843137255 46
0.5 0.25 1.2884634 0.7609158 0.8823529411764706 45
0.45 0.95 1.5587099 0.95111835 0.9019607843137255 46
0.45 0.9 1.5603467 0.9697954 0.8823529411764706 45
0.475 0.9 1.3919495 0.8031775 0.8823529411764706 45
0.45 0.15 1.553649 0.9739002 0.8823529411764706 45
0.525 0.6 1.2071047 0.72507334 0.9019607843137255 46
0.525 0.55 1.1928818 0.7353332 0.8823529411764706 45
0.5 1.0 1.2828652 0.7383353 0.8823529411764706 45
0.525 0.65 1.2031459 0.7500244 0.9215686274509803 47
0.525 0.45 1.2049309 0.73863167 0.9019607843137255 46
0.475 0.55 1.4045753 0.8196067 0.9019607843137255 46
0.525 0.1 1.2068251 0.7350165 0.9019607843137255 46
0.525 0.5 1.2046951 0.7357421 0.8823529411764706 45
0.475 0.4 1.388686 0.7984725 0.8823529411764706 45
0.475 0.35 1.4263798 0.8432371 0.8823529411764706 45
0.525 0.8 1.2029343 0.74353456 0.9019607843137255 46
0.525 0.85 1.1839603 0.7046358 0.9215686274509803 47
0.475 0.75 1.4151347 0.8148851 0.9019607843137255 46
0.55 0.1 1.1486695 0.7469695 0.9019607843137255 46
0.525 0.95 1.2037147 0.744308 0.9019607843137255 46
0.55 0.6 1.1445311 0.7390155 0.9019607843137255 46
0.475 0.3 1.4069543 0.81564146 0.8823529411764706 45
0.525 0.75 1.1881646 0.73226213 0.9019607843137255 46
0.55 0.45 1.1507534 0.72974026 0.9019607843137255 46
0.55 0.5 1.144351 0.7344573 0.9215686274509803 47
0.525 0.9 1.2054764 0.7290275 0.9019607843137255 46
0.575 0.3 1.1445053 0.72468954 0.9215686274509803 47
0.55 0.4 1.1434095 0.7248375 0.9215686274509803 47
0.55 0.8 1.1488731 0.73965675 0.9019607843137255 46
0.55 0.2 1.1450526 0.7552877 0.9215686274509803 47
0.525 1.0 1.2156422 0.72272676 0.9019607843137255 46
0.55 0.75 1.1488167 0.74991214 0.9019607843137255 46
0.55 0.9 1.1451128 0.7303757 0.9215686274509803 47
0.6 1.0 1.1547657 0.72029155 0.9215686274509803 47
0.575 0.4 1.1356204 0.7361134 0.9215686274509803 47
0.475 0.85 1.3891966 0.7835242 0.9019607843137255 46
0.55 0.65 1.1410851 0.74364984 0.9215686274509803 47
0.55 0.05 1.1447175 0.74571073 0.9215686274509803 47
0.55 0.35 1.1482308 0.7362325 0.9019607843137255 46
0.55 0.95 1.1394285 0.72385263 0.9215686274509803 47
0.55 0.55 1.1449983 0.72950923 0.9019607843137255 46
0.55 1.0 1.145217 0.7335029 0.9019607843137255 46
0.575 0.9 1.1369318 0.72812635 0.9215686274509803 47
0.575 0.35 1.1309952 0.7300266 0.9215686274509803 47
0.55 0.85 1.1452965 0.7452147 0.9019607843137255 46
0.475 0.8 1.4333607 0.83886075 0.8823529411764706 45
0.575 0.25 1.1338085 0.7268593 0.9215686274509803 47
0.575 0.15 1.1467158 0.7387654 0.9215686274509803 47
0.55 0.7 1.1521227 0.7427386 0.9019607843137255 46
0.575 0.5 1.1333055 0.73146033 0.9215686274509803 47
0.575 0.7 1.1411154 0.73769224 0.9215686274509803 47
0.575 0.65 1.146268 0.75315124 0.9215686274509803 47
0.575 0.1 1.1411419 0.729819 0.9215686274509803 47
0.575 0.75 1.1405914 0.7461891 0.9215686274509803 47
0.575 0.8 1.1412505 0.73659974 0.9215686274509803 47
0.675 0.15 1.2187635 0.71230406 0.9215686274509803 47
0.6 0.2 1.1590126 0.72666085 0.9215686274509803 47
0.575 1.0 1.1389787 0.72454333 0.9215686274509803 47
0.575 0.2 1.1362817 0.7253855 0.9215686274509803 47
0.575 0.45 1.1454016 0.73191226 0.9215686274509803 47
0.575 0.95 1.1276934 0.7242155 0.9411764705882353 48
0.575 0.85 1.1352322 0.7367415 0.9215686274509803 47
0.6 0.25 1.1547177 0.71806824 0.9215686274509803 47
0.6 0.75 1.1557914 0.73361456 0.9215686274509803 47
0.6 0.1 1.1546614 0.7100715 0.9215686274509803 47
0.6 0.05 1.1545414 0.736471 0.9215686274509803 47
0.6 0.85 1.1675098 0.73183817 0.9215686274509803 47
0.6 0.45 1.1595185 0.74145764 0.9215686274509803 47
0.6 0.5 1.1567211 0.7149349 0.9215686274509803 47
0.6 0.6 1.1622403 0.72843444 0.9215686274509803 47
0.6 0.15 1.1614004 0.73421466 0.9215686274509803 47
0.575 0.6 1.1455717 0.73171 0.9215686274509803 47
0.6 0.65 1.1587698 0.7124537 0.9215686274509803 47
0.6 0.55 1.1644261 0.7186079 0.9215686274509803 47
0.6 0.7 1.1626117 0.7303355 0.9215686274509803 47
0.6 0.35 1.1582187 0.7203528 0.9215686274509803 47
0.6 0.4 1.1520324 0.73082995 0.9215686274509803 47
0.6 0.9 1.1511767 0.71581143 0.9215686274509803 47
0.625 0.6 1.1802757 0.71375513 0.9411764705882353 48
0.5 0.95 1.2954272 0.75237256 0.8823529411764706 45
0.625 0.4 1.1826296 0.7095222 0.9411764705882353 48
0.625 0.8 1.1789172 0.71620333 0.9411764705882353 48
0.625 0.35 1.181102 0.7192302 0.9411764705882353 48
0.625 0.5 1.1798321 0.7243744 0.9411764705882353 48
0.6 0.3 1.1511385 0.7208885 0.9215686274509803 47
0.625 0.45 1.1841538 0.72622955 0.9411764705882353 48
0.6 0.95 1.1596769 0.7250373 0.9215686274509803 47
0.625 0.3 1.1776946 0.7092475 0.9411764705882353 48
0.65 0.05 1.2008017 0.7102391 0.9411764705882353 48
0.625 0.25 1.1779679 0.7280649 0.9411764705882353 48
0.625 0.75 1.1838993 0.7228636 0.9411764705882353 48
0.625 0.55 1.181059 0.72160345 0.9411764705882353 48
0.5 0.2 1.2858948 0.74987143 0.8823529411764706 45
0.625 0.7 1.1792407 0.74067044 0.9411764705882353 48
0.475 1.0 1.4515445 0.87451535 0.8823529411764706 45
0.6 0.8 1.1560414 0.7224509 0.9215686274509803 47
0.65 0.3 1.2000123 0.7163666 0.9411764705882353 48
0.625 0.9 1.1678962 0.7165634 0.9411764705882353 48
0.65 0.15 1.2037861 0.708424 0.9411764705882353 48
0.625 0.85 1.1853775 0.72680736 0.9411764705882353 48
0.625 1.0 1.1887648 0.73142105 0.9411764705882353 48
0.675 0.4 1.2058365 0.6890279 0.9411764705882353 48
0.65 0.1 1.1993787 0.7239407 0.9411764705882353 48
0.625 0.95 1.1757789 0.70264727 0.9607843137254902 49
0.675 0.2 1.2123477 0.6983905 0.9411764705882353 48
0.65 0.5 1.2026718 0.72145593 0.9411764705882353 48
0.675 0.55 1.2158061 0.7078641 0.9411764705882353 48
0.65 0.35 1.2005438 0.71360445 0.9411764705882353 48
0.65 0.25 1.2046487 0.72485745 0.9411764705882353 48
0.65 0.4 1.1943805 0.7068498 0.9607843137254902 49
0.65 0.65 1.207645 0.7224163 0.9411764705882353 48
0.65 0.85 1.207689 0.72430086 0.9411764705882353 48
0.65 0.55 1.195393 0.70251256 0.9607843137254902 49
0.7 0.35 1.2245775 0.6884874 0.9803921568627451 50
0.675 0.6 1.2112032 0.7046148 0.9215686274509803 47
0.675 0.65 1.2037594 0.68970364 0.9607843137254902 49
0.7 0.25 1.2186797 0.67931217 0.9607843137254902 49
0.65 0.9 1.1933447 0.70520735 0.9607843137254902 49
0.5 0.05 1.2908719 0.7329084 0.8823529411764706 45
0.7 0.15 1.215898 0.67112046 0.9803921568627451 50
0.65 0.45 1.2004375 0.71179825 0.9411764705882353 48
0.7 0.45 1.2231905 0.68929136 0.9803921568627451 50
0.725 0.15 1.232961 0.6903931 0.9803921568627451 50
0.7 0.55 1.2177758 0.6761795 0.9803921568627451 50
0.675 0.45 1.212501 0.70437694 0.9215686274509803 47
0.65 0.6 1.1945446 0.70262325 0.9607843137254902 49
0.675 0.25 1.2202892 0.7111413 0.9215686274509803 47
0.775 0.85 1.2246668 0.63634235 0.9803921568627451 50
0.675 0.1 1.2124116 0.6979772 0.9411764705882353 48
0.675 0.85 1.2173026 0.7030277 0.9607843137254902 49
0.7 0.3 1.226249 0.6976944 0.9803921568627451 50
0.65 0.2 1.2008164 0.70776224 0.9411764705882353 48
0.5 0.1 1.2887471 0.75104237 0.8823529411764706 45
0.7 0.05 1.2255547 0.69292146 0.9607843137254902 49
0.675 0.05 1.2106125 0.6962385 0.9607843137254902 49
0.65 0.75 1.1958536 0.6987445 0.9607843137254902 49
0.725 0.25 1.2368065 0.687525 0.9803921568627451 50
0.675 0.3 1.2144148 0.71075886 0.9411764705882353 48
0.65 0.95 1.2043343 0.722509 0.9411764705882353 48
0.65 0.7 1.189977 0.70030093 0.9607843137254902 49
0.675 0.9 1.2145107 0.7030317 0.9411764705882353 48
0.65 0.8 1.1950834 0.7040162 0.9607843137254902 49
0.675 0.75 1.2129349 0.7045337 0.9411764705882353 48
0.75 0.15 1.2347095 0.66262 0.9803921568627451 50
0.675 0.7 1.211487 0.7087186 0.9215686274509803 47
0.675 0.35 1.2051367 0.69099826 0.9411764705882353 48
0.525 0.4 1.1989906 0.7622391 0.9019607843137255 46
0.7 0.4 1.2278022 0.6939438 0.9803921568627451 50
0.7 0.1 1.2254784 0.70122266 0.9411764705882353 48
0.725 1.0 1.2313185 0.68413115 0.9803921568627451 50
0.775 0.7 1.2264704 0.6369889 0.9803921568627451 50
0.7 0.75 1.2181625 0.6759284 0.9803921568627451 50
0.5 0.15 1.3040295 0.7625399 0.8823529411764706 45
0.65 1.0 1.2039316 0.7129272 0.9411764705882353 48
0.7 0.2 1.2246742 0.6918772 0.9607843137254902 49
0.775 0.15 1.222623 0.62921184 0.9803921568627451 50
0.7 0.5 1.2302458 0.6960334 0.9607843137254902 49
0.8 0.25 1.2238582 0.6242037 0.9803921568627451 50
0.7 0.8 1.2223091 0.68597955 0.9607843137254902 49
0.7 0.85 1.2368681 0.7062947 0.9803921568627451 50
0.675 1.0 1.2201335 0.7109366 0.9215686274509803 47
0.675 0.8 1.2130698 0.69738865 0.9411764705882353 48
0.725 0.35 1.2338417 0.6838025 0.9803921568627451 50
0.7 0.7 1.2251879 0.69407386 0.9803921568627451 50
0.525 0.35 1.1956825 0.7184188 0.9019607843137255 46
0.7 0.65 1.2179443 0.6835253 0.9803921568627451 50
0.75 0.65 1.2288654 0.6552716 0.9803921568627451 50
0.7 1.0 1.2177589 0.6781682 0.9803921568627451 50
0.7 0.95 1.221255 0.6838908 0.9607843137254902 49
0.725 0.75 1.2295253 0.6760907 0.9803921568627451 50
0.725 0.3 1.2344898 0.68582964 0.9803921568627451 50
0.775 0.25 1.2319608 0.6453977 0.9803921568627451 50
0.675 0.5 1.2123169 0.7043295 0.9411764705882353 48
0.725 0.55 1.2333977 0.6805262 0.9803921568627451 50
0.725 0.95 1.2414604 0.69496185 0.9803921568627451 50
0.775 0.2 1.2273018 0.6487696 0.9803921568627451 50
0.725 0.1 1.2333643 0.6784621 0.9803921568627451 50
0.725 0.2 1.235995 0.6864062 0.9803921568627451 50
0.725 0.9 1.2317438 0.6777026 0.9803921568627451 50
0.725 0.8 1.2352467 0.6782823 0.9803921568627451 50
0.775 1.0 1.2416711 0.6743101 0.9803921568627451 50
0.725 0.6 1.2297643 0.6744378 0.9803921568627451 50
0.75 0.1 1.2313106 0.6547104 0.9803921568627451 50
0.75 0.2 1.236036 0.6731452 0.9803921568627451 50
0.75 0.95 1.2333224 0.6638563 0.9803921568627451 50
0.775 0.4 1.2412437 0.6678288 0.9803921568627451 50
0.8 0.1 1.2226394 0.61663604 0.9803921568627451 50
0.55 0.15 1.1430403 0.7511858 0.9215686274509803 47
0.775 0.75 1.2327263 0.656234 0.9803921568627451 50
0.725 0.7 1.2360026 0.6899759 0.9803921568627451 50
0.725 0.4 1.2296553 0.6794484 0.9803921568627451 50
0.725 0.05 1.2290579 0.67843705 0.9803921568627451 50
0.7 0.6 1.2302967 0.69519204 0.9803921568627451 50
0.725 0.45 1.2326348 0.68817055 0.9803921568627451 50
0.675 0.95 1.2142334 0.701542 0.9607843137254902 49
0.775 0.8 1.2368177 0.65810543 0.9803921568627451 50
0.5 0.3 1.2941234 0.7318823 0.8823529411764706 45
0.75 0.35 1.2292793 0.65763974 0.9803921568627451 50
0.725 0.5 1.233691 0.6823424 0.9803921568627451 50
0.75 0.75 1.2336271 0.66794294 0.9803921568627451 50
0.725 0.85 1.2251337 0.6635367 0.9803921568627451 50
0.8 0.55 1.2198398 0.6200909 0.9803921568627451 50
0.725 0.65 1.226823 0.66820264 0.9803921568627451 50
0.8 0.2 1.2249025 0.6324922 0.9803921568627451 50
0.775 0.95 1.2270062 0.6440108 0.9803921568627451 50
0.825 0.15 1.2271004 0.63954675 0.9803921568627451 50
0.75 0.25 1.2313737 0.657255 0.9803921568627451 50
0.825 0.05 1.222448 0.6264765 0.9803921568627451 50
0.75 0.7 1.2311261 0.65670407 0.9803921568627451 50
0.8 0.7 1.2235445 0.625012 0.9803921568627451 50
0.8 0.4 1.2224295 0.6293073 0.9803921568627451 50
0.775 0.45 1.2355564 0.65512127 0.9803921568627451 50
0.775 0.3 1.2321533 0.6475278 0.9803921568627451 50
0.775 0.65 1.2291018 0.64463276 0.9803921568627451 50
0.75 0.05 1.2227781 0.6448974 0.9803921568627451 50
0.775 0.1 1.2264929 0.6312385 0.9803921568627451 50
0.75 1.0 1.2283404 0.65479016 0.9803921568627451 50
0.825 0.1 1.2257984 0.6294223 0.9803921568627451 50
0.75 0.55 1.2356915 0.664984 0.9803921568627451 50
0.775 0.6 1.230962 0.6531828 0.9803921568627451 50
0.8 0.3 1.2162416 0.6199389 0.9803921568627451 50
0.775 0.55 1.2319362 0.6526807 0.9803921568627451 50
0.8 0.6 1.2283008 0.645044 0.9803921568627451 50
0.75 0.9 1.2237631 0.64109683 0.9803921568627451 50
0.75 0.6 1.2339722 0.660069 0.9803921568627451 50
0.55 0.3 1.1403112 0.7344421 0.9019607843137255 46
0.8 0.5 1.2233224 0.6315769 0.9803921568627451 50
0.825 0.95 1.2127062 0.6155056 0.9803921568627451 50
0.775 0.05 1.2358239 0.65913785 0.9803921568627451 50
0.75 0.8 1.2351037 0.6673748 0.9803921568627451 50
0.8 0.85 1.2236305 0.6336053 0.9803921568627451 50
0.775 0.35 1.2321416 0.6523091 0.9803921568627451 50
0.8 1.0 1.2185197 0.6143165 0.9803921568627451 50
0.825 0.2 1.2157567 0.6153294 0.9803921568627451 50
0.8 0.65 1.223329 0.6304835 0.9803921568627451 50
0.8 0.75 1.2223028 0.62544984 0.9803921568627451 50
0.8 0.9 1.2276964 0.6361331 0.9803921568627451 50
0.775 0.5 1.2405204 0.67817104 0.9803921568627451 50
0.8 0.05 1.2251052 0.6401668 0.9803921568627451 50
0.8 0.8 1.2242275 0.6400565 0.9803921568627451 50
0.825 0.35 1.2184315 0.6197371 0.9803921568627451 50
0.8 0.15 1.2268952 0.6371271 0.9803921568627451 50
0.825 0.25 1.2137686 0.61843544 0.9803921568627451 50
0.85 0.05 1.2082598 0.6051854 0.9803921568627451 50
0.75 0.85 1.2346865 0.67170674 0.9803921568627451 50
0.825 1.0 1.2096097 0.60726 0.9803921568627451 50
0.8 0.35 1.2267733 0.6360254 0.9803921568627451 50
0.825 0.65 1.2190089 0.6194383 0.9803921568627451 50
0.85 0.4 1.2132596 0.6182569 0.9803921568627451 50
1.0 0.25 1.1311018 0.5186062 0.9803921568627451 50
0.85 0.15 1.2020156 0.5874754 0.9803921568627451 50
0.825 0.4 1.2075729 0.59548545 0.9803921568627451 50
0.775 0.9 1.2349185 0.65784085 0.9803921568627451 50
0.8 0.45 1.2240779 0.6278867 0.9803921568627451 50
0.5 0.4 1.3066913 0.7391098 0.8823529411764706 45
0.8 0.95 1.2180922 0.62706935 0.9803921568627451 50
0.825 0.45 1.2151808 0.6122868 0.9803921568627451 50
0.825 0.85 1.2150453 0.6132463 0.9803921568627451 50
0.285 0.75 2.3692899 1.7310578 0.9411764705882353 48
0.825 0.5 1.2250049 0.6327497 0.9803921568627451 50
0.29 0.7 2.3552938 1.6701335 0.9411764705882353 48
0.5 0.9 1.2911775 0.7448888 0.8823529411764706 45
0.75 0.3 1.2334701 0.66201353 0.9803921568627451 50
0.825 0.3 1.2204797 0.62250674 0.9803921568627451 50
0.975 0.4 1.1443564 0.52662206 0.9803921568627451 50
0.85 0.1 1.2041075 0.5898162 0.9803921568627451 50
0.975 0.35 1.1441935 0.5239081 0.9803921568627451 50
0.825 0.9 1.2235357 0.62841064 0.9803921568627451 50
0.85 0.35 1.2090468 0.5998417 0.9803921568627451 50
0.85 0.45 1.2014335 0.5840874 0.9803921568627451 50
0.825 0.75 1.2176387 0.6185777 0.9803921568627451 50
0.825 0.8 1.2198184 0.6285931 0.9803921568627451 50
0.29 0.65 2.3820624 1.7288107 0.9411764705882353 48
0.85 0.25 1.2067493 0.6053479 0.9803921568627451 50
0.85 0.2 1.2117662 0.60634357 0.9803921568627451 50
0.825 0.55 1.2127832 0.6053094 0.9803921568627451 50
0.9 0.05 1.1797726 0.5682473 0.9803921568627451 50
1.0 0.65 1.1253326 0.5014943 0.9803921568627451 50
0.825 0.6 1.2171819 0.6205715 0.9803921568627451 50
0.85 0.3 1.2016432 0.58962595 0.9803921568627451 50
0.5 0.8 1.2690833 0.73481274 0.8823529411764706 45
0.5 0.85 1.3034126 0.745186 0.8823529411764706 45
0.825 0.7 1.2214067 0.6205273 0.9803921568627451 50
0.9 0.3 1.181374 0.57576823 0.9803921568627451 50
0.925 0.3 1.1633685 0.5426451 0.9803921568627451 50
0.95 0.15 1.1605365 0.53977305 0.9803921568627451 50
0.95 0.35 1.1641394 0.5483568 0.9803921568627451 50
0.9 0.75 1.1791923 0.5611674 0.9803921568627451 50
0.95 0.1 1.153032 0.5344001 0.9803921568627451 50
0.9 0.55 1.1798286 0.5653077 0.9803921568627451 50
0.925 0.4 1.1745181 0.55461854 0.9803921568627451 50
0.9 0.65 1.1796275 0.56394815 0.9803921568627451 50
0.925 0.7 1.1680696 0.54803276 0.9803921568627451 50
0.95 0.2 1.1621784 0.5485314 0.9803921568627451 50
0.9 0.1 1.183221 0.56723523 0.9803921568627451 50
0.875 1.0 1.200504 0.5976526 0.9803921568627451 50
0.9 0.5 1.1802996 0.5641262 0.9803921568627451 50
0.295 0.15 2.3531961 1.6098245 0.9411764705882353 48
0.875 0.5 1.1909345 0.58420277 0.9803921568627451 50
0.875 0.65 1.1990359 0.586792 0.9803921568627451 50
0.925 0.05 1.1679904 0.5448021 0.9803921568627451 50
0.9 0.4 1.182696 0.56509113 0.9803921568627451 50
0.95 0.25 1.1553154 0.53281444 0.9803921568627451 50
0.9 0.85 1.1860737 0.57741565 0.9803921568627451 50
0.875 0.95 1.1896489 0.58320665 0.9803921568627451 50
0.9 0.8 1.182888 0.56147844 0.9803921568627451 50
0.9 0.15 1.178388 0.55580103 0.9803921568627451 50
0.9 0.35 1.1779063 0.5598715 0.9803921568627451 50
0.9 0.95 1.1871578 0.5768029 0.9803921568627451 50
0.9 0.45 1.1830858 0.565028 0.9803921568627451 50
0.925 0.8 1.1724524 0.56233495 0.9803921568627451 50
0.95 0.3 1.1586846 0.53634495 0.9803921568627451 50
0.925 0.55 1.1664481 0.5455549 0.9803921568627451 50
0.925 0.95 1.1729387 0.5651608 0.9803921568627451 50
0.925 0.45 1.1642226 0.5398788 0.9803921568627451 50
0.925 0.1 1.1662318 0.550458 0.9803921568627451 50
0.925 0.35 1.1732966 0.56510997 0.9803921568627451 50
0.925 0.6 1.1734753 0.5581827 0.9803921568627451 50
0.9 0.9 1.1848414 0.5667091 0.9803921568627451 50
0.525 0.2 1.1913608 0.74458015 0.9215686274509803 47
0.875 0.45 1.1953379 0.58081555 0.9803921568627451 50
0.925 0.65 1.1758267 0.5586634 0.9803921568627451 50
0.9 0.25 1.1790535 0.5618632 0.9803921568627451 50
0.9 1.0 1.1859047 0.5727814 0.9803921568627451 50
0.925 0.2 1.1730576 0.5567895 0.9803921568627451 50
0.9 0.7 1.1875892 0.57899964 0.9803921568627451 50
0.925 0.75 1.1748602 0.55962723 0.9803921568627451 50
0.875 0.55 1.1919311 0.5769211 0.9803921568627451 50
0.95 0.05 1.1584052 0.53269136 0.9803921568627451 50
0.925 1.0 1.1726049 0.55608284 0.9803921568627451 50
0.875 0.9 1.1935247 0.5852949 0.9803921568627451 50
0.75 0.45 1.2261903 0.65059686 0.9803921568627451 50
0.9 0.2 1.1784049 0.5638658 0.9803921568627451 50
0.95 0.4 1.1581074 0.5449238 0.9803921568627451 50
0.125 0.45 4.3588567 1.9763677 0.9607843137254902 49
0.925 0.5 1.169366 0.5548717 0.9803921568627451 50
0.925 0.9 1.174078 0.55963105 0.9803921568627451 50
0.95 0.45 1.1622714 0.55072093 0.9803921568627451 50
0.925 0.15 1.1720719 0.5504518 0.9803921568627451 50
0.875 0.4 1.1918684 0.57196677 0.9803921568627451 50
0.75 0.4 1.2311919 0.66121674 0.9803921568627451 50
0.295 0.2 2.3462234 1.6167337 0.9411764705882353 48
0.55 0.25 1.142647 0.729796 0.9215686274509803 47
0.525 0.05 1.1895093 0.71774757 0.9215686274509803 47
0.975 0.2 1.1452755 0.52590907 0.9803921568627451 50
0.525 0.15 1.194525 0.73848975 0.9215686274509803 47
0.625 0.05 1.1896485 0.73949015 0.9411764705882353 48
0.925 0.25 1.1757004 0.5648608 0.9803921568627451 50
0.85 0.95 1.2073685 0.6115167 0.9803921568627451 50
0.625 0.65 1.1824379 0.718701 0.9411764705882353 48
0.875 0.2 1.1918375 0.5815905 0.9803921568627451 50
0.85 0.9 1.2094986 0.6015602 0.9803921568627451 50
0.975 0.3 1.1479986 0.52890855 0.9803921568627451 50
0.575 0.55 1.1409225 0.7389887 0.9215686274509803 47
0.9 0.6 1.1791499 0.5672939 0.9803921568627451 50
0.475 0.2 1.3954839 0.8034012 0.9019607843137255 46
0.875 0.1 1.1931801 0.574603 0.9803921568627451 50
0.7 0.9 1.2252443 0.6918287 0.9803921568627451 50
0.875 0.15 1.1964489 0.5857914 0.9803921568627451 50
0.285 0.15 2.3947294 1.7281297 0.9411764705882353 48
0.875 0.05 1.1964412 0.5858307 0.9803921568627451 50
0.95 0.75 1.1567754 0.5372547 0.9803921568627451 50
0.875 0.35 1.1909072 0.57249814 0.9803921568627451 50
0.625 0.1 1.1862026 0.7187269 0.9411764705882353 48
0.85 0.75 1.214482 0.6209449 0.9803921568627451 50
1.0 0.4 1.1276447 0.5067447 0.9803921568627451 50
0.875 0.7 1.1983268 0.58780074 0.9803921568627451 50
0.85 0.85 1.2098168 0.6024479 0.9803921568627451 50
0.875 0.75 1.1967759 0.5883221 0.9803921568627451 50
0.125 0.4 4.423839 2.0268629 0.9607843137254902 49
0.85 0.7 1.2121501 0.61662424 0.9803921568627451 50
0.975 0.95 1.140836 0.51483953 0.9803921568627451 50
0.85 0.8 1.2065861 0.6082035 0.9803921568627451 50
0.875 0.8 1.1972868 0.5843817 0.9803921568627451 50
1.0 0.15 1.1374943 0.5266079 0.9803921568627451 50
0.85 0.65 1.2055175 0.5976188 0.9803921568627451 50
0.85 1.0 1.2010046 0.595058 0.9803921568627451 50
0.525 0.7 1.2070072 0.73421544 0.9019607843137255 46
0.2 0.8 3.378846 2.3198419 0.9607843137254902 49
1.0 0.05 1.1283581 0.5121183 0.9803921568627451 50
0.875 0.3 1.1938941 0.58332527 0.9803921568627451 50
1.0 0.9 1.131657 0.5139059 0.9803921568627451 50
0.2 0.2 3.413042 2.350869 0.9607843137254902 49
0.75 0.5 1.232526 0.66029537 0.9803921568627451 50
0.95 0.6 1.1529958 0.5170192 0.9803921568627451 50
1.0 1.0 1.1264493 0.5039297 0.9803921568627451 50
0.5 0.7 1.2788999 0.7459957 0.8823529411764706 45
0.925 0.85 1.16856 0.5524642 0.9803921568627451 50
0.625 0.15 1.1855222 0.7229692 0.9411764705882353 48
0.255 0.85 2.2061787 1.7029077 0.9607843137254902 49
0.625 0.2 1.1665012 0.6950689 0.9607843137254902 49
0.975 1.0 1.1405154 0.5174791 0.9803921568627451 50
0.29 0.45 2.35406 1.6560204 0.9411764705882353 48
0.285 0.85 2.3727045 1.6870661 0.9411764705882353 48
0.175 0.65 4.5127316 2.6860619 0.9411764705882353 48
0.975 0.55 1.1391227 0.52199185 0.9803921568627451 50
0.975 0.7 1.1493406 0.52717406 0.9803921568627451 50
0.305 0.9 2.3145404 1.5228677 0.9411764705882353 48
0.285 0.45 2.3520634 1.6850961 0.9411764705882353 48
0.975 0.6 1.1474947 0.5230938 0.9803921568627451 50
0.875 0.25 1.192731 0.5890455 0.9803921568627451 50
0.295 0.85 2.3386357 1.6186715 0.9411764705882353 48
1.0 0.3 1.1341693 0.5117745 0.9803921568627451 50
1.0 0.1 1.1371073 0.5147882 0.9803921568627451 50
0.425 0.4 1.7027162 1.1035881 0.9019607843137255 46
0.305 0.95 2.3323102 1.5533527 0.9411764705882353 48
1.0 0.85 1.1334307 0.51789224 0.9803921568627451 50
0.3 0.25 2.3686674 1.6228666 0.9411764705882353 48
0.975 0.25 1.1418417 0.5252206 0.9803921568627451 50
0.285 0.55 2.3633494 1.6975417 0.9411764705882353 48
1.0 0.45 1.1349376 0.5167738 0.9803921568627451 50
0.95 0.9 1.1656599 0.5551231 0.9803921568627451 50
0.205 0.85 3.070857 2.1706116 0.9607843137254902 49
1.0 0.35 1.1333406 0.5186314 0.9803921568627451 50
0.975 0.85 1.1508572 0.53909564 0.9803921568627451 50
0.285 0.6 2.34255 1.6720473 0.9411764705882353 48
1.0 0.7 1.1271875 0.50876665 0.9803921568627451 50
0.95 0.85 1.1546149 0.5329869 0.9803921568627451 50
1.0 0.6 1.1313076 0.50791883 0.9803921568627451 50
1.0 0.5 1.1330297 0.50893825 0.9803921568627451 50
0.425 0.05 1.7034168 1.11302 0.9019607843137255 46
1.0 0.2 1.1307173 0.511085 0.9803921568627451 50
1.0 0.55 1.1315062 0.5215821 0.9803921568627451 50
0.475 0.1 1.3860936 0.78700733 0.8823529411764706 45
0.975 0.1 1.1379807 0.5118962 0.9803921568627451 50
0.425 0.95 1.7061605 1.1007516 0.9215686274509803 47
0.45 0.1 1.55786 0.95692056 0.9019607843137255 46
0.425 0.7 1.6805818 1.0705377 0.9019607843137255 46
0.975 0.05 1.1386235 0.5177913 0.9803921568627451 50
0.4 0.4 1.818436 1.1840857 0.9411764705882353 48
0.875 0.85 1.1916715 0.5887125 0.9803921568627451 50
0.875 0.6 1.1940343 0.5873496 0.9803921568627451 50
0.285 0.8 2.350246 1.6390916 0.9411764705882353 48
0.45 0.8 1.553393 0.9401309 0.9019607843137255 46
0.975 0.9 1.143729 0.5270042 0.9803921568627451 50
0.29 0.55 2.388435 1.7321037 0.9411764705882353 48
0.395 0.05 1.8427861 1.2063084 0.9411764705882353 48
1.0 0.95 1.1316606 0.5172763 0.9803921568627451 50
0.975 0.8 1.1435343 0.5231913 0.9803921568627451 50
0.975 0.75 1.1498067 0.5384023 0.9803921568627451 50
0.425 0.45 1.7117466 1.102433 0.9019607843137255 46
0.975 0.15 1.1480044 0.5357896 0.9803921568627451 50
0.29 0.35 2.351647 1.6602314 0.9411764705882353 48
0.125 0.7 4.257699 1.9288285 0.9607843137254902 49
0.95 0.65 1.1565622 0.5416061 0.9803921568627451 50
0.125 0.75 4.4372473 2.0509899 0.9411764705882353 48
0.95 1.0 1.1592335 0.5322646 0.9803921568627451 50
0.45 1.0 1.5373539 0.9652959 0.9019607843137255 46
0.975 0.45 1.1443259 0.5250367 0.9803921568627451 50
0.285 0.95 2.3407595 1.6752281 0.9411764705882353 48
0.45 0.5 1.5414523 0.9232014 0.8823529411764706 45
0.95 0.95 1.1563473 0.5396491 0.9803921568627451 50
0.3 0.2 2.368747 1.5961816 0.9411764705882353 48
0.3 0.65 2.3572288 1.592519 0.9411764705882353 48
1.0 0.75 1.130757 0.5160325 0.9803921568627451 50
0.28 1.0 2.325803 1.6727163 0.9411764705882353 48
0.3 0.75 2.3614728 1.6118673 0.9411764705882353 48
0.3 0.3 2.3444374 1.5936009 0.9411764705882353 48
0.3 1.0 2.358374 1.6081077 0.9411764705882353 48
0.3 0.9 2.3525984 1.5843956 0.9411764705882353 48
0.975 0.5 1.1379019 0.51671916 0.9803921568627451 50
0.2 0.75 3.3967004 2.3782225 0.9607843137254902 49
0.3 0.6 2.3625565 1.6202887 0.9411764705882353 48
0.3 0.4 2.3261058 1.5478824 0.9411764705882353 48
0.3 0.15 2.343555 1.6107854 0.9411764705882353 48
0.38 0.8 1.9275608 1.240311 0.9411764705882353 48
0.45 0.45 1.5509603 0.9535103 0.9019607843137255 46
0.3 0.1 2.3432438 1.581377 0.9607843137254902 49
0.3 0.7 2.3397918 1.5629386 0.9411764705882353 48
0.5 0.55 1.282223 0.7458147 0.8823529411764706 45
0.295 0.9 2.3480325 1.6050954 0.9411764705882353 48
0.295 1.0 2.3647358 1.6347518 0.9411764705882353 48
0.475 0.65 1.4069487 0.8177349 0.9215686274509803 47
0.295 0.95 2.3620055 1.626365 0.9411764705882353 48
0.3 0.5 2.3533428 1.6215765 0.9411764705882353 48
0.3 0.95 2.3649414 1.6352797 0.9411764705882353 48
0.3 0.05 2.3170047 1.5221351 0.9411764705882353 48
0.285 0.9 2.3887293 1.7261909 0.9411764705882353 48
0.38 0.85 1.908089 1.2269573 0.9411764705882353 48
0.525 0.3 1.2073716 0.74054176 0.9019607843137255 46
0.3 0.55 2.3583426 1.5840428 0.9411764705882353 48
0.295 0.45 2.34088 1.5825888 0.9411764705882353 48
0.29 0.75 2.3478885 1.6628029 0.9411764705882353 48
0.3 0.45 2.3305476 1.561694 0.9411764705882353 48
0.255 0.8 2.2071085 1.667471 0.9607843137254902 49
0.5 0.75 1.2868857 0.74095297 0.9019607843137255 46
0.3 0.8 2.3195548 1.5647724 0.9411764705882353 48
0.3 0.85 2.3579588 1.627844 0.9411764705882353 48
0.295 0.4 2.371693 1.6540143 0.9411764705882353 48
0.425 0.75 1.6851842 1.069596 0.9215686274509803 47
0.125 0.55 4.3681803 1.9719063 0.9607843137254902 49
0.295 0.35 2.3880463 1.6700972 0.9411764705882353 48
0.475 0.95 1.4326608 0.8606279 0.8823529411764706 45
0.575 0.05 1.1359028 0.71869546 0.9411764705882353 48
0.5 0.45 1.2974434 0.7550714 0.8823529411764706 45
0.5 0.5 1.2895981 0.7585144 0.8823529411764706 45
0.125 0.5 4.4520235 2.0164042 0.9607843137254902 49
0.2 0.9 3.4149444 2.295706 0.9607843137254902 49
0.95 0.55 1.1613661 0.54064953 0.9803921568627451 50
0.95 0.5 1.1545602 0.5362748 0.9803921568627451 50
0.29 0.5 2.3567162 1.6564652 0.9411764705882353 48
0.975 0.65 1.1427178 0.5270984 0.9803921568627451 50
0.2 0.25 3.3990288 2.3172195 0.9607843137254902 49
0.39 0.05 1.871208 1.230165 0.9411764705882353 48
0.4 0.65 1.8288742 1.2018439 0.9215686274509803 47
0.125 0.6 4.4922233 2.0881495 0.9607843137254902 49
0.295 0.6 2.356736 1.6147333 0.9411764705882353 48
0.29 0.4 2.3477182 1.6576594 0.9411764705882353 48
0.85 0.5 1.2069786 0.6063429 0.9803921568627451 50
0.29 0.3 2.348992 1.6742061 0.9411764705882353 48
0.85 0.6 1.2097511 0.6122282 0.9803921568627451 50
0.85 0.55 1.2030513 0.59950405 0.9803921568627451 50
0.475 0.5 1.4211011 0.83527243 0.9019607843137255 46
0.475 0.45 1.4273934 0.84012437 0.8823529411764706 45
0.95 0.8 1.1528376 0.5382223 0.9803921568627451 50
0.295 0.65 2.3452246 1.6129898 0.9411764705882353 48
0.305 0.85 2.3462968 1.5851284 0.9411764705882353 48
0.3 0.35 2.33109 1.5894506 0.9411764705882353 48
1.0 0.8 1.13044 0.5143557 0.9803921568627451 50
0.5 0.6 1.3005635 0.75098515 0.8823529411764706 45
0.295 0.7 2.36198 1.6402997 0.9411764705882353 48
0.525 0.8 1.382407 0.65077513 0.9019607843137255 46
0.5 0.65 1.2960876 0.76096535 0.8823529411764706 45
0.525 0.25 1.221103 0.7249301 0.9019607843137255 46
0.475 0.25 1.4190137 0.8426464 0.8823529411764706 45
0.95 0.7 1.1554711 0.5321409 0.9803921568627451 50
0.45 0.7 1.5471617 0.9489497 0.9019607843137255 46
0.3 0.6 1.3297436 0.67204493 0.9411764705882353 48
0.3 0.05 1.2979734 0.6041281 0.9215686274509803 47
0.3 0.1 1.2341021 0.55065 0.9803921568627451 50
0.35 0.15 1.3629907 0.5756213 0.9019607843137255 46
0.3 0.55 1.2524981 0.51711947 0.9607843137254902 49
0.3 0.4 1.2563765 0.55203825 0.9411764705882353 48
0.3 0.3 1.3102924 0.61536455 0.9607843137254902 49
0.3 0.5 1.3313539 0.5338746 0.9019607843137255 46
0.3 0.15 1.4556713 0.6708194 0.9215686274509803 47
0.3 0.45 1.3746109 0.70679945 0.9411764705882353 48
0.3 0.8 1.3192328 0.57698035 0.9215686274509803 47
0.3 1.0 1.395292 0.5864564 0.8823529411764706 45
0.3 0.7 1.3755492 0.5784756 0.9215686274509803 47
0.3 0.35 1.4171039 0.6007152 0.9215686274509803 47
0.35 0.4 1.3776095 0.57770383 0.9019607843137255 46
0.3 0.9 1.3526958 0.494902 0.9607843137254902 49
0.3 0.25 1.4302764 0.6947183 0.9411764705882353 48
0.3 0.65 1.4202249 0.6873706 0.8823529411764706 45
0.3 0.85 1.298682 0.5964283 0.9215686274509803 47
0.35 0.3 1.377056 0.57101154 0.9019607843137255 46
0.5 0.9 1.1856079 0.5835888 0.9411764705882353 48
0.5 0.4 1.1939639 0.5834795 0.9411764705882353 48
0.3 0.95 1.4470719 0.67419624 0.9411764705882353 48
0.35 0.25 1.3815218 0.6053305 0.9019607843137255 46
0.3 0.2 1.3193953 0.6121192 0.9411764705882353 48
0.35 0.45 1.4045922 0.5558176 0.9019607843137255 46