
0.45 0.7 1.7406765 1.2470777 0.9411764705882353 48
0.45 0.15 1.7452259 1.257309 0.9411764705882353 48
0.45 0.35 1.784586 1.2492265 0.9411764705882353 48
0.45 0.05 1.7507532 1.2421075 0.9411764705882353 48
0.45 0.2 1.7577406 1.2536618 0.9411764705882353 48
0.45 0.4 1.7487957 1.2297971 0.9215686274509803 47
0.45 0.65 1.7521569 1.258947 0.9411764705882353 48
0.45 0.55 1.7923794 1.2437851 0.9215686274509803 47
0.45 0.5 1.748065 1.2480632 0.9411764705882353 48
0.4 0.9 1.9574829 1.6931084 0.9215686274509803 47
0.4 0.85 1.954085 1.6804105 0.9215686274509803 47
0.45 0.75 1.8538907 1.1980264 0.9411764705882353 48
0.45 0.25 1.7520214 1.250099 0.9411764705882353 48
0.45 0.45 1.747688 1.2438692 0.9411764705882353 48
0.5 0.15 1.6386983 1.2647187 0.9607843137254902 49
0.45 0.3 1.760066 1.2771047 0.9411764705882353 48
0.45 0.9 1.8256423 1.2429761 0.9411764705882353 48
0.45 0.1 1.7776072 1.2112949 0.9215686274509803 47
0.45 0.6 1.744425 1.2378261 0.9411764705882353 48
0.5 0.05 1.6524013 1.2558001 0.9411764705882353 48
0.5 0.2 1.6543055 1.2326531 0.9411764705882353 48
0.4 1.0 1.9570116 1.6440727 0.9215686274509803 47
0.45 0.8 1.7409923 1.2418077 0.9411764705882353 48
0.45 1.0 1.7549225 1.2512554 0.9411764705882353 48
0.5 0.1 1.6261765 1.203706 0.9607843137254902 49
0.4 0.95 1.9267738 1.6706446 0.9215686274509803 47
0.6 0.85 1.3139746 0.7807932 0.9411764705882353 48
0.65 0.25 1.1670226 0.56186384 0.9411764705882353 48
0.45 0.95 1.7579176 1.2563204 0.9215686274509803 47
0.65 0.2 1.1685203 0.5640944 0.9411764705882353 48
0.45 0.85 1.7233937 1.2546159 0.9411764705882353 48
0.65 0.15 1.1234478 0.55606836 0.9411764705882353 48
0.65 0.55 1.1659352 0.5609009 0.9411764705882353 48
0.65 0.85 1.1833225 0.5764262 0.9411764705882353 48
0.65 0.95 1.150882 0.588925 0.9411764705882353 48
0.6 0.9 1.3058522 0.77656645 0.9411764705882353 48
0.6 0.95 1.337891 0.8268102 0.9411764705882353 48
0.7 0.15 1.0987351 0.5195706 0.9607843137254902 49
0.7 0.25 1.0746294 0.5325115 0.9607843137254902 49
0.65 0.45 1.1418011 0.5754814 0.9411764705882353 48
0.6 1.0 1.3271425 0.8495856 0.9411764705882353 48
0.65 0.3 1.1732199 0.5705353 0.9411764705882353 48
0.6 0.7 1.3260969 0.8502364 0.9411764705882353 48
0.65 0.5 1.1376028 0.57519746 0.9411764705882353 48
0.65 0.6 1.1487556 0.5816214 0.9411764705882353 48
0.6 0.75 1.314904 0.7970433 0.9411764705882353 48
0.65 0.75 1.1511314 0.57127523 0.9411764705882353 48
0.65 1.0 1.1409154 0.5439936 0.9411764705882353 48
0.65 0.05 1.1824408 0.5686352 0.9411764705882353 48
0.7 0.3 1.0965106 0.5179752 0.9607843137254902 49
0.95 0.9 0.9887145 0.47716182 0.9607843137254902 49
0.65 0.1 1.157006 0.5864011 0.9411764705882353 48
0.7 0.2 1.0876333 0.5328051 0.9607843137254902 49
0.75 0.05 1.0754552 0.5117859 0.9607843137254902 49
0.55 0.75 1.5015218 1.1375072 0.9411764705882353 48
0.75 0.15 1.0715681 0.5119898 0.9607843137254902 49
0.65 0.9 1.1644905 0.58739656 0.9411764705882353 48
0.7 0.65 1.089524 0.51659834 0.9607843137254902 49
0.65 0.8 1.1570878 0.5785142 0.9411764705882353 48
0.7 0.7 1.0920753 0.5199834 0.9607843137254902 49
0.75 0.35 1.0775295 0.50695854 0.9607843137254902 49
0.75 0.45 1.0641997 0.5089007 0.9607843137254902 49
0.7 0.75 1.0939276 0.5196942 0.9607843137254902 49
0.6 0.55 1.3199971 0.8042733 0.9411764705882353 48
0.7 0.05 1.0830837 0.5276184 0.9607843137254902 49
0.7 0.95 1.0846598 0.5341715 0.9607843137254902 49
0.75 0.1 1.0726386 0.5102702 0.9607843137254902 49
0.7 0.8 1.08685 0.52270854 0.9607843137254902 49
0.7 0.9 1.0820206 0.53256494 0.9607843137254902 49
0.6 0.2 1.3106972 0.8138579 0.9411764705882353 48
0.75 0.25 1.0724888 0.5114134 0.9607843137254902 49
0.6 0.45 1.328284 0.8232023 0.9411764705882353 48
0.75 0.3 1.0780684 0.5104415 0.9607843137254902 49
0.6 0.05 1.3475358 0.8509019 0.9411764705882353 48
0.55 0.9 1.5103081 1.0956302 0.9411764705882353 48
0.7 0.1 1.0873706 0.53148824 0.9607843137254902 49
0.5 0.45 1.7193534 1.2333722 0.9607843137254902 49
0.75 0.4 1.0686983 0.51452017 0.9607843137254902 49
0.6 0.35 1.2950035 0.7729884 0.9411764705882353 48
0.7 0.85 1.0825566 0.5249831 0.9607843137254902 49
0.6 0.3 1.2850794 0.77644604 0.9215686274509803 47
0.6 0.5 1.3088208 0.8132587 0.9411764705882353 48
0.6 0.1 1.3531988 0.85449255 0.9411764705882353 48
0.75 0.5 1.0766015 0.5013908 0.9607843137254902 49
0.55 0.85 1.5206482 1.1898501 0.9411764705882353 48
0.55 1.0 1.5007322 1.1322039 0.9411764705882353 48
0.55 0.8 1.5276002 1.1411836 0.9411764705882353 48
0.75 0.2 1.0757562 0.504288 0.9607843137254902 49
0.6 0.6 1.3179628 0.7745879 0.9411764705882353 48
0.55 0.95 1.5112816 1.1067202 0.9411764705882353 48
0.6 0.65 1.3216444 0.7932168 0.9411764705882353 48
0.6 0.4 1.2793175 0.75543785 0.9215686274509803 47
0.7 1.0 1.0748174 0.5341294 0.9607843137254902 49
0.75 0.65 1.0672286 0.51763195 0.9607843137254902 49
0.6 0.15 1.3195947 0.7852163 0.9411764705882353 48
0.8 0.55 1.0531285 0.4901004 0.9607843137254902 49
0.75 0.55 1.0685962 0.507984 0.9607843137254902 49
0.5 0.55 1.6801771 1.2364109 0.9607843137254902 49
0.5 0.5 1.6366246 1.2479733 0.9607843137254902 49
0.85 0.55 1.0231001 0.49011433 0.9607843137254902 49
0.85 0.25 1.0258087 0.49125564 0.9607843137254902 49
0.75 0.75 1.0753882 0.50401515 0.9607843137254902 49
0.75 0.7 1.0698191 0.51023746 0.9607843137254902 49
0.6 0.25 1.3244805 0.7992782 0.9411764705882353 48
0.95 0.7 0.9931431 0.47739866 0.9607843137254902 49
0.8 0.7 1.0520105 0.5047009 0.9607843137254902 49
0.8 0.65 1.0419333 0.50399816 0.9607843137254902 49
0.85 0.05 1.0219071 0.4910571 0.9607843137254902 49
0.9 0.2 1.0051668 0.48382878 0.9607843137254902 49
0.8 0.75 1.0476764 0.50194556 0.9607843137254902 49
0.85 0.3 1.0208324 0.49475914 0.9607843137254902 49
0.8 0.3 1.040071 0.5067914 0.9607843137254902 49
0.8 0.5 1.0499508 0.49923536 0.9607843137254902 49
0.95 0.15 0.99184245 0.47637674 0.9607843137254902 49
0.75 0.6 1.0775942 0.50738806 0.9607843137254902 49
0.5 0.25 1.6353476 1.2339226 0.9607843137254902 49
0.95 0.6 0.99148405 0.4764815 0.9607843137254902 49
0.85 0.75 1.0208648 0.49370107 0.9607843137254902 49
0.85 0.1 1.0240858 0.49274668 0.9607843137254902 49
0.9 0.25 1.0057818 0.48327285 0.9607843137254902 49
0.8 0.85 1.0501179 0.49952975 0.9607843137254902 49
0.55 0.55 1.4777646 1.0722519 0.9411764705882353 48
0.8 0.4 1.0456353 0.49968275 0.9607843137254902 49
0.9 0.8 1.0036331 0.48337278 0.9607843137254902 49
0.85 1.0 1.0210415 0.48923504 0.9607843137254902 49
0.55 0.05 1.5239626 1.1355926 0.9411764705882353 48
0.8 0.45 1.0462372 0.5043276 0.9607843137254902 49
0.85 0.4 1.0194849 0.48974374 0.9607843137254902 49
0.85 0.85 1.0241511 0.49185044 0.9607843137254902 49
0.8 0.95 1.0479982 0.50077915 0.9607843137254902 49
0.55 0.4 1.5294282 1.1570646 0.9411764705882353 48
0.9 0.45 1.0045897 0.48288885 0.9607843137254902 49
0.85 0.65 1.0217978 0.49092603 0.9607843137254902 49
0.8 0.8 1.0494905 0.5003691 0.9607843137254902 49
0.9 0.3 1.0059701 0.4836389 0.9607843137254902 49
0.8 0.35 1.0465158 0.5046728 0.9607843137254902 49
0.85 0.15 1.0254502 0.49956122 0.9607843137254902 49
0.95 0.25 0.9870135 0.47581786 0.9607843137254902 49
0.9 0.15 1.0032614 0.4859173 0.9607843137254902 49
0.85 0.9 1.0200781 0.49086383 0.9607843137254902 49
0.85 0.5 1.0231053 0.4901031 0.9607843137254902 49
0.9 0.4 1.0052347 0.48340374 0.9607843137254902 49
0.95 0.3 0.99003506 0.47629172 0.9607843137254902 49
0.5 1.0 1.6367038 1.2254589 0.9411764705882353 48
0.85 0.6 1.0191131 0.49070123 0.9607843137254902 49
0.85 0.8 1.0238253 0.49221018 0.9607843137254902 49
0.5 0.95 1.6507324 1.2407537 0.9607843137254902 49
0.95 0.1 0.99141693 0.47731304 0.9607843137254902 49
0.8 1.0 1.047766 0.5056994 0.9607843137254902 49
0.8 0.9 1.0495942 0.4993182 0.9607843137254902 49
0.9 0.85 1.0042963 0.4839648 0.9607843137254902 49
0.95 0.5 0.99055594 0.4758598 0.9607843137254902 49
0.9 0.1 1.0043582 0.4850565 0.9607843137254902 49
0.95 0.45 0.9912633 0.47694427 0.9607843137254902 49
0.9 0.35 1.0048392 0.4853603 0.9607843137254902 49
0.85 0.45 1.0221589 0.4915384 0.9607843137254902 49
0.9 0.05 1.0034716 0.48393533 0.9607843137254902 49
0.7 0.5 1.0953257 0.51319665 0.9607843137254902 49
0.8 0.6 1.0441165 0.5011609 0.9607843137254902 49
0.95 0.05 0.9905015 0.4769724 0.9607843137254902 49
0.55 0.3 1.5030128 1.084122 0.9411764705882353 48
0.85 0.7 1.0180092 0.49318534 0.9607843137254902 49
0.55 0.15 1.5249882 1.132283 0.9411764705882353 48
0.85 0.35 1.0240948 0.49102637 0.9607843137254902 49
0.85 0.95 1.0225725 0.49285442 0.9607843137254902 49
0.55 0.1 1.5034736 1.073631 0.9607843137254902 49
0.9 0.9 1.002726 0.48266444 0.9607843137254902 49
0.7 0.6 1.077329 0.5338367 0.9607843137254902 49
0.9 0.75 1.006816 0.4862589 0.9607843137254902 49
0.9 0.95 1.0031965 0.48494962 0.9607843137254902 49
0.9 1.0 1.0022194 0.48548508 0.9607843137254902 49
0.55 0.35 1.5025855 1.0905732 0.9607843137254902 49
0.55 0.45 1.4935989 1.1377728 0.9411764705882353 48
0.55 0.2 1.5067184 1.1676451 0.9411764705882353 48
0.55 0.5 1.5273561 1.1532795 0.9411764705882353 48
0.55 0.6 1.5164497 1.1345176 0.9411764705882353 48
0.9 0.5 1.0036939 0.4830878 0.9607843137254902 49
0.9 0.55 1.0028968 0.48270172 0.9607843137254902 49
0.5 0.9 1.6438049 1.2400866 0.9607843137254902 49
0.95 0.4 0.9925853 0.47432655 0.9607843137254902 49
0.15 0.65 3.4607124 2.7456765 0.8823529411764706 45
0.05 1.0 35.291145 26.485594 0.7647058823529411 39
0.55 0.25 1.5192578 1.1696022 0.9607843137254902 49
0.7 0.35 1.0780569 0.53105825 0.9607843137254902 49
0.15 0.6 3.5236182 3.0712507 0.9215686274509803 47
0.9 0.65 1.006129 0.4842063 0.9607843137254902 49
0.7 0.45 1.0874029 0.53436357 0.9607843137254902 49
0.95 0.35 0.99086916 0.47641328 0.9607843137254902 49
0.95 0.2 0.99326056 0.47634667 0.9607843137254902 49
0.95 0.75 0.9907926 0.47609228 0.9607843137254902 49
0.85 0.2 1.0262816 0.49263182 0.9607843137254902 49
1.0 0.15 0.98049545 0.4691259 0.9607843137254902 49
0.7 0.55 1.0864563 0.53066826 0.9607843137254902 49
0.95 0.95 0.9911642 0.4772597 0.9607843137254902 49
1.0 0.35 0.98324186 0.47058013 0.9607843137254902 49
1.0 0.25 0.97836864 0.47128865 0.9607843137254902 49
1.0 0.2 0.98095644 0.47104955 0.9607843137254902 49
1.0 0.3 0.9834488 0.46904817 0.9607843137254902 49
0.9 0.6 1.0044024 0.48577338 0.9607843137254902 49
1.0 0.5 0.98290235 0.47128984 0.9607843137254902 49
1.0 0.7 0.9802821 0.4714128 0.9607843137254902 49
0.9 0.7 1.0014845 0.48489267 0.9607843137254902 49
1.0 0.4 0.97964287 0.470201 0.9607843137254902 49
1.0 0.8 0.98123246 0.470502 0.9607843137254902 49
1.0 0.05 0.9809104 0.47046188 0.9607843137254902 49
1.0 0.75 0.98089904 0.47037148 0.9607843137254902 49
1.0 0.55 0.9814997 0.4708384 0.9607843137254902 49
0.95 1.0 0.9917506 0.47674736 0.9607843137254902 49
0.7 0.4 1.098902 0.5194263 0.9607843137254902 49
1.0 0.1 0.98250544 0.47083306 0.9607843137254902 49
1.0 0.9 0.9796298 0.47010484 0.9607843137254902 49
1.0 0.6 0.9805093 0.47096407 0.9607843137254902 49
1.0 1.0 0.98238695 0.47128987 0.9607843137254902 49
1.0 0.85 0.98205453 0.47217646 0.9607843137254902 49
1.0 0.95 0.98218423 0.47029865 0.9607843137254902 49
1.0 0.65 0.98271734 0.47017732 0.9607843137254902 49
1.0 0.45 0.9818838 0.47161707 0.9607843137254902 49
0.1 0.9 14.649393 12.349304 0.8627450980392157 44
0.55 0.7 1.5108447 1.1015193 0.9411764705882353 48
0.1 0.05 14.062729 11.883874 0.8627450980392157 44
0.25 0.2 3.6335912 5.295041 0.9019607843137255 46
0.05 0.85 35.381523 25.182281 0.7843137254901961 40
0.4 0.8 1.9867592 1.7202888 0.9215686274509803 47
0.2 0.15 3.2037308 3.6958368 0.9019607843137255 46
0.2 0.2 2.5117726 3.0515862 0.9411764705882353 48
0.35 0.75 2.7562385 3.4771242 0.9215686274509803 47
0.05 0.2 35.782425 25.998873 0.803921568627451 41
0.35 0.65 2.97686 3.383357 0.9215686274509803 47
0.05 0.1 34.579937 25.341637 0.7843137254901961 40
0.35 0.7 2.6808944 3.2122016 0.9215686274509803 47
0.15 0.85 3.345309 2.6360815 0.9019607843137255 46
0.05 0.25 35.661713 25.449343 0.7647058823529411 39
0.05 0.05 35.22477 24.879011 0.7647058823529411 39
0.4 0.25 2.100698 1.6709493 0.9215686274509803 47
0.05 0.15 35.703327 25.687147 0.7843137254901961 40
0.25 0.15 3.5182178 4.9377475 0.8823529411764706 45
0.05 0.8 35.945854 26.767975 0.7647058823529411 39
0.05 0.75 35.5602 26.609219 0.803921568627451 41
0.2 0.35 3.6138031 3.929712 0.8823529411764706 45
0.15 0.7 3.440847 2.701302 0.9019607843137255 46
0.1 0.75 14.150195 12.033981 0.8627450980392157 44
0.1 0.8 14.132208 11.503598 0.8431372549019608 43
0.1 0.85 14.545532 12.150926 0.8431372549019608 43
0.1 0.95 13.9894 11.407074 0.8431372549019608 43
0.2 0.05 3.102738 3.605364 0.9411764705882353 48
0.2 0.1 3.451384 3.8761067 0.9019607843137255 46
0.8 0.25 1.0518532 0.50621593 0.9607843137254902 49
0.2 0.3 3.0797818 3.7606492 0.9215686274509803 47
0.2 0.25 2.1395836 1.2864026 0.9019607843137255 46
0.1 1.0 14.358752 11.915945 0.8431372549019608 43
0.3 0.25 3.0323608 4.138152 0.9411764705882353 48
0.15 1.0 3.4927998 2.7381306 0.8823529411764706 45
0.15 0.95 3.314771 2.6650746 0.9019607843137255 46
0.4 0.35 1.9531863 1.6426722 0.9215686274509803 47
0.3 0.55 2.9919229 3.9716182 0.9215686274509803 47
0.15 0.8 3.4294295 2.7275937 0.9215686274509803 47
0.15 0.9 3.4755123 2.78863 0.9019607843137255 46
0.4 0.3 2.0707102 1.681327 0.9215686274509803 47
0.25 0.05 1.8281593 1.1571575 0.9215686274509803 47
0.15 0.75 3.2564607 2.3391292 0.8823529411764706 45
0.25 0.5 3.646733 5.1948495 0.9019607843137255 46
0.05 0.65 34.41855 24.501461 0.7843137254901961 40
0.25 0.85 3.3365293 4.680186 0.9019607843137255 46
0.3 0.75 3.002407 4.0499973 0.9411764705882353 48
0.55 0.65 1.5326974 1.14831 0.9411764705882353 48
0.05 0.7 35.719578 27.2954 0.7843137254901961 40
0.05 0.9 36.504635 28.599413 0.7843137254901961 40
0.25 0.45 3.4108841 4.663942 0.9019607843137255 46
0.3 0.6 3.1026692 4.1595445 0.9411764705882353 48
0.15 0.05 3.3723035 2.810201 0.8823529411764706 45
0.05 0.95 34.856068 25.996159 0.7843137254901961 40
0.3 0.3 2.9864693 4.0161834 0.9411764705882353 48
0.15 0.1 3.3656077 2.5011003 0.9215686274509803 47
0.15 0.35 3.774186 3.0800142 0.9019607843137255 46
0.35 0.55 2.753632 3.4873145 0.9215686274509803 47
0.25 0.65 3.5733266 4.936248 0.8823529411764706 45
0.25 0.4 3.5704474 5.0664268 0.9019607843137255 46
0.65 0.4 1.1643947 0.5605474 0.9411764705882353 48
0.25 0.1 3.3437297 4.62243 0.8823529411764706 45
0.15 0.55 3.4372203 2.4910192 0.8823529411764706 45
0.3 0.65 2.9951382 4.0605497 0.9411764705882353 48
0.65 0.65 1.1471123 0.54193604 0.9411764705882353 48
0.65 0.35 1.1637979 0.5610269 0.9411764705882353 48
0.3 0.85 3.1188579 4.1555195 0.9019607843137255 46
0.3 0.95 3.0209508 3.9987972 0.9215686274509803 47
0.1 0.65 14.866434 12.431369 0.8431372549019608 43
0.3 0.8 2.9802113 4.1597414 0.9215686274509803 47
0.65 0.7 1.1692747 0.5596642 0.9411764705882353 48
0.15 0.4 3.6334565 2.6715612 0.9019607843137255 46
0.3 0.35 2.998239 4.300051 0.9411764705882353 48
0.2 0.9 3.167017 3.4741356 0.9411764705882353 48
0.3 0.2 2.9757094 4.0928907 0.9411764705882353 48
0.15 0.45 3.665567 3.0094588 0.8823529411764706 45
0.3 0.4 3.1179848 4.2613907 0.9215686274509803 47
0.35 0.4 2.4836233 3.112186 0.9215686274509803 47
0.4 0.7 1.9582195 1.6708668 0.9215686274509803 47
0.25 0.3 3.341369 4.825045 0.8823529411764706 45
0.3 1.0 2.9603 4.098065 0.9411764705882353 48
0.25 0.6 3.241183 4.4627104 0.8823529411764706 45
0.35 0.6 2.7387016 3.483577 0.9215686274509803 47
0.3 0.9 2.9776607 3.9518971 0.9215686274509803 47
0.35 0.25 2.863586 3.4468007 0.9215686274509803 47
0.3 0.7 3.0025933 4.1402707 0.9411764705882353 48
0.25 1.0 3.672503 5.221171 0.9019607843137255 46
0.4 0.65 1.9654114 1.6894412 0.9215686274509803 47
0.3 0.5 3.0329635 4.0320673 0.9411764705882353 48
0.2 1.0 3.245118 3.9836974 0.9019607843137255 46
0.25 0.25 3.40629 4.7784367 0.9215686274509803 47
0.2 0.45 3.4162834 3.9508061 0.8627450980392157 44
0.4 0.75 1.9853394 1.6868424 0.9215686274509803 47
0.35 1.0 2.7410767 3.3526576 0.9215686274509803 47
0.75 0.9 1.0658926 0.5188005 0.9607843137254902 49
0.25 0.35 3.4636676 4.7311664 0.8823529411764706 45
0.35 0.9 2.7817962 3.4292586 0.9215686274509803 47
0.2 0.75 3.2809658 3.73693 0.8823529411764706 45
0.25 0.8 3.2658362 4.262699 0.8823529411764706 45
0.35 0.3 2.7338731 3.2847939 0.9215686274509803 47
0.25 0.75 3.4519925 4.943 0.9019607843137255 46
0.75 0.8 1.0713127 0.50329113 0.9411764705882353 48
0.35 0.35 2.875988 3.3712652 0.9215686274509803 47
0.8 0.05 1.0484656 0.5064101 0.9607843137254902 49
0.75 0.95 1.0769045 0.5079854 0.9607843137254902 49
0.75 0.85 1.0763942 0.5095491 0.9607843137254902 49
0.35 0.05 2.5475602 3.3655362 0.9411764705882353 48
0.3 0.1 3.0181534 4.1542664 0.9411764705882353 48
0.35 0.5 2.7145302 3.2579648 0.9215686274509803 47
0.25 0.9 3.4723988 4.6475544 0.8823529411764706 45
0.35 0.45 2.6969867 3.378107 0.9215686274509803 47
0.2 0.7 2.9872515 4.0625606 0.8823529411764706 45
0.3 0.05 3.143347 4.2341266 0.9411764705882353 48
0.25 0.95 3.8240032 4.775362 0.9019607843137255 46
0.4 0.1 1.9705365 1.6704226 0.9215686274509803 47
0.2 0.65 3.0316741 4.0568876 0.9215686274509803 47
0.25 0.7 3.430301 4.8356466 0.9019607843137255 46
0.3 0.45 3.10519 4.4089274 0.9411764705882353 48
0.4 0.05 1.9612846 1.667087 0.9215686274509803 47
0.1 0.45 14.269356 12.013914 0.8627450980392157 44
0.2 0.95 3.2273586 4.2010193 0.9411764705882353 48
0.75 1.0 1.0752001 0.5034502 0.9607843137254902 49
0.3 0.15 3.0492644 4.242391 0.9411764705882353 48
0.8 0.15 1.0489959 0.50543207 0.9607843137254902 49
0.25 0.55 3.3915985 4.6704874 0.9019607843137255 46
0.35 0.95 2.7315273 3.314674 0.9215686274509803 47
0.2 0.55 3.27538 4.287395 0.9019607843137255 46
0.4 0.15 1.9564822 1.6418033 0.9215686274509803 47
0.4 0.55 1.9400705 1.7004269 0.9215686274509803 47
0.4 0.6 1.9510845 1.6629269 0.9215686274509803 47
0.1 0.6 14.822046 12.696829 0.8431372549019608 43
0.1 0.25 14.090078 12.050071 0.8627450980392157 44
0.1 0.2 14.268755 12.11491 0.8627450980392157 44
0.1 0.1 14.587616 11.827631 0.8431372549019608 43
0.1 0.55 14.7174225 12.412412 0.8823529411764706 45
0.1 0.7 15.121286 12.501183 0.8627450980392157 44
0.1 0.15 14.549817 11.813142 0.8431372549019608 43
0.4 0.5 1.9574283 1.6489977 0.9215686274509803 47
0.2 0.5 2.978681 3.3910644 0.8823529411764706 45
0.4 0.45 2.0944042 1.6915362 0.9215686274509803 47
0.2 0.4 3.1243963 3.6087754 0.9215686274509803 47
0.2 0.6 3.1947563 3.5356815 0.9019607843137255 46
0.4 0.4 1.9342827 1.6466495 0.9215686274509803 47
0.2 0.85 3.316773 3.9108138 0.9019607843137255 46
0.8 0.2 1.0452708 0.50531226 0.9607843137254902 49
0.35 0.15 2.6843581 3.168746 0.9215686274509803 47
0.35 0.2 2.885672 3.3714714 0.9019607843137255 46
0.2 0.8 2.4179091 1.889536 0.9215686274509803 47
0.8 0.1 1.0564169 0.49568403 0.9607843137254902 49
0.35 0.1 2.7874157 3.4341161 0.9215686274509803 47
0.95 0.85 0.99172246 0.4743784 0.9607843137254902 49
0.95 0.8 0.9880484 0.4775197 0.9607843137254902 49
0.15 0.2 3.3418307 2.575494 0.9019607843137255 46
0.1 0.5 13.88499 11.391382 0.8431372549019608 43
0.4 0.2 2.0914865 1.6836524 0.9215686274509803 47
0.1 0.35 14.453977 12.204553 0.8627450980392157 44
0.5 0.65 1.6469805 1.215894 0.9411764705882353 48
0.5 0.4 1.691349 1.1973464 0.9607843137254902 49
0.5 0.7 1.6531944 1.2312503 0.9411764705882353 48
0.5 0.6 1.629687 1.2494444 0.9411764705882353 48
0.5 0.35 1.6342716 1.2331918 0.9607843137254902 49
0.5 0.75 1.6539309 1.2803962 0.9803921568627451 50
0.05 0.4 34.46588 24.902046 0.803921568627451 41
0.15 0.25 3.2724338 2.3874342 0.9215686274509803 47
0.05 0.5 35.99469 27.77891 0.7647058823529411 39
0.1 0.3 14.745748 12.430862 0.8431372549019608 43
0.05 0.45 36.176826 29.015228 0.7843137254901961 40
0.15 0.5 3.2560802 2.1904726 0.9215686274509803 47
0.05 0.55 35.249153 25.571415 0.7843137254901961 40
0.05 0.6 35.439354 26.120413 0.7647058823529411 39
0.95 0.65 0.99073666 0.47508886 0.9607843137254902 49
0.1 0.4 14.640294 11.9494705 0.8431372549019608 43
0.6 0.8 1.3246558 0.8280284 0.9411764705882353 48
0.35 0.8 2.909986 3.400484 0.9215686274509803 47
0.5 0.8 1.656127 1.220225 0.9411764705882353 48
0.5 0.85 1.6115797 1.2412192 0.9607843137254902 49
0.15 0.3 3.4184308 3.0303144 0.9215686274509803 47
0.35 0.85 2.8273778 3.250809 0.9019607843137255 46
0.95 0.55 0.9914443 0.47653714 0.9607843137254902 49
0.05 0.3 36.106884 27.877972 0.7843137254901961 40
0.5 0.3 1.6455266 1.2380681 0.9411764705882353 48
0.05 0.35 35.119072 24.656746 0.7843137254901961 40