lengthscale l2regularizer rmse_mean rmse_std pi_cov pi_sum

0.125 0.85 3.332725 1.171225 0.9019607843137255 46
0.2 0.2 2.7459579 1.7129045 0.9607843137254902 49
0.15 0.2 2.3636284 1.1927259 0.8823529411764706 45
0.125 0.65 2.8330169 0.86410767 0.9411764705882353 48
0.125 0.35 3.0876203 1.5779946 0.8627450980392157 44
0.1 0.9 4.232033 1.786148 0.9019607843137255 46
0.125 0.95 2.8754241 1.2515833 0.9607843137254902 49
0.15 0.25 2.9000301 1.8194048 0.9411764705882353 48
0.15 0.1 2.4736333 1.2716606 0.9411764705882353 48
0.2 0.5 2.4935105 1.131281 0.9215686274509803 47
0.1 0.95 4.1201167 2.5286076 0.9215686274509803 476
0.125 0.15 2.5101104 1.369632 0.9411764705882353 48
0.205 0.6 2.245791 1.8319229 0.9215686274509803 47
0.125 0.25 2.748614 1.1435097 0.9411764705882353 48
0.125 0.4 3.0196426 1.7336552 0.8823529411764706 45
0.125 0.6 3.1030107 1.3206406 0.9411764705882353 48
0.125 0.2 2.899437 1.0733203 0.9215686274509803 47
0.15 0.15 2.3951519 1.3146402 0.9215686274509803 47
0.2 0.4 2.386972 1.462746 0.9803921568627451 50
0.125 0.05 3.3809898 2.195318 0.9019607843137255 46
0.125 0.5 3.3271637 1.327334 0.9607843137254902 49
0.125 0.9 3.199869 1.3540403 0.9019607843137255 46
0.205 1.0 2.4957073 1.469238 0.9607843137254902 49
0.175 0.1 2.4491048 1.198482 0.9607843137254902 49
0.125 0.75 3.1011996 1.0353372 0.8823529411764706 45
0.125 0.8 3.0493655 1.1671374 0.9215686274509803 47
0.205 0.5 2.350063 1.3435701 0.9411764705882353 48
0.205 0.2 2.0670664 1.2062317 0.9803921568627451 50
0.2 0.25 2.4882932 1.4192151 0.9803921568627451 50
0.2 0.1 2.4194322 1.6919463 0.9215686274509803 47
0.2 0.6 2.8185267 1.6919608 0.9411764705882353 48
0.205 0.3 2.404221 1.6894931 1.0 51
0.2 0.3 2.4339113 1.4111127 0.9607843137254902 49
0.125 0.55 2.5513859 0.8403267 0.9019607843137255 46
0.125 1.0 2.9902244 1.5391382 0.9215686274509803 47
0.1 1.0 3.9187913 1.256379 0.9803921568627451 50
0.2 0.65 2.5075786 1.6818221 0.9411764705882353 48
0.2 0.8 2.517097 1.872733 0.9803921568627451 50
0.2 0.35 2.1993425 1.3992223 0.9803921568627451 50
0.125 0.1 2.9634223 1.2615712 0.9019607843137255 46
0.15 0.05 2.7077594 1.2035406 0.9215686274509803 47
0.2 0.95 2.5038524 1.5327901 0.8823529411764706 45
0.2 0.55 2.339113 1.3630624 0.9607843137254902 49
0.2 0.9 2.4947782 1.4628145 0.9411764705882353 48
0.2 0.15 2.182493 1.0902691 0.9411764705882353 48
0.21 0.55 2.421391 1.5465776 0.9215686274509803 47
0.205 0.55 2.5646732 1.5570034 0.9607843137254902 49
0.205 0.1 2.4536288 1.2423784 0.9411764705882353 48
0.175 0.15 2.1735098 1.3634169 0.9803921568627451 50
0.205 0.15 2.4821773 1.6543505 0.9019607843137255 46
0.205 0.65 1.8503304 1.0680305 0.9411764705882353 48
0.21 0.45 2.5323224 1.3700444 0.9411764705882353 48
0.21 0.2 2.1654894 1.2315646 0.9607843137254902 49
0.205 0.25 2.345717 1.7276626 0.9607843137254902 49
0.21 0.5 2.101722 1.3257667 0.9411764705882353 48
0.205 0.4 2.3612974 1.8286082 0.9411764705882353 48
0.2 0.45 2.4714785 2.2410893 0.9019607843137255 46
0.2 0.85 2.5685067 1.477628 0.9215686274509803 47
0.205 0.35 2.4840984 1.7998048 0.9215686274509803 47
0.21 0.1 2.4839349 1.3287499 0.9411764705882353 48
0.2 0.05 2.4595344 1.6800452 0.8823529411764706 45
0.175 0.45 2.3834448 1.1912198 0.8627450980392157 44
0.21 0.85 2.424272 0.8972641 0.9411764705882353 48
0.21 0.15 2.3326473 1.3307558 0.9411764705882353 48
0.21 0.75 2.336537 1.6855012 0.9607843137254902 49
0.21 0.25 2.261656 1.3149191 0.9411764705882353 48
0.21 0.8 2.4811833 1.6938637 0.9411764705882353 48
0.175 0.25 2.4648325 1.3191448 0.9607843137254902 49
0.175 0.9 2.1969771 1.2361381 0.8823529411764706 45
0.205 0.45 2.37241 1.2767934 0.9215686274509803 47
0.21 0.9 2.785226 1.4337535 0.9215686274509803 47
0.21 0.6 2.586143 1.6484512 0.9215686274509803 47
0.21 0.3 2.3839076 1.6566601 0.9607843137254902 49
0.21 0.35 2.435694 1.8458467 0.9607843137254902 49
0.235 0.05 2.4563746 1.2515235 0.9607843137254902 49
0.175 0.75 2.676564 1.8131903 0.9803921568627451 50
0.22 0.05 2.0266943 1.3553398 0.9607843137254902 49
0.21 0.7 2.300015 1.2888814 0.9607843137254902 49
0.175 0.3 2.4705734 1.9744687 0.9803921568627451 50
0.215 0.25 2.2901843 1.5509467 0.9607843137254902 49
0.175 0.55 2.099581 1.3398666 0.9803921568627451 50
0.175 0.4 2.694881 1.651852 0.9607843137254902 49
0.215 0.8 2.4218001 1.6904811 0.9411764705882353 48
0.175 0.8 2.5512798 1.7071722 0.9607843137254902 49
0.175 0.5 2.5493596 1.7606668 0.9215686274509803 47
0.175 0.35 1.9703295 1.1194679 1.0 51
0.21 0.4 2.754829 1.5843161 0.9411764705882353 48
0.175 0.95 2.3705635 1.4286541 0.9803921568627451 50
0.215 1.0 2.270853 1.5871404 0.9215686274509803 47
0.175 0.65 3.0445669 2.1755524 0.9411764705882353 48
0.215 0.85 2.148707 1.0383084 0.9411764705882353 48
0.215 0.45 2.2010856 1.1953108 0.9411764705882353 48
0.22 0.15 2.3690953 1.2772789 0.9411764705882353 48
0.175 1.0 2.2432292 1.1899856 0.9607843137254902 49
0.215 0.55 2.6473444 1.1887996 0.9607843137254902 49
0.215 0.3 2.4489188 1.3372948 0.9215686274509803 47
0.225 0.4 2.1289601 1.3000573 0.9803921568627451 50
0.215 0.2 2.4165149 1.1968212 0.9607843137254902 49
0.175 0.2 2.5023742 1.1427598 0.9803921568627451 50
0.215 0.35 2.4766724 1.5237424 0.9803921568627451 50
0.15 0.3 2.9505398 1.9452207 0.9215686274509803 47
0.22 0.9 2.0613945 1.4110065 0.9607843137254902 49
0.215 0.05 2.2726114 1.6397283 0.9411764705882353 48
0.22 0.2 2.0041046 1.2964909 0.9607843137254902 49
0.215 0.15 2.2778811 1.5426437 0.9607843137254902 49
0.235 0.5 2.1592832 1.433843 0.9607843137254902 49
0.215 0.65 2.4603791 1.398126 0.9215686274509803 47
0.255 0.1 2.266662 1.2878665 0.9215686274509803 47
0.22 0.75 2.1942887 1.138754 0.9607843137254902 49
0.23 0.65 2.2342117 1.3018622 0.9411764705882353 48
0.215 0.1 2.4320593 1.1663988 0.9019607843137255 46
0.255 0.3 1.9624479 1.1713644 0.9019607843137255 46
0.225 0.05 2.303968 1.4988569 0.9215686274509803 47
0.22 0.8 2.32876 1.2716011 0.9411764705882353 48
0.23 0.25 2.0002847 1.2125168 0.9607843137254902 49
0.175 0.85 2.73201 1.3549781 0.9607843137254902 49
0.23 0.75 2.4184322 1.6096023 0.9215686274509803 47
0.235 0.7 2.0265841 1.4273522 0.9411764705882353 48
0.215 0.4 2.1553767 0.96859807 0.9607843137254902 49
0.215 0.6 2.6064403 1.6725783 0.9411764705882353 48
0.225 0.65 2.0299723 1.124855 0.9411764705882353 48
0.255 0.2 2.317052 2.0103526 0.9607843137254902 49
0.225 0.75 2.1362708 1.1955653 0.9215686274509803 47
0.235 0.1 2.1629796 1.0826367 0.9607843137254902 49
0.24 0.85 1.982551 1.486206 0.9803921568627451 50
0.21 0.95 2.3684776 1.29878 0.9803921568627451 50
0.235 0.9 2.1553578 1.511905 0.9607843137254902 49
0.225 0.15 2.3200355 1.7436236 0.9215686274509803 47
0.23 0.9 2.3647923 1.610927 0.9215686274509803 47
0.235 0.6 2.0540524 1.2276139 0.9803921568627451 50
0.215 0.5 2.2633138 1.7251033 0.9215686274509803 47
0.225 0.45 2.0269647 1.1062397 0.9411764705882353 48
0.225 0.5 2.4147086 1.7866778 0.9607843137254902 49
0.225 0.85 2.2593393 1.5799954 0.9803921568627451 50
0.225 0.35 2.2571144 1.5649533 0.9411764705882353 48
0.22 0.65 2.3056846 1.365063 0.9019607843137255 46
0.235 0.55 1.9712648 1.2915331 0.9215686274509803 47
0.225 0.95 2.6766918 1.5453461 0.9019607843137255 46
0.245 0.6 2.3281136 1.6723871 0.9411764705882353 48
0.215 0.95 2.5181038 1.4299381 0.9411764705882353 48
0.23 0.05 2.2865489 1.4538499 0.9411764705882353 48
0.22 0.1 2.3824594 1.6351994 0.9607843137254902 49
0.23 0.3 2.352457 1.3542248 0.9215686274509803 47
0.24 0.2 2.0761313 1.5326449 0.9607843137254902 49
0.215 0.75 2.351706 1.5884246 0.9607843137254902 49
0.24 0.3 1.9131588 1.234476 0.9215686274509803 47
0.21 1.0 2.7672987 1.3553694 0.9411764705882353 48
0.245 0.2 2.1216104 1.4038736 0.9411764705882353 48
0.225 1.0 2.4276254 1.6982598 0.9411764705882353 48
0.255 0.35 2.2235518 1.3240856 0.9411764705882353 48
0.255 0.25 2.4152336 1.6723634 0.9411764705882353 48
0.23 0.4 2.102689 1.1319703 0.9411764705882353 48
0.23 0.8 2.50736 1.3151697 0.9411764705882353 48
0.225 0.1 2.130143 1.2986726 0.8823529411764706 45
0.23 0.95 2.2866223 1.4247313 0.9411764705882353 48
0.235 0.65 2.026645 1.2723181 0.9607843137254902 49
0.22 0.95 2.462873 1.1927019 0.9215686274509803 47
0.235 0.8 2.276136 1.3476344 0.9803921568627451 50
0.225 0.8 2.2288265 0.98224163 0.9411764705882353 48
0.23 0.55 2.1828942 1.3628393 0.9411764705882353 48
0.215 0.7 2.4267478 1.6230072 0.9607843137254902 49
0.23 1.0 2.2094824 1.1934662 0.9607843137254902 49
0.215 0.9 2.2492406 1.3621651 0.9607843137254902 49
0.23 0.6 2.3353372 1.2205946 0.9215686274509803 47
0.235 0.95 2.3417869 1.8374611 0.9411764705882353 48
0.255 0.15 2.0645857 1.3257984 0.9411764705882353 48
0.23 0.7 2.1081872 1.0150052 0.9215686274509803 47
0.225 0.2 2.0345638 1.1879387 0.9803921568627451 50
0.26 0.95 2.101755 1.4297056 0.9607843137254902 49
0.225 0.9 2.6504483 1.5135028 0.8823529411764706 45
0.235 0.85 2.0903428 1.2648757 0.9607843137254902 49
0.24 0.7 2.0628362 1.1062084 0.9215686274509803 47
0.24 1.0 2.3253424 1.7071862 0.9411764705882353 48
0.22 0.7 2.2733474 1.3365717 0.9607843137254902 49
0.23 0.5 2.2766747 1.5486127 0.9607843137254902 49
0.255 0.6 2.4008346 1.6890341 0.9019607843137255 46
0.22 0.85 2.3189044 1.0241475 0.9215686274509803 47
0.235 0.4 2.2067366 1.2359095 0.9607843137254902 49
0.245 0.55 2.4900262 1.5884937 0.9215686274509803 47
0.225 0.6 2.4356112 1.5210365 0.9607843137254902 49
0.255 0.4 2.0906725 1.3847651 0.9411764705882353 48
0.24 0.25 2.141779 1.1709222 0.9215686274509803 47
0.24 0.55 2.403359 1.4572611 0.9803921568627451 50
0.24 0.15 2.1952229 1.6196765 0.9607843137254902 49
0.235 0.35 2.0741832 1.4728829 0.9607843137254902 49
0.245 0.05 1.9342201 1.2961046 0.9411764705882353 48
0.24 0.95 1.9377096 1.2112949 0.9411764705882353 48
0.235 0.45 2.313584 1.3572228 0.9607843137254902 49
0.235 0.15 2.2089608 1.2599216 0.9411764705882353 48
0.245 0.5 2.25718 1.431686 0.9215686274509803 47
0.25 0.75 1.9849579 1.2560341 0.9803921568627451 50
0.24 0.75 2.191651 1.2500627 0.9019607843137255 46
0.26 0.7 1.9289687 0.95790046 0.9215686274509803 47
0.26 0.15 2.1192114 1.4028875 0.9411764705882353 48
0.24 0.9 1.9958584 1.2906418 0.9411764705882353 48
0.15 0.4 2.3009994 1.0230998 0.9019607843137255 46
0.24 0.6 2.2554326 1.5119692 0.9215686274509803 47
0.255 0.05 1.8163427 1.1317863 0.9607843137254902 49
0.225 0.25 2.402182 1.4299425 0.9411764705882353 48
0.24 0.1 2.2563567 1.3895721 0.9215686274509803 47
0.23 0.35 2.15258 1.2447958 0.9411764705882353 48
0.15 1.0 2.3696961 1.6779093 0.9019607843137255 46
0.225 0.55 2.0954978 1.2038438 0.9411764705882353 48
0.235 0.75 2.4257588 1.5437305 0.9803921568627451 50
0.24 0.05 1.9929173 1.3016634 0.9411764705882353 48
0.245 0.7 2.2191815 1.7133533 0.9215686274509803 47
0.25 0.3 2.3311648 1.7319609 0.9803921568627451 50
0.26 0.45 1.9098227 1.304679 0.9411764705882353 48
0.225 0.7 2.118074 1.172349 0.9215686274509803 47
0.255 0.5 2.3740933 1.5898476 0.9411764705882353 48
0.245 0.15 2.1228805 1.4046149 0.9215686274509803 47
0.235 0.3 1.9128191 0.99670726 0.9803921568627451 50
0.15 0.9 2.287924 0.98712397 0.9215686274509803 47
0.225 0.3 1.9358482 1.2277833 0.9803921568627451 50
0.235 0.2 1.8869232 1.2426295 0.9607843137254902 49
0.23 0.85 1.7724524 0.97234076 1.0 51
0.265 0.1 1.9377056 1.1935745 0.8823529411764706 45
0.265 0.75 1.810099 1.2858614 0.9019607843137255 46
0.265 0.3 2.1903234 1.4739652 0.9607843137254902 49
0.265 0.7 1.8857133 1.1637809 0.9607843137254902 49
0.26 0.6 2.2378883 1.514386 0.9019607843137255 46
0.265 1.0 1.9654801 1.1622018 0.9411764705882353 48
0.255 0.75 2.1472661 1.4924018 0.9215686274509803 47
0.23 0.15 2.1908565 1.4941549 0.9803921568627451 50
0.24 0.4 2.5583873 1.7307494 0.9411764705882353 48
0.27 0.05 1.8934822 1.0997359 0.9215686274509803 47
0.25 0.25 2.1808746 1.3770018 0.9411764705882353 48
0.245 0.8 1.9751107 1.0656846 0.9607843137254902 49
0.265 0.95 2.020267 1.3170226 0.9411764705882353 48
0.24 0.35 2.2552934 1.3313622 0.9411764705882353 48
0.26 1.0 2.15454 1.2730615 0.9411764705882353 48
0.25 0.85 1.9827526 1.3087804 0.9607843137254902 49
0.25 0.15 1.9654236 1.2462623 0.9803921568627451 50
0.205 0.95 2.5288815 1.6548227 0.9411764705882353 48
0.245 0.85 2.3924081 1.7376713 0.9019607843137255 46
0.265 0.8 1.9413278 1.2250022 0.9215686274509803 47
0.245 0.1 2.3638704 1.5516021 0.9411764705882353 48
0.205 0.7 2.3101552 1.3167068 0.9411764705882353 48
0.25 0.55 2.04419 1.4317728 0.9411764705882353 48
0.265 0.5 2.1641617 1.643512 0.9215686274509803 47
0.25 0.6 2.1084218 1.4855115 0.9607843137254902 49
0.255 0.85 1.9092016 1.1407783 0.9215686274509803 47
0.23 0.45 2.6799984 1.4278942 0.9411764705882353 48
0.24 0.5 2.235707 1.7954348 0.9607843137254902 49
0.245 0.95 2.2535372 1.5582705 0.9411764705882353 48
0.205 0.8 2.0457964 1.5090916 0.9803921568627451 50
0.25 0.05 2.360145 1.6226813 0.9607843137254902 49
0.255 0.7 2.0715714 1.4052187 0.9215686274509803 47
0.27 0.15 2.0212057 1.4422563 0.9215686274509803 47
0.15 0.5 2.4199579 1.3290962 0.9215686274509803 47
0.205 0.85 2.3069644 1.6536982 0.9607843137254902 49
0.245 0.45 2.1313396 1.357259 0.9411764705882353 48
0.265 0.65 1.9908336 1.2252631 0.9215686274509803 47
0.15 0.6 2.5848138 1.4165615 0.9607843137254902 49
0.26 0.2 2.2073777 1.6516681 0.9803921568627451 50
0.245 0.4 1.8544143 1.2656308 0.9019607843137255 46
0.26 0.3 2.383442 1.6166962 0.9607843137254902 49
0.15 0.55 2.730474 1.5292655 0.9215686274509803 47
0.24 0.8 1.790142 0.91687816 0.9411764705882353 48
0.26 0.65 1.9961354 1.1890258 0.9607843137254902 49
0.26 0.35 2.074786 1.2709786 0.9411764705882353 48
0.25 1.0 2.2820642 1.5626795 0.9607843137254902 49
0.26 0.1 2.1837292 1.4923228 0.9411764705882353 48
0.26 0.05 1.6491522 0.9020991 0.9215686274509803 47
0.26 0.4 1.9236362 0.9894012 0.9215686274509803 47
0.235 1.0 2.3231955 1.9853224 0.9803921568627451 50
0.245 0.25 2.0820413 1.1982884 0.9215686274509803 47
0.24 0.45 2.0736642 1.4155352 0.9411764705882353 48
0.265 0.6 2.025334 1.1051359 0.9607843137254902 49
0.15 0.85 2.4890218 0.72305256 0.9215686274509803 47
0.265 0.25 2.116198 1.4661874 0.9411764705882353 48
0.25 0.2 2.2975655 1.5292265 0.9607843137254902 49
0.25 0.9 2.1486983 1.3508047 0.8823529411764706 45
0.255 0.45 2.2602222 1.6447573 0.9411764705882353 48
0.235 0.25 2.1297753 0.9356147 0.9803921568627451 50
0.15 0.95 2.3230922 1.1558014 0.9019607843137255 46
0.265 0.85 1.9643936 1.4432225 0.9411764705882353 48
0.245 0.65 1.932798 1.2192912 0.9411764705882353 48
0.245 0.9 2.2678258 1.4112055 0.9019607843137255 46
0.25 0.65 2.1754646 1.7018431 0.9019607843137255 46
0.27 0.1 2.1073513 1.480473 0.9215686274509803 47
0.27 0.25 1.9321932 1.4980375 0.9607843137254902 49
0.25 0.5 2.235067 1.6102071 0.9215686274509803 47
0.255 0.8 1.6904398 0.80068886 0.9215686274509803 47
0.15 0.7 2.7560296 1.023717 0.9215686274509803 47
0.255 1.0 1.9329998 1.347066 0.9607843137254902 49
0.27 0.3 1.954483 1.197711 0.9411764705882353 48
0.25 0.95 2.373227 1.2171907 0.9411764705882353 48
0.27 0.2 2.2331095 1.499964 0.9215686274509803 47
0.245 1.0 2.154755 1.1590928 0.9215686274509803 47
0.15 0.65 1.9441967 1.0107836 0.9411764705882353 48
0.265 0.2 1.9119351 1.4415854 0.9411764705882353 48
0.25 0.7 1.8507618 1.2800083 0.9215686274509803 47
0.25 0.35 2.1029096 1.2599605 0.9215686274509803 47
0.255 0.9 1.798906 1.3477858 0.9411764705882353 48
0.265 0.4 1.7585537 0.9835186 0.9215686274509803 47
0.15 0.75 2.3799503 1.3072572 0.9607843137254902 49
0.175 0.05 2.265133 1.5531913 0.9215686274509803 47
0.265 0.15 2.0666394 1.0672238 0.9411764705882353 48
0.265 0.05 2.0270798 1.3963364 0.9607843137254902 49
0.25 0.4 2.0467765 1.323469 0.9019607843137255 46
0.15 0.8 2.209598 1.186594 0.9803921568627451 50
0.26 0.5 1.9137723 1.1741534 0.9215686274509803 47
0.255 0.95 1.9367535 1.2294759 0.9607843137254902 49
0.25 0.1 2.3133836 1.711961 0.9215686274509803 47
0.265 0.55 1.8068726 1.2058605 0.9411764705882353 48
0.27 0.5 2.043202 1.0318866 0.9019607843137255 46
0.25 0.8 2.0630767 1.372821 0.9411764705882353 48
0.205 0.9 2.4536445 1.5274616 0.9411764705882353 48
0.255 0.55 2.0454376 1.5312604 0.9607843137254902 49
0.265 0.9 2.0747967 1.5294495 0.9411764705882353 48
0.205 0.75 2.41431 1.504482 0.9019607843137255 46
0.15 0.45 2.4253726 1.088316 0.9607843137254902 49
0.265 0.35 2.1128354 1.1794853 0.9411764705882353 48
0.27 0.55 2.0349772 1.0895245 0.9411764705882353 48
0.25 0.45 2.0969505 1.4017664 0.9607843137254902 49
0.27 0.65 2.1104305 1.4665617 0.9411764705882353 48
0.26 0.9 2.148975 1.6944424 0.9411764705882353 48
0.27 0.6 1.9490364 1.1208726 0.9019607843137255 46
0.075 0.5 4.34529 1.9657993 0.8823529411764706 45
0.075 0.45 5.0427465 2.4553561 0.8627450980392157 44
0.15 0.35 2.5162327 1.4285195 0.9215686274509803 47
0.125 0.45 2.8785133 0.9902764 0.9019607843137255 46
0.05 0.3 3.4020054 0.84167236 0.7647058823529411 39
0.175 0.6 2.990452 2.1219046 0.9019607843137255 46
0.05 0.7 3.7692654 0.56566066 0.8627450980392157 44
0.05 0.25 3.5292866 0.59294724 0.8823529411764706 45
0.05 0.35 3.3740845 0.68765086 0.8431372549019608 43
0.05 0.4 3.3443596 0.8330791 0.9019607843137255 46
0.075 0.85 4.1918235 1.0404056 0.8823529411764706 45
0.05 0.65 3.7439754 0.92799306 0.9019607843137255 46
0.05 0.2 3.731174 0.65970653 0.8627450980392157 44
0.05 0.75 3.3829486 0.7614898 0.8627450980392157 44
0.1 0.35 3.3149743 1.4812181 0.9411764705882353 48
0.23 0.2 2.3094602 1.1381376 0.9607843137254902 49
0.075 0.35 4.1800704 1.2606721 0.8823529411764706 45
0.05 0.05 3.7602162 0.5997414 0.8823529411764706 45
0.05 0.8 3.537188 0.5311788 0.8823529411764706 45
0.05 0.55 3.3426075 0.86520797 0.9019607843137255 46
0.075 0.6 4.028276 1.2087817 0.9019607843137255 46
0.075 0.7 3.6942368 0.829051 0.9019607843137255 46
0.245 0.75 1.8685858 1.392922 0.9215686274509803 47
0.075 0.65 4.5493536 1.9904133 0.8823529411764706 45
0.075 0.1 4.2980046 1.9261101 0.9215686274509803 47
0.075 1.0 4.228441 1.7692338 0.8431372549019608 43
0.1 0.05 4.5006227 2.3618875 0.9607843137254902 49
0.075 0.8 4.096463 1.4855726 0.9019607843137255 46
0.075 0.05 4.3021684 2.6022208 0.8627450980392157 44
0.075 0.4 4.245994 2.0541537 0.9019607843137255 46
0.05 0.9 3.844741 0.6098993 0.803921568627451 41
0.2 0.7 2.3038983 1.1936135 0.9411764705882353 48
0.22 0.55 2.212995 1.2151967 0.9215686274509803 47
0.075 0.15 3.8598804 1.5241942 0.9019607843137255 46
0.075 0.3 4.025526 2.0114684 0.8627450980392157 44
0.075 0.55 4.1980963 1.4463056 0.8431372549019608 43
0.1 0.65 4.046397 1.5946088 0.9803921568627451 50
0.2 0.75 2.3276947 1.2188466 0.9803921568627451 50
0.075 0.2 4.6771274 2.1479104 0.8823529411764706 45
0.22 0.25 2.4344566 1.4261575 0.9411764705882353 48
0.1 0.1 4.4354277 1.8175666 0.9215686274509803 47
0.1 0.6 3.4305873 1.254618 0.9607843137254902 49
0.22 0.35 2.2543225 1.4121298 0.9803921568627451 50
0.075 0.25 4.119682 1.629687 0.9411764705882353 48
0.075 0.95 4.043382 1.0730381 0.9019607843137255 46
0.1 0.2 4.4772105 2.088488 0.9019607843137255 46
0.1 0.15 4.0800776 1.3598244 0.9607843137254902 49
0.05 0.85 3.5090663 0.77677345 0.8431372549019608 43
0.075 0.9 4.372583 1.8796902 0.9215686274509803 47
0.205 0.05 2.4293122 1.499449 0.9803921568627451 50
0.075 0.75 4.2081137 1.4530832 0.8627450980392157 44
0.2 1.0 2.414857 1.4712152 0.9803921568627451 50
0.22 0.3 2.3750968 1.3519118 0.9019607843137255 46
0.05 0.95 3.661267 0.5718994 0.8627450980392157 44
0.05 0.6 3.42635 0.6463719 0.8823529411764706 45
0.05 0.1 3.5179112 0.55406076 0.8823529411764706 45
0.05 0.45 3.7011895 0.861317 0.8235294117647058 42
0.05 1.0 4.0894074 0.6153593 0.8627450980392157 44
0.05 0.5 3.838284 0.7022985 0.8823529411764706 45
0.1 0.7 4.144075 1.869434 0.9411764705882353 48
0.1 0.55 4.0493836 1.5409272 0.9803921568627451 50
0.22 0.6 2.478941 1.3487674 0.9215686274509803 47
0.1 0.75 3.7938569 1.4744174 0.9411764705882353 48
0.22 0.4 2.4450583 1.1666352 0.9215686274509803 47
0.27 0.85 2.1231155 1.525875 0.9215686274509803 47
0.27 0.95 1.9690224 1.2823851 0.9607843137254902 49
0.1 0.45 3.8507214 1.354971 0.9411764705882353 48
0.1 0.4 3.6740506 0.95307803 0.9411764705882353 48
0.22 0.5 2.4445956 1.541835 0.9607843137254902 49
0.22 0.45 2.154141 1.3980769 0.9607843137254902 49
0.275 0.3 1.9269054 1.4230717 0.9411764705882353 48
0.21 0.05 2.9635243 2.5038743 0.9411764705882353 48
0.275 0.1 1.9076029 1.3024632 0.9607843137254902 49
0.22 1.0 2.0720935 1.1547939 0.9607843137254902 49
0.245 0.3 2.000509 1.366609 0.9215686274509803 47
0.275 0.05 1.9843295 1.1921846 0.9411764705882353 48
0.1 0.5 3.76002 1.5539241 0.9607843137254902 49
0.1 0.8 3.386933 1.2758753 0.9803921568627451 50
0.1 0.85 3.8208797 1.0755217 0.9215686274509803 47
0.27 0.35 1.8479807 1.1130668 0.9019607843137255 46
0.245 0.35 2.308367 1.459535 0.9607843137254902 49
0.275 0.25 2.1452885 1.452151 0.9607843137254902 49
0.255 0.65 2.0443673 1.3583987 0.9803921568627451 50
0.27 0.4 1.942515 1.120515 0.9411764705882353 48
0.27 0.45 1.9293416 0.73208755 0.9411764705882353 48
0.27 0.7 2.0097795 1.175662 0.9411764705882353 48
0.27 0.75 2.09347 1.368434 0.9215686274509803 47
0.27 0.8 2.2469268 1.2248327 0.9215686274509803 47
0.275 0.8 2.0406916 1.4277799 0.9215686274509803 47
0.28 0.15 2.0141277 1.3506538 0.9411764705882353 48
0.28 0.6 2.1767533 1.4791884 0.9215686274509803 47
0.275 0.9 2.1221225 1.4581724 0.9019607843137255 46
0.275 0.75 1.9033943 0.9638348 0.9411764705882353 48
0.28 0.3 1.9926603 1.300252 0.9019607843137255 46
0.28 0.55 1.9511484 1.3247483 0.9411764705882353 48
0.28 0.2 2.156662 1.4094052 0.9411764705882353 48
0.275 1.0 2.0970135 1.3691137 0.9607843137254902 49
0.285 0.25 1.9131205 1.2764441 0.9215686274509803 47
0.28 0.25 1.9888016 1.1769757 0.9607843137254902 49
0.285 0.35 1.8809078 1.1706234 0.9607843137254902 49
0.28 0.8 2.047702 1.376492 0.9411764705882353 48
0.285 0.3 1.9438906 1.1913657 0.9411764705882353 48
0.28 0.35 1.8994888 1.1727587 0.9215686274509803 47
0.28 0.05 2.2275007 1.5051223 0.9607843137254902 49
0.28 0.1 1.913628 1.3991599 0.9607843137254902 49
0.28 0.4 2.1515656 1.3503816 0.9411764705882353 48
0.285 0.15 1.9936816 1.357374 0.9215686274509803 47
0.28 0.85 2.1604095 1.3002104 0.9019607843137255 46
0.28 0.65 2.0953965 1.3599819 0.9411764705882353 48
0.28 0.95 1.7876217 0.85534847 0.9215686274509803 47
0.28 0.7 2.0401235 1.2505423 0.9215686274509803 47
0.28 0.9 1.8841165 1.0216768 0.9215686274509803 47
0.28 0.75 1.8277416 1.1318307 0.9411764705882353 48
0.28 1.0 1.6759169 0.9544004 0.9607843137254902 49
0.29 0.15 2.0536685 1.3610153 0.9019607843137255 46
0.29 0.05 1.8082829 1.2940971 0.9411764705882353 48
0.285 0.2 1.8279469 0.93711674 0.9411764705882353 48
0.275 0.6 2.0115933 1.4310561 0.9411764705882353 48
0.285 0.5 1.8922279 1.1504754 0.9607843137254902 49
0.285 0.05 1.9796448 1.4030685 0.9215686274509803 47
0.28 0.45 1.9337728 1.2411039 0.9411764705882353 48
0.285 0.4 2.021154 1.3091593 0.9215686274509803 47
0.28 0.5 2.008201 1.2998115 0.9215686274509803 47
0.285 0.1 1.9793434 1.2934481 0.9607843137254902 49
0.285 0.9 2.0223985 1.2238106 0.9411764705882353 48
0.29 0.25 2.0126958 1.2925217 0.9411764705882353 48
0.29 0.3 2.1579936 1.3881223 0.9411764705882353 48
0.285 0.85 1.8645846 1.2364525 0.9215686274509803 47
0.285 0.55 1.9707754 1.2520823 0.9607843137254902 49
0.285 0.65 2.0086715 1.2771717 0.9411764705882353 48
0.29 0.55 1.9453064 1.1245435 0.9215686274509803 47
0.29 0.9 1.8317398 1.0666807 0.9411764705882353 48
0.285 0.45 1.8119285 1.015832 0.9215686274509803 47
0.29 0.95 2.002048 1.2568758 0.9411764705882353 48
0.285 0.6 1.7919598 0.99585617 0.9411764705882353 48
0.29 0.2 2.121148 1.3269196 0.9411764705882353 48
0.285 0.7 1.8729861 1.0209012 0.9607843137254902 49
0.29 0.75 1.9813242 1.3856864 0.9411764705882353 48
0.285 1.0 2.0423522 1.195859 0.8823529411764706 45
0.29 0.4 1.9409478 1.426015 0.9019607843137255 46
0.285 0.8 1.950524 1.2831295 0.9411764705882353 48
0.29 1.0 2.041922 1.3025486 0.9215686274509803 47
0.29 0.6 1.9910171 1.3927568 0.9411764705882353 48
0.29 0.85 2.0344403 1.4435132 0.8823529411764706 45
0.29 0.8 1.9154943 1.2381346 0.9215686274509803 47
0.29 0.45 2.1510067 1.4263254 0.8823529411764706 45
0.295 0.35 1.9829884 1.2850593 0.9411764705882353 48
0.29 0.1 2.0210316 1.3206666 0.9215686274509803 47
0.29 0.35 1.7257017 1.0222272 0.9411764705882353 48
0.29 0.7 2.032414 1.2448403 0.9411764705882353 48
0.295 0.55 2.2152917 1.5201222 0.9607843137254902 49
0.295 0.2 2.2558975 2.1684234 0.9215686274509803 47
0.29 0.5 1.8912504 1.2341431 0.9411764705882353 48
0.295 0.8 1.9020733 1.0641603 0.9019607843137255 46
0.295 0.85 1.788662 1.1010065 0.9411764705882353 48
0.295 0.3 2.0587742 1.5308697 0.9607843137254902 49
0.295 0.25 2.0227427 1.3419881 0.9019607843137255 46
0.29 0.65 2.060575 1.2695472 0.9215686274509803 47
0.295 0.6 1.9730381 1.376684 0.9215686274509803 47
0.295 0.7 2.0033436 1.1990393 0.9215686274509803 47
0.295 0.65 2.1134024 1.3614278 0.9411764705882353 48
0.295 0.75 1.8785435 1.3808284 0.9411764705882353 48
0.3 0.05 1.9104738 1.2100456 0.9411764705882353 48
0.295 0.15 1.9363823 1.2934633 0.9019607843137255 46
0.305 0.55 1.8800672 0.9360172 0.8823529411764706 45
0.31 0.2 1.86378 1.0525597 0.9411764705882353 48
0.295 0.1 1.9887936 1.1967006 0.9215686274509803 47
0.305 0.85 2.06899 1.401997 0.9215686274509803 47
0.3 0.45 2.0075748 1.0153447 0.9215686274509803 47
0.295 0.45 1.9095814 1.2680094 0.9019607843137255 46
0.3 0.7 1.8747202 1.2127464 0.9411764705882353 48
0.295 0.5 1.7838395 0.7750416 0.9215686274509803 47
0.295 0.05 1.8224366 1.2342391 0.9411764705882353 48
0.295 0.4 1.9851801 1.230618 0.9019607843137255 46
0.3 0.15 1.9083828 1.3324192 0.9215686274509803 47
0.3 0.6 1.9989021 1.2807304 0.9411764705882353 48
0.32 0.45 1.7858047 0.7149767 0.9411764705882353 48
0.3 0.75 2.0235875 1.0966524 0.9411764705882353 48
0.3 0.4 1.9730475 1.2332916 0.9607843137254902 49
0.3 0.85 1.9279886 1.1669537 0.9215686274509803 47
0.295 1.0 1.7776428 1.0747274 0.9411764705882353 48
0.3 0.9 2.1861756 1.3049102 0.9411764705882353 48
0.305 0.05 1.9380398 1.0740063 0.9411764705882353 48
0.3 0.2 1.721431 1.104855 0.9411764705882353 48
0.3 0.5 1.8623459 1.0973139 0.9019607843137255 46
0.305 0.45 1.8807561 1.2067916 0.9215686274509803 47
0.295 0.9 2.000519 1.1461368 0.9411764705882353 48
0.305 0.5 2.026505 1.1449391 0.9019607843137255 46
0.32 1.0 1.9616301 0.9836279 0.9411764705882353 48
0.305 0.65 1.8946689 1.1286575 0.9215686274509803 47
0.31 0.35 1.9256798 1.0309025 0.9607843137254902 49
0.3 0.55 1.7943563 1.1537576 0.9215686274509803 47
0.295 0.95 2.0843976 1.3633102 0.9019607843137255 46
0.315 0.75 1.7615535 1.0218114 0.9215686274509803 47
0.3 0.35 1.8211095 1.2574536 0.9215686274509803 47
0.3 0.25 1.7143974 1.0459414 0.9215686274509803 47
0.3 0.95 1.9786024 1.1596149 0.9215686274509803 47
0.305 0.25 1.8618507 1.1319972 0.9411764705882353 48
0.315 0.65 1.8533262 1.3186437 0.9607843137254902 49
0.3 0.8 1.9427936 1.242366 0.9411764705882353 48
0.3 0.1 1.971056 1.4374325 0.9607843137254902 49
0.305 0.7 1.9923227 1.3273591 0.9411764705882353 48
0.325 0.2 1.8907559 1.3901163 0.9411764705882353 48
0.31 0.3 1.9571728 1.3043 0.9411764705882353 48
0.305 0.15 2.1757216 1.5088106 0.9411764705882353 48
0.32 0.15 1.9902382 0.9998842 0.9411764705882353 48
0.305 0.6 2.1328237 1.2326751 0.9411764705882353 48
0.3 0.3 1.9669466 1.1091795 0.9215686274509803 47
0.31 0.85 1.8470573 1.2550042 0.9607843137254902 49
0.31 0.45 1.869766 1.0324304 0.9215686274509803 47
0.305 1.0 2.0101218 1.3643684 0.9215686274509803 47
0.31 0.8 1.7892166 0.9866468 0.9215686274509803 47
0.31 0.25 1.9337189 1.0035362 0.9019607843137255 46
0.305 0.75 1.906045 1.2583843 0.9411764705882353 48
0.31 0.05 1.6753643 0.8070823 0.9411764705882353 48
0.315 0.05 1.9230534 1.2285455 0.9411764705882353 48
0.315 0.25 1.5579518 0.69042146 0.9215686274509803 47
0.305 0.35 2.0357585 1.4381216 0.9215686274509803 47
0.315 0.1 1.8909132 1.22432 0.9215686274509803 47
0.305 0.95 1.8334243 1.1008594 0.9411764705882353 48
0.31 0.1 2.031677 1.4020962 0.9215686274509803 47
0.32 0.7 1.7412007 1.016408 0.9019607843137255 46
0.3 1.0 1.8838425 1.1916472 0.9215686274509803 47
0.31 0.15 1.9301074 1.1523657 0.9019607843137255 46
0.3 0.65 1.8432957 1.1596646 0.9411764705882353 48
0.305 0.1 2.194566 1.4362166 0.9607843137254902 49
0.315 0.45 1.8747857 1.2243949 0.9411764705882353 48
0.32 0.6 1.7503965 1.1338714 0.9019607843137255 46
0.335 0.35 1.7679476 1.0864785 0.9019607843137255 46
0.31 0.95 1.8728707 1.149665 0.9215686274509803 47
0.315 0.35 1.7270677 0.94202703 0.9215686274509803 47
0.31 0.5 2.0882823 1.2784622 0.9215686274509803 47
0.31 0.75 2.0113857 1.1832772 0.9411764705882353 48
0.305 0.3 2.0632336 1.4513777 0.9607843137254902 49
0.32 0.4 2.2498593 2.1003752 0.8823529411764706 45
0.31 0.55 1.9000809 1.3189762 0.9215686274509803 47
0.315 0.5 1.8699344 0.9489197 0.9411764705882353 48
0.32 0.8 1.9866432 1.2009435 0.9411764705882353 48
0.305 0.9 2.122336 1.1012915 0.9411764705882353 48
0.275 0.2 2.1805184 1.3306378 0.9215686274509803 47
0.34 0.75 1.8002821 0.9104095 0.9019607843137255 46
0.32 0.3 2.0081573 1.3445016 0.9019607843137255 46
0.315 0.55 1.8235033 0.98626035 0.9411764705882353 48
0.32 0.25 1.853474 0.9265034 0.9019607843137255 46
0.32 0.75 2.114642 1.1699365 0.9019607843137255 46
0.315 1.0 1.8063043 1.0175377 0.9215686274509803 47
0.315 0.8 1.9731491 1.1462036 0.9411764705882353 48
0.32 0.65 1.8385506 0.9632067 0.9411764705882353 48
0.315 0.3 1.9407291 1.1846535 0.9019607843137255 46
0.305 0.4 2.0092382 1.2603196 0.9607843137254902 49
0.305 0.2 1.9935687 1.4058131 0.9411764705882353 48
0.325 0.05 1.819821 1.0211434 0.8823529411764706 45
0.305 0.8 1.9210848 1.2141516 0.9215686274509803 47
0.315 0.7 1.8698528 0.9914112 0.9411764705882353 48
0.32 0.05 1.735035 1.0378028 0.9411764705882353 48
0.32 0.55 1.9220018 1.0334787 0.9215686274509803 47
0.32 0.5 1.875997 0.9024149 0.9607843137254902 49
0.32 0.9 2.032496 1.4176793 0.9215686274509803 47
0.31 1.0 1.9237099 1.2314665 0.9411764705882353 48
0.315 0.6 1.7483753 1.0147386 0.9215686274509803 47
0.325 0.15 1.8429072 1.1250341 0.9215686274509803 47
0.325 0.3 2.0141454 1.2297372 0.9607843137254902 49
0.31 0.6 1.9928939 1.4548401 0.9411764705882353 48
0.33 0.4 1.7710603 0.9944377 0.9215686274509803 47
0.325 0.1 2.0012887 1.0694928 0.9019607843137255 46
0.325 0.7 2.1057057 1.4616127 0.9411764705882353 48
0.325 0.25 1.9049919 1.1119128 0.9215686274509803 47
0.33 0.1 1.7816284 1.0803328 0.9019607843137255 46
0.315 0.9 1.8213713 1.039294 0.9411764705882353 48
0.325 0.8 2.01887 1.2512484 0.9215686274509803 47
0.315 0.85 1.8264301 1.053986 0.9411764705882353 48
0.31 0.9 1.9050186 1.1507574 0.9411764705882353 48
0.325 0.65 1.75925 0.980141 0.9215686274509803 47
0.335 0.05 1.7357423 1.036479 0.9215686274509803 47
0.33 0.6 1.6933258 1.0955337 0.9215686274509803 47
0.325 0.95 1.8248036 1.0110086 0.9411764705882353 48
0.315 0.2 1.9721301 1.1330612 0.9215686274509803 47
0.31 0.4 1.7193239 0.84752274 0.9607843137254902 49
0.335 0.8 1.9596771 1.1498979 0.9019607843137255 46
0.315 0.4 1.8611209 1.0924205 0.9411764705882353 48
0.32 0.2 1.8698969 1.0356257 0.9215686274509803 47
0.35 0.15 1.7836412 1.0970523 0.8823529411764706 45
0.335 0.45 1.6754544 0.8667531 0.9215686274509803 47
0.315 0.95 2.0469158 1.4696571 0.9607843137254902 49
0.335 0.65 1.7527279 1.0507761 0.9019607843137255 46
0.33 0.3 1.7950013 1.008524 0.9215686274509803 47
0.33 0.95 1.8237451 1.0162226 0.8823529411764706 45
0.325 0.35 1.8354737 1.0715787 0.9411764705882353 48
0.32 0.95 2.105421 1.3145062 0.9607843137254902 49
0.325 0.45 1.9107959 1.0563636 0.9019607843137255 46
0.345 0.5 1.8375705 1.0464535 0.9019607843137255 46
0.275 0.5 1.8333082 1.2556762 0.9803921568627451 50
0.315 0.15 1.9018652 1.2306995 0.9019607843137255 46
0.335 0.3 1.7624567 0.99592245 0.9411764705882353 48
0.32 0.35 2.0523715 1.4543961 0.9019607843137255 46
0.325 0.4 2.004187 1.102376 0.9411764705882353 48
0.31 0.65 1.7929882 1.1038983 0.9215686274509803 47
0.345 0.1 1.7145655 0.924238 0.9411764705882353 48
0.31 0.7 1.8898163 1.0739417 0.8823529411764706 45
0.35 0.45 1.7598352 0.79945815 0.9019607843137255 46
0.34 0.6 1.9010311 1.0515062 0.9215686274509803 47
0.35 0.6 1.9255329 1.340362 0.9411764705882353 48
0.345 0.75 1.704608 0.99180263 0.9215686274509803 47
0.32 0.1 1.8884077 0.98885524 0.9411764705882353 48
0.345 0.65 1.8014362 1.2397169 0.9215686274509803 47
0.33 0.75 1.7137518 0.9919848 0.9019607843137255 46
0.325 0.9 1.7690071 1.0593039 0.9411764705882353 48
0.34 0.35 1.771183 0.9584548 0.9019607843137255 46
0.335 0.95 1.873691 1.2874292 0.9215686274509803 47
0.325 0.5 1.6804016 0.9173326 0.9411764705882353 48
0.33 0.45 1.8882965 0.9936047 0.9411764705882353 48
0.35 0.4 1.7921654 1.240228 0.9215686274509803 47
0.335 0.4 1.8782094 1.3514622 0.9019607843137255 46
0.34 0.65 1.8159279 1.0601735 0.8823529411764706 45
0.33 1.0 1.6259668 0.893191 0.9215686274509803 47
0.345 0.7 1.6218588 1.0012496 0.9215686274509803 47
0.34 1.0 1.6760645 0.977006 0.9215686274509803 47
0.345 0.85 1.732707 0.91751117 0.9215686274509803 47
0.34 0.55 1.8817902 1.0411717 0.9019607843137255 46
0.33 0.7 1.8813356 1.3275169 0.9411764705882353 48
0.325 0.75 1.8423145 0.9370187 0.9215686274509803 47
0.35 0.05 1.6825393 0.81929046 0.9411764705882353 48
0.325 0.85 1.9263624 1.4381968 0.9019607843137255 46
0.325 0.6 1.8799145 1.0272665 0.9019607843137255 46
0.325 1.0 1.7939306 0.92838264 0.9411764705882353 48
0.35 0.3 1.9468601 1.2504416 0.9411764705882353 48
0.33 0.55 1.8071222 0.96236473 0.9215686274509803 47
0.335 0.2 1.9339736 1.2460756 0.9215686274509803 47
0.35 1.0 1.5324768 0.80339545 0.9411764705882353 48
0.35 0.25 1.9996612 1.208475 0.9411764705882353 48
0.345 0.2 1.7195685 1.1940078 0.9019607843137255 46
0.325 0.55 1.8225126 1.0101912 0.9411764705882353 48
0.335 0.7 1.8394463 1.284703 0.9411764705882353 48
0.335 0.6 1.5431743 0.75023973 0.9215686274509803 47
0.335 0.25 1.7567177 1.0808537 0.9215686274509803 47
0.34 0.9 1.6486384 0.8571124 0.9019607843137255 46
0.345 0.95 1.8041582 1.1916198 0.9607843137254902 49
0.33 0.65 1.7133663 1.0280972 0.8627450980392157 44
0.27 0.9 1.9626268 1.1282821 0.9411764705882353 48
0.345 0.6 1.6625141 0.9080983 0.9215686274509803 47
0.35 0.85 1.8398182 1.1564369 0.9411764705882353 48
0.335 0.85 1.7295437 1.0109361 0.9019607843137255 46
0.345 0.45 1.7154213 0.97171056 0.9019607843137255 46
0.33 0.8 1.8244522 0.9753513 0.9019607843137255 46
0.34 0.2 1.7946417 1.0753285 0.9215686274509803 47
0.35 0.8 1.4783548 0.6875558 0.9411764705882353 48
0.33 0.05 1.930021 1.3629848 0.8823529411764706 45
0.355 0.35 1.6209908 0.9204611 0.9019607843137255 46
0.345 0.25 1.66594 0.8730632 0.9215686274509803 47
0.33 0.5 1.8909104 1.1897728 0.9019607843137255 46
0.345 0.55 1.7626839 0.9778044 0.9019607843137255 46
0.34 0.95 1.9506909 1.4431112 0.9607843137254902 498
0.355 0.15 1.6290872 0.7904095 0.9019607843137255 46
0.355 0.55 1.7795185 1.1262603 0.9019607843137255 46
0.34 0.25 1.8654032 1.2418548 0.9215686274509803 47
0.33 0.25 1.7879093 0.97912717 0.9215686274509803 47
0.34 0.05 1.9533621 1.2094612 0.9019607843137255 46
0.335 0.5 1.6219047 0.9691704 0.9019607843137255 46
0.335 0.9 1.7024072 0.94883144 0.9019607843137255 46
0.345 0.3 1.5098213 0.79967314 0.9607843137254902 49
0.345 1.0 1.8014004 1.2522454 0.9411764705882353 48
0.35 0.5 1.8522335 1.3104603 0.9607843137254902 49
0.335 0.55 1.7959511 1.07078 0.9215686274509803 47
0.35 0.9 1.6431106 0.84097403 0.9215686274509803 47
0.345 0.35 1.7082016 0.9932654 0.9215686274509803 47
0.35 0.7 1.7757685 1.2270042 0.9411764705882353 48
0.355 0.1 1.8803813 1.1555129 0.9019607843137255 46
0.33 0.85 1.8051131 1.0463582 0.9215686274509803 47
0.355 0.2 1.8604991 1.1601796 0.9215686274509803 47
0.34 0.4 1.8329928 1.1424372 0.9215686274509803 47
0.35 0.55 1.449117 0.6720526 0.9411764705882353 48
0.34 0.45 1.7963417 1.0789448 0.9411764705882353 48
0.355 0.9 1.8517529 1.0570908 0.9411764705882353 48
0.355 0.4 1.6644968 0.8520064 0.9215686274509803 47
0.355 0.3 1.7082294 1.1671944 0.9607843137254902 49
0.355 0.75 1.8336334 1.0467651 0.9215686274509803 47
0.355 0.95 1.6433709 0.8907375 0.9411764705882353 48
0.355 0.8 1.7810303 1.1934801 0.9019607843137255 46
0.355 0.05 1.6672213 0.9329797 0.9411764705882353 48
0.35 0.2 1.7330816 1.1876366 0.8823529411764706 45
0.35 0.65 1.7201973 1.2233917 0.9411764705882353 48
0.335 0.75 1.953895 1.3001041 0.9215686274509803 47
0.335 0.1 1.6421626 0.80159456 0.9019607843137255 46
0.34 0.3 1.837219 1.0608507 0.9215686274509803 47
0.34 0.15 1.6552067 0.87601763 0.9411764705882353 48
0.34 0.1 1.6513516 0.79169 0.9215686274509803 47
0.36 0.1 1.8045933 1.2138196 0.9803921568627451 50
0.36 0.2 1.7028885 0.85104847 0.9019607843137255 46
0.355 0.7 1.7255895 1.0154413 0.9607843137254902 49
0.36 0.15 1.8992565 1.1632528 0.9607843137254902 49
0.345 0.4 1.8746519 1.210619 0.8823529411764706 45
0.355 0.65 1.8900404 1.1665965 0.9411764705882353 48
0.33 0.2 1.7909988 1.3317355 0.9411764705882353 48
0.335 1.0 2.012434 1.6583456 0.9019607843137255 46
0.275 0.15 1.7776613 1.1698415 0.9411764705882353 48
0.34 0.8 1.7600313 1.0212482 0.9019607843137255 46
0.36 0.3 1.548613 0.6958713 0.9215686274509803 47
0.33 0.9 1.917588 1.2135174 0.9215686274509803 47
0.34 0.85 1.8010843 1.2845446 0.9019607843137255 46
0.33 0.15 1.7399418 0.94635725 0.9019607843137255 46
0.36 0.05 1.7526846 1.0420856 0.9215686274509803 47
0.355 1.0 1.8892692 1.2594002 0.9607843137254902 49
0.355 0.85 1.7533566 1.1929313 0.9215686274509803 47
0.355 0.5 1.8946612 1.1702018 0.9411764705882353 48
0.345 0.05 1.73671 0.9322479 0.9215686274509803 47
0.35 0.95 1.692318 0.9392804 0.9019607843137255 46
0.345 0.15 1.7187904 0.9156277 0.9411764705882353 48
0.355 0.45 1.8437183 1.2297957 0.9411764705882353 48
0.35 0.1 1.7217776 0.87223333 0.8627450980392157 44
0.34 0.7 1.6073503 0.8685808 0.9215686274509803 47
0.345 0.8 1.7998784 0.9893081 0.9215686274509803 47
0.35 0.75 1.8330669 1.2737906 0.9019607843137255 46
0.355 0.25 1.6741415 0.84362763 0.9607843137254902 49
0.27 1.0 1.6592572 1.0242109 0.9607843137254902 49
0.275 0.65 2.0572875 1.3947033 0.9607843137254902 49
0.36 0.8 1.7959402 1.1355774 0.9411764705882353 48
0.36 0.75 1.6128813 0.87523687 0.9215686274509803 47
0.36 0.55 1.7856128 1.0611688 0.9215686274509803 47
0.36 0.45 1.7174909 0.97940844 0.9215686274509803 47
0.36 0.5 1.640912 0.7610092 0.9019607843137255 46
0.355 0.6 1.6038262 0.75563043 0.9411764705882353 48
0.36 0.85 1.7514328 1.1585232 0.9215686274509803 47
0.365 0.1 1.677667 1.0034155 0.9411764705882353 48
0.365 0.05 1.8716309 1.0659562 0.9411764705882353 48
0.365 0.2 1.7155851 1.0958489 0.9215686274509803 47
0.37 0.05 1.8724684 1.0221949 0.9607843137254902 49
0.365 0.15 1.6136434 0.76917005 0.9019607843137255 46
0.365 0.25 1.677304 0.74694103 0.9411764705882353 48
0.365 0.3 1.7776054 1.1057222 0.9803921568627451 50
0.275 0.55 1.9769714 1.2328521 0.9607843137254902 49
0.365 0.5 1.7679907 1.1108776 0.9803921568627451 50
0.365 0.4 1.6653156 0.9422824 0.9215686274509803 47
0.365 0.65 1.7664219 1.1122868 0.9215686274509803 47
0.365 0.9 1.6790879 0.87871945 0.9411764705882353 48
0.365 0.55 1.7876203 1.137552 0.9607843137254902 49
0.365 0.45 1.7884557 1.1234416 0.9411764705882353 48
0.365 0.75 1.6301267 0.8491694 0.9411764705882353 48
0.365 0.6 1.8019556 1.0914065 0.9019607843137255 46
0.37 0.35 1.8648129 1.049301 0.9411764705882353 48
0.38 0.3 1.7350674 0.9095492 0.9803921568627451 50
0.365 0.35 1.8499457 1.1272231 0.9803921568627451 50
0.38 0.15 1.7141091 0.9782832 0.9607843137254902 49
0.36 0.35 1.7316749 1.1731284 0.9803921568627451 50
0.365 0.8 1.7716538 1.1364949 0.9411764705882353 48
0.365 1.0 1.77519 1.1351459 0.9607843137254902 49
0.365 0.95 1.738498 1.1135168 0.9411764705882353 48
0.37 0.15 1.8453093 1.0392787 0.9411764705882353 48
0.36 0.9 1.9639456 1.1225471 0.9411764705882353 48
0.385 0.15 1.7751176 0.8582076 0.9411764705882353 48
0.37 0.1 1.6054415 0.6730507 0.9215686274509803 47
0.36 1.0 1.6383402 0.9140032 0.9019607843137255 46
0.36 0.4 1.7501017 1.1474653 0.9215686274509803 47
0.36 0.6 1.7312298 1.1388254 0.9019607843137255 46
0.37 0.25 1.8279947 1.064221 0.9411764705882353 48
0.37 0.3 1.7948892 1.0537579 0.9607843137254902 49
0.37 0.2 1.6521956 1.0617713 0.9803921568627451 50
0.375 0.45 1.6876137 0.7023775 0.9215686274509803 47
0.375 0.4 1.8099728 1.0638748 0.9215686274509803 47
0.37 0.65 1.7942188 0.94139016 0.8823529411764706 45
0.37 0.7 1.8691871 1.0966581 0.9607843137254902 49
0.37 0.45 1.8520129 0.9674965 0.9215686274509803 47
0.37 0.75 1.7847455 0.83969796 0.9215686274509803 47
0.37 0.5 1.762873 1.0721843 0.9607843137254902 49
0.375 0.15 1.9812845 0.94386727 0.9411764705882353 48
0.37 0.4 1.7761815 1.1127682 0.9607843137254902 49
0.37 0.55 1.8039637 1.0568669 0.9019607843137255 46
0.37 0.9 1.775893 1.0983307 0.9411764705882353 48
0.37 0.95 1.6415193 0.81173337 0.9019607843137255 46
0.37 0.6 1.6616215 0.76836425 0.9215686274509803 47
0.365 0.7 1.8033168 1.1056731 0.9215686274509803 47
0.375 0.25 1.8302037 1.0055155 0.9019607843137255 46
0.37 1.0 1.7572114 1.0644803 0.8823529411764706 45
0.375 0.5 1.9672258 1.27779 0.9411764705882353 4848
0.375 0.05 1.7292385 1.0961093 0.9019607843137255 46
0.37 0.8 1.7480128 0.7611808 0.9019607843137255 46
0.375 0.55 1.6916065 0.9980067 0.9411764705882353 48
0.375 0.2 1.5629122 0.99077225 0.9607843137254902 49
0.37 0.85 1.4990525 0.81006026 0.9215686274509803 47
0.375 0.75 1.6196244 0.7637524 0.9215686274509803 47
0.375 0.3 1.6672509 1.1042718 0.9019607843137255 46
0.375 0.35 1.5083692 0.77180177 0.9411764705882353 48
0.36 0.95 1.9437742 1.1411752 0.9607843137254902 49
0.375 0.6 1.826556 0.97024363 0.9607843137254902 49
0.375 0.9 1.6312754 0.83156854 0.9411764705882353 48
0.375 1.0 1.8560222 1.0377227 0.9411764705882353 48
0.375 0.7 1.7401626 0.78767276 0.9411764705882353 48
0.36 0.7 1.9095987 1.2773155 0.9019607843137255 46
0.38 0.65 1.7639776 0.9469295 0.9019607843137255 46
0.38 0.05 1.9088621 1.001439 0.9215686274509803 47
0.375 0.95 1.7811327 0.706101 0.9019607843137255 46
0.36 0.65 1.718029 0.93633324 0.9215686274509803 47
0.375 0.85 1.9595836 1.804908 0.9215686274509803 47
0.38 0.1 1.7946846 1.0248566 0.9411764705882353 48
0.39 0.05 1.7081312 1.0061599 0.9411764705882353 48
0.39 0.4 1.600166 0.912339 0.9019607843137255 46
0.365 0.85 1.8048992 1.0936204 0.9607843137254902 49
0.39 0.2 1.5684187 0.92665267 0.9411764705882353 48
0.39 0.6 1.4206771 0.6986414 0.9019607843137255 46
0.39 0.15 1.614732 0.81490785 0.9607843137254902 49
0.39 0.25 1.6984675 1.003746 0.9411764705882353 48
0.39 0.45 1.4834589 0.72113794 0.9411764705882353 48
0.39 0.1 1.7833366 0.8015543 0.9411764705882353 48
0.39 0.7 1.6113937 0.7019371 0.9215686274509803 47
0.39 0.9 1.7319229 0.8110799 0.9019607843137255 46
0.39 0.5 1.7681131 0.9975192 0.9215686274509803 47
0.39 0.65 1.7945067 0.82894266 0.9215686274509803 47
0.395 0.05 1.7359397 0.7902698 0.9607843137254902 49
0.39 0.8 1.527677 0.6171764 0.9411764705882353 48
0.39 0.55 1.7230479 1.0180188 0.9411764705882353 48
0.38 0.2 1.7636728 1.0453162 0.9607843137254902 49
0.39 0.85 1.7468016 0.97638386 0.9411764705882353 48
0.39 1.0 1.7065632 1.0013716 0.9019607843137255 46
0.395 0.5 1.7195435 0.9309207 0.9411764705882353 48
0.39 0.95 1.7422482 0.9697463 0.9411764705882353 48
0.39 0.75 1.810594 0.9217936 0.9215686274509803 47
0.395 0.15 1.6821188 0.9027783 0.9215686274509803 47
0.4 0.25 1.7283405 0.8675479 0.9019607843137255 46
0.395 0.25 1.6264988 0.928205 0.9215686274509803 47
0.4 0.05 1.6811117 0.8867109 0.9019607843137255 46
0.395 0.35 1.5961695 0.76427853 0.9411764705882353 48
0.395 0.7 1.4512067 0.73575777 0.9019607843137255 46
0.395 0.55 1.6038353 0.7782999 0.9607843137254902 49
0.395 0.4 1.6787714 0.88025725 0.9215686274509803 47
0.395 0.9 1.8636061 1.0400546 1.0 51
0.4 0.6 1.7920301 0.85295683 0.9607843137254902 49
0.4 0.2 1.6377895 0.8637316 0.9411764705882353 48
0.4 0.3 1.5060241 0.79742956 0.9607843137254902 49
0.395 0.3 1.7089602 0.9062809 0.9607843137254902 49
0.38 0.4 1.6832756 1.0119244 0.9215686274509803 47
0.4 0.7 1.7994213 0.8333291 0.9411764705882353 48
0.395 0.2 1.8167706 0.82326335 0.9411764705882353 48
0.375 0.65 1.5098966 0.81500274 0.9215686274509803 47
0.38 0.7 1.6161432 0.7347481 0.9607843137254902 49
0.395 0.45 1.7063936 0.8767239 0.9215686274509803 47
0.395 0.85 1.7249076 0.98411393 0.9411764705882353 48
0.395 0.95 1.5978936 0.8982565 0.9411764705882353 48
0.395 0.8 1.6254275 0.6795378 0.9607843137254902 49
0.395 0.1 1.6946131 0.9055474 0.941x1764705882353 48
0.4 0.15 1.6865298 1.0894928 0.9411764705882353 48
0.395 0.75 1.5106128 0.7382563 0.9411764705882353 48
0.4 0.35 1.6985476 0.9439417 0.9411764705882353 48
0.425 0.35 1.5602987 0.7135257 0.9411764705882353 48
0.425 0.05 1.5525835 0.7224985 0.9215686274509803 47
0.4 0.4 1.7367296 0.8627197 0.9411764705882353 48
0.395 1.0 1.5029678 0.7226149 0.9411764705882353 48
0.4 0.1 1.9525633 1.4248817 0.9607843137254902 49
0.395 0.65 1.4488745 0.7636888 0.9215686274509803 47
0.4 0.75 1.663769 0.9384831 0.9215686274509803 47
0.4 0.45 1.7830929 1.0314765 0.9411764705882353 48
0.4 0.85 1.5245528 0.75894326 0.9411764705882353 48
0.4 0.55 1.4198698 0.61855173 0.8823529411764706 45
0.4 1.0 1.6757857 0.95008206 0.9411764705882353 48
0.4 0.8 1.7380453 0.9032095 0.9411764705882353 48
0.425 0.1 1.5702274 0.8383696 0.9607843137254902 49
0.38 0.25 1.7404493 1.0128186 0.9411764705882353 48
0.425 0.25 1.5174344 0.7618848 0.9411764705882353 48
0.4 0.95 1.6260643 0.7971869 0.9215686274509803 47
0.425 0.4 1.4826943 0.5396399 0.9215686274509803 47
0.425 0.9 1.5297836 0.75495815 0.9215686274509803 47
0.425 0.8 1.6082808 0.8900341 0.9411764705882353 48
0.425 0.45 1.4171879 0.71631706 0.9607843137254902 49
0.425 0.5 1.6365297 0.81653345 0.9215686274509803 47
0.425 0.65 1.31401 0.6086355 0.9411764705882353 48
0.425 0.95 1.5415308 0.8154416 0.9215686274509803 47
0.425 0.15 1.4747782 0.6344712 0.9411764705882353 48
0.38 0.55 1.7144737 0.98325264 0.9803921568627451 50
0.45 0.3 1.452306 0.574617 0.9411764705882353 48
0.425 0.85 1.6328987 0.673027 0.9411764705882353 48
0.45 0.2 1.6889222 0.71541244 0.9215686274509803 47
0.425 0.7 1.4072285 0.75609744 0.9215686274509803 47
0.45 0.25 1.4616203 0.73444694 0.9215686274509803 47
0.38 0.6 1.6293423 0.8105403 0.9411764705882353 48
0.45 0.05 1.5918972 0.5883921 0.9215686274509803 47
0.45 0.1 1.5192297 0.61408937 0.9607843137254902 49
0.425 0.6 1.4797511 0.73495877 0.9411764705882353 48
0.45 0.35 1.4965011 0.7151786 0.9215686274509803 47
0.45 0.45 1.4897798 0.5878228 0.9411764705882353 48
0.45 0.5 1.3733168 0.52323693 0.9411764705882353 48
0.475 0.9 1.5419552 0.68914896 0.9215686274509803 47
0.45 1.0 1.505381 0.6274908 0.9607843137254902 49
0.45 0.95 1.4945472 0.6186334 0.9215686274509803 47
0.45 0.55 1.6044168 0.6699544 0.9019607843137255 46
0.5 0.15 1.48452 0.58363146 0.9411764705882353 48
0.45 0.75 1.5725174 0.67998827 0.9411764705882353 48
0.45 0.4 1.6266552 0.7046496 0.9607843137254902 49
0.475 0.3 1.4516367 0.62482095 0.9215686274509803 47
0.45 0.7 1.4734766 0.638581 0.9607843137254902 49
0.475 0.1 1.5096416 0.61492926 0.9411764705882353 48
0.45 0.65 1.5725143 0.66876465 0.9411764705882353 48
0.475 0.8 1.380075 0.62896925 0.9803921568627451 50
0.475 0.05 1.461195 0.6304992 0.9215686274509803 47
0.475 0.45 1.4038646 0.67960405 0.9607843137254902 49
0.475 0.4 1.4382718 0.57347256 0.9411764705882353 48
0.475 0.35 1.4055163 0.61094666 0.9411764705882353 48
0.45 0.9 1.4613769 0.70877206 0.9411764705882353 48
0.475 1.0 1.5192473 0.6025985 0.9411764705882353 48
0.475 0.65 1.509517 0.6936877 0.9215686274509803 47
0.5 0.6 1.3903666 0.68548846 0.9215686274509803 47
0.475 0.2 1.4459437 0.7053393 0.9607843137254902 49
0.38 0.45 1.6839573 0.8256326 0.8823529411764706 45
0.475 0.85 1.57608 0.6236614 0.9215686274509803 47
0.475 0.75 1.4501469 0.57210326 0.9607843137254902 49
0.475 0.6 1.3274765 0.5657376 0.9803921568627451 50
0.45 0.8 1.5661978 0.634727 0.9607843137254902 49
0.5 0.25 1.4258296 0.6052113 0.9411764705882353 48
0.5 0.35 1.4587238 0.6445898 0.9411764705882353 48
0.5 0.05 1.388528 0.59880877 0.9411764705882353 48
0.5 0.5 1.3967574 0.5571928 0.9607843137254902 49
0.475 0.55 1.4134963 0.6826553 0.9215686274509803 47
0.38 0.8 1.8826263 1.0823585 0.9411764705882353 48
0.475 0.5 1.4526397 0.67231387 0.9607843137254902 49
0.5 0.55 1.4092989 0.6709552 0.9019607843137255 46
0.55 0.35 1.3561025 0.600217 0.9607843137254902 49
0.55 0.5 1.3804538 0.63643783 0.9411764705882353 48
0.475 0.7 1.4768988 0.68080616 0.9803921568627451 50
0.5 0.9 1.4263273 0.64206624 0.9411764705882353 48
0.475 0.95 1.5544188 0.66109014 0.9607843137254902 49
0.475 0.25 1.5343411 0.802121 0.9607843137254902 49
0.5 0.4 1.4096721 0.60439694 0.9215686274509803 47
0.5 0.65 1.388964 0.6481481 0.9019607843137255 46
0.55 0.4 1.3331237 0.6060099 0.9607843137254902 49
0.5 0.3 1.4893385 0.66193104 0.9215686274509803 47
0.575 1.0 1.2693923 0.50349367 0.9607843137254902 49
0.525 0.25 1.4399347 0.6563971 0.9411764705882353 48
0.5 0.2 1.4708436 0.6166833 0.9607843137254902 49
0.475 0.15 1.5270011 0.65751964 0.9607843137254902 49
0.5 1.0 1.3794005 0.6585801 0.9215686274509803 47
0.525 0.5 1.4675893 0.6461414 0.9607843137254902 49
0.525 0.15 1.4213027 0.6446935 0.9803921568627451 50
0.65 0.15 1.2928303 0.47631258 0.9215686274509803 47
0.525 0.1 1.3613516 0.6134582 0.9607843137254902 49
0.525 0.3 1.3604996 0.5535852 0.9607843137254902 49
0.675 0.4 1.2378565 0.5392059 0.9607843137254902 49
0.525 1.0 1.3758293 0.6853045 0.9607843137254902 49
0.55 0.3 1.4564927 0.6305579 0.9411764705882353 48
0.5 0.8 1.5257576 0.7277457 0.9215686274509803 47
0.5 0.1 1.4444584 0.5919864 0.9607843137254902 49
0.55 0.15 1.4324795 0.6478786 0.9607843137254902 49
0.575 0.95 1.3002601 0.5648913 0.9803921568627451 50
0.525 0.8 1.4905355 0.7518732 0.9607843137254902 49
0.55 0.65 1.171903 0.6034907 0.9607843137254902 49
0.55 0.2 1.3930104 0.61202353 0.9607843137254902 49
0.5 0.85 1.4558537 0.6028293 0.9411764705882353 48
0.525 0.75 1.4207498 0.6559936 0.9607843137254902 49
0.6 0.3 1.3328776 0.56806815 0.9607843137254902 49
0.6 0.65 1.3457237 0.64683205 0.9607843137254902 49
0.6 0.6 1.2847439 0.55746466 0.9607843137254902 49
0.5 0.95 1.5210812 0.53450596 0.9411764705882353 48
0.5 0.75 1.4041326 0.6489094 0.9215686274509803 47
0.525 0.2 1.3902128 0.64737785 0.9215686274509803 47
0.525 0.45 1.4663284 0.6637979 0.9607843137254902 49
0.6 0.1 1.3349429 0.6256565 0.9607843137254902 49
0.525 0.6 1.2954304 0.5513224 0.9411764705882353 48
0.65 0.05 1.1959956 0.57378286 0.9607843137254902 49
0.525 0.85 1.4472405 0.62675387 0.9215686274509803 47
0.525 0.35 1.419957 0.65998065 0.9607843137254902 49
0.625 0.1 1.2890867 0.51783633 0.9803921568627451 50
0.6 0.55 1.3123593 0.56904995 0.9803921568627451 50
0.55 0.1 1.422858 0.61313814 0.9411764705882353 48
0.5 0.7 1.5026648 0.5747153 0.9215686274509803 47
0.575 0.4 1.3446198 0.5840405 0.9803921568627451 50
0.7 0.15 1.1543735 0.5279844 0.9607843137254902 49
0.725 0.15 1.1870781 0.50494486 0.9411764705882353 48
0.6 0.25 1.2173758 0.62374467 0.9607843137254902 49
0.55 0.45 1.4497769 0.75871485 0.9411764705882353 48
0.625 0.65 1.2458752 0.5559798 0.9803921568627451 50
0.55 0.05 1.3942264 0.6205156 0.9607843137254902 49
0.625 0.85 1.2960398 0.5126157 0.9607843137254902 49
0.6 0.4 1.3672574 0.64567983 0.9607843137254902 49
0.525 0.05 1.3560951 0.6183683 0.9607843137254902 49
0.6 0.7 1.352292 0.58204174 0.9607843137254902 49
0.55 0.9 1.3621035 0.6146997 0.9607843137254902 49
0.6 0.35 1.4238846 0.747696 0.9803921568627451 50
0.55 0.7 1.2525882 0.5677835 0.9411764705882353 48
0.525 0.4 1.4522086 0.6561166 0.9411764705882353 48
0.575 0.45 1.3148435 0.5682487 0.9607843137254902 49
0.625 0.55 1.3029039 0.59174114 0.9803921568627451 50
0.6 0.2 1.3453764 0.5786653 0.9607843137254902 49
0.525 0.9 1.4387224 0.6290196 0.9803921568627451 50
0.6 0.75 1.3353466 0.5724849 0.9607843137254902 49
0.575 0.9 1.2554052 0.52589107 0.9607843137254902 49
0.625 0.05 1.2945048 0.57048655 0.9607843137254902 49
0.525 0.7 1.3448489 0.61272305 0.9607843137254902 49
0.625 1.0 1.1945438 0.5761957 0.9803921568627451 50
0.5 0.45 1.4652184 0.6103803 0.9411764705882353 48
0.625 0.3 1.284561 0.63471776 0.9607843137254902 49
0.6 0.85 1.2657484 0.57115054 0.9411764705882353 48
0.725 0.6 1.2163016 0.54804254 0.9411764705882353 48
0.525 0.55 1.4875116 0.60474384 0.9607843137254902 49
0.6 0.15 1.3261029 0.56809354 0.9607843137254902 49
0.625 0.25 1.2111871 0.59058183 0.9803921568627451 50
0.525 0.65 1.3762343 0.5901704 0.9411764705882353 48
0.6 0.05 1.206598 0.54087883 0.9411764705882353 48
0.675 0.2 1.074398 0.52387613 0.9607843137254902 49
0.6 0.45 1.366564 0.6191853 0.9411764705882353 48
0.6 0.8 1.2200115 0.59885615 0.9607843137254902 49
0.65 0.2 1.148708 0.52400446 0.9607843137254902 49
0.6 0.5 1.2522163 0.55610704 0.9803921568627451 50
0.625 0.75 1.2711627 0.54712737 0.9411764705882353 48
0.65 0.4 1.2677612 0.5605015 0.9607843137254902 49
0.65 0.9 1.166173 0.5486438 0.9803921568627451 50
0.65 0.5 1.2624427 0.56856424 0.9803921568627451 50
0.625 0.45 1.1674517 0.5464086 0.9803921568627451 50
0.65 0.25 1.2442926 0.55926913 0.9411764705882353 48
0.675 0.55 1.1413101 0.42475092 0.9803921568627451 50
0.675 0.05 1.1848128 0.51577383 0.9803921568627451 50
0.675 0.7 1.1969198 0.53939885 0.9411764705882353 48
0.625 0.8 1.2287934 0.5599564 0.9607843137254902 49
0.6 1.0 1.287466 0.5771529 0.9607843137254902 49
0.725 0.2 1.2474853 0.51226085 0.9411764705882353 48
0.575 0.5 1.2935096 0.55730784 0.9607843137254902 49
0.675 1.0 1.1730028 0.54774606 0.9607843137254902 49
0.675 0.85 1.2515056 0.55431265 0.9607843137254902 49
0.65 0.35 1.2761537 0.58772624 0.9411764705882353 48
0.7 0.75 1.2560952 0.5346481 0.9411764705882353 48
0.65 0.85 1.253747 0.53401506 0.9803921568627451 50
0.625 0.35 1.2931988 0.56967866 0.9607843137254902 49
0.625 0.15 1.2750931 0.54456335 0.9607843137254902 49
0.75 1.0 1.1828618 0.5122506 0.9607843137254902 49
0.675 0.8 1.3133115 0.587563 0.9607843137254902 49
0.65 0.3 1.2423719 0.54143536 1.0 51
0.7 0.45 1.2113497 0.5552815 0.9607843137254902 49
0.725 0.1 1.1499739 0.54380554 0.9411764705882353 48
0.6 0.9 1.2888914 0.6508427 0.9803921568627451 50
0.675 0.1 1.1295239 0.43195188 0.9803921568627451 50
0.675 0.65 1.2377026 0.5503507 0.9803921568627451 50
0.55 0.8 1.3575206 0.6100091 0.9607843137254902 49
0.6 0.95 1.3250182 0.58361506 0.9607843137254902 49
0.65 0.55 1.2173576 0.5472383 0.9803921568627451 50
0.675 0.95 1.1715516 0.5925576 0.9803921568627451 50
0.625 0.4 1.2767218 0.51548016 0.9411764705882353 48
0.65 1.0 1.1709664 0.49669984 0.9803921568627451 50
0.7 0.25 1.1964037 0.54296076 0.9607843137254902 49
0.65 0.1 1.2951622 0.545328 0.9411764705882353 48
0.625 0.9 1.2560018 0.54715437 0.9803921568627451 50
0.55 0.55 1.3831497 0.58427364 0.9411764705882353 48
0.65 0.65 1.1903147 0.52266574 0.9803921568627451 50
0.625 0.6 1.326514 0.5257022 0.9607843137254902 49
0.625 0.5 1.2297957 0.5335605 0.9803921568627451 50
0.675 0.75 1.206282 0.51377845 0.9803921568627451 50
0.65 0.6 1.2753232 0.5761959 0.9607843137254902 49
0.675 0.6 1.2204977 0.52920395 0.9607843137254902 49
0.675 0.25 1.2034957 0.5107543 0.9215686274509803 47
0.7 0.8 1.2230393 0.4960486 0.9803921568627451 50
0.65 0.45 1.2530358 0.532101 0.9607843137254902 49
0.7 0.35 1.0625432 0.56183517 0.9803921568627451 50
0.7 0.95 1.2340953 0.561464 0.9803921568627451 50
0.675 0.5 1.2477796 0.50382406 0.9607843137254902 49
0.7 0.7 1.0845058 0.523478 0.9411764705882353 48
0.75 0.1 1.1776602 0.5131079 0.9607843137254902 49
0.55 0.85 1.440686 0.60912037 0.9411764705882353 48
0.7 1.0 1.1306261 0.5102737 1.0 51
0.725 0.4 1.1838465 0.45456922 0.9411764705882353 48
0.725 0.3 1.1426678 0.52575904 0.9607843137254902 49
0.65 0.8 1.2468665 0.53218096 0.9607843137254902 49
0.725 0.5 1.24298 0.5388187 0.9607843137254902 49
0.7 0.65 1.1533598 0.5870716 0.9803921568627451 50
0.625 0.2 1.3636645 0.6248408 0.9607843137254902 49
0.675 0.9 1.2070581 0.5210919 0.9803921568627451 50
0.75 0.2 1.0820577 0.44188714 0.9607843137254902 49
0.7 0.5 1.1593096 0.5025423 0.9607843137254902 49
0.7 0.1 1.2184374 0.49906868 0.9411764705882353 48
0.75 0.3 1.1419913 0.52975893 0.9607843137254902 49
0.7 0.4 1.2004378 0.5253133 0.9607843137254902 49
0.725 0.7 1.1885345 0.51438785 0.9215686274509803 47
0.7 0.9 1.1478031 0.43623424 0.9411764705882353 48
0.75 0.65 1.1414464 0.49361616 0.9803921568627451 50
0.7 0.55 1.1885142 0.5301465 0.9803921568627451 50
0.7 0.3 1.2497427 0.5487522 0.9803921568627451 50
0.725 0.75 1.1758877 0.52034384 0.9411764705882353 48
0.725 0.05 1.1663783 0.53232676 0.9411764705882353 48
0.725 1.0 1.13836 0.46588653 0.9215686274509803 47
0.675 0.35 1.2414573 0.4973248 0.9803921568627451 50
0.675 0.45 1.2320153 0.550744 0.9803921568627451 50
0.725 0.45 1.1480273 0.46777666 0.9411764705882353 48
0.725 0.35 1.1593136 0.47352555 0.9411764705882353 48
0.75 0.8 1.1135341 0.4544434 0.9607843137254902 49
0.75 0.25 1.182552 0.49430546 0.9607843137254902 49
0.725 0.95 1.2521489 0.5728711 0.9411764705882353 48
0.75 0.4 1.142299 0.5139123 0.9803921568627451 50
0.725 0.65 1.2150172 0.55391484 0.9607843137254902 49
0.725 0.9 1.1964953 0.46012732 0.9607843137254902 49
0.725 0.8 1.1031129 0.55649155 0.9803921568627451 50
0.725 0.55 1.1964082 0.43602696 0.9607843137254902 49
0.75 0.9 1.1526732 0.50313735 0.9803921568627451 50
0.725 0.25 1.1630452 0.441715 0.9803921568627451 50
0.7 0.85 1.213556 0.54063773 0.9803921568627451 50
0.625 0.95 1.2775488 0.58861506 0.9607843137254902 49
0.75 0.7 1.0900805 0.49622905 1.0 51
0.7 0.2 1.1274773 0.5322096 0.9803921568627451 50
0.725 0.85 1.1385031 0.53211844 0.9607843137254902 49
0.75 0.5 1.189923 0.5079112 0.9607843137254902 49
0.75 0.05 1.2007494 0.54095393 0.9607843137254902 49
0.675 0.3 1.2460153 0.49691176 0.9607843137254902 49
0.75 0.45 1.1550353 0.52739465 0.9215686274509803 47
0.75 0.35 1.1515154 0.5315907 0.9803921568627451 50
0.75 0.95 1.1762264 0.47078243 0.9607843137254902 49
0.75 0.6 1.2009523 0.5057058 0.9607843137254902 49
0.75 0.15 1.2262543 0.51334244 0.9803921568627451 50
0.75 0.55 1.1292057 0.47146174 0.9803921568627451 50
0.38 0.85 1.8090473 1.0304834 0.9607843137254902 49
0.75 0.85 1.2081484 0.5008666 0.9215686274509803 47
0.65 0.95 1.2237655 0.5327501 0.9607843137254902 49
0.775 0.55 1.143739 0.4889993 0.9803921568627451 50
0.775 0.05 1.0061257 0.44546977 0.9607843137254902 49
0.38 0.9 1.7646742 1.0410936 0.9607843137254902 49
0.75 0.75 1.1632862 0.46822178 0.9607843137254902 49
0.775 0.1 1.1726528 0.4784958 0.9607843137254902 49
0.775 0.2 1.183358 0.48334903 0.9607843137254902 49
0.775 0.5 1.0695789 0.5000123 0.9803921568627451 50
0.385 0.05 1.6415532 1.0839792 0.9411764705882353 48
0.385 0.1 1.5761123 0.785366 0.9607843137254902 49
0.775 0.4 1.170084 0.49939927 0.9803921568627451 50
0.775 0.65 1.1194158 0.47359732 0.9803921568627451 50
0.775 0.35 1.1098616 0.49456725 0.9607843137254902 49
0.775 0.3 1.0772617 0.49633184 0.9607843137254902 49
0.775 0.15 1.1029613 0.5049127 0.9803921568627451 50
0.775 0.45 1.0423412 0.42004 0.9803921568627451 50
0.385 0.4 1.7514181 0.9833534 0.9215686274509803 47
0.775 0.7 1.1517346 0.5227745 0.9607843137254902 49
0.775 0.8 1.1348045 0.374611 0.9411764705882353 48
0.8 0.15 1.105778 0.4721029 0.9607843137254902 49
0.385 0.35 1.8512671 0.89439434 0.9215686274509803 47
0.775 0.6 1.1951889 0.4945795 0.9607843137254902 49
0.8 0.05 1.1094186 0.48802665 0.9803921568627451 50
0.8 0.1 1.131946 0.48165336 0.9803921568627451 50
0.385 0.45 1.9058548 1.0300354 0.9607843137254902 49
0.775 1.0 1.2393258 0.8607381 0.9803921568627451 50
0.775 0.9 1.0902904 0.5038375 0.9607843137254902 49
0.775 0.85 1.1534641 0.5038717 0.9607843137254902 49
0.775 0.75 1.067561 0.41729668 0.9607843137254902 49
0.775 0.95 1.1894634 0.47046086 0.9607843137254902 49
0.8 0.2 1.0937319 0.4535106 0.9803921568627451 50
0.675 0.15 1.197851 0.4863161 0.9411764705882353 48
0.8 0.5 1.0893081 0.46115357 0.9607843137254902 49
0.65 0.75 1.1814735 0.51241386 0.9803921568627451 50
0.425 0.3 1.6421121 0.7904013 0.9215686274509803 47
0.8 0.45 1.0945572 0.43594602 0.9803921568627451 50
0.8 0.55 1.0827353 0.4731483 0.9411764705882353 48
0.385 0.65 1.7720124 1.0200626 0.9215686274509803 47
0.385 0.75 1.7772487 0.9686848 0.9803921568627451 50
0.4 0.9 1.7723558 0.8284968 0.9411764705882353 48
0.8 0.65 1.1293237 0.48468533 0.9607843137254902 49
0.385 1.0 1.73477 0.8368462 0.9411764705882353 48
0.8 0.6 1.1100485 0.46433288 0.9803921568627451 50
0.425 1.0 1.641032 0.7492075 0.9019607843137255 46
0.8 0.3 1.0772085 0.50693136 0.9803921568627451 50
0.385 0.9 1.7481034 1.0169207 0.9607843137254902 49
0.385 0.85 1.7433155 1.0157969 0.9411764705882353 48
0.385 0.8 1.8506228 1.0201806 0.9411764705882353 48
0.39 0.3 1.7504456 0.90666443 0.9607843137254902 49
0.85 0.55 1.0675732 0.49666077 1.0 51
0.625 0.7 1.1434634 0.50594825 0.9607843137254902 49
0.825 0.05 1.1235037 0.46112493 0.9411764705882353 48
0.85 0.7 1.0878441 0.48213902 0.9411764705882353 48
0.8 1.0 1.1298535 0.52289504 0.9803921568627451 50
0.8 0.9 1.1202757 0.40409666 0.9411764705882353 48
0.8 0.85 1.1367452 0.45903662 0.9607843137254902 49
0.8 0.75 1.0820239 0.52050936 0.9411764705882353 48
0.8 0.95 1.0685836 0.53653157 0.9803921568627451 50
0.8 0.35 1.0777847 0.3793097 0.9607843137254902 49
0.8 0.7 1.1144755 0.45081252 0.9607843137254902 49
0.825 0.1 1.0289171 0.39941958 1.0 51
0.55 0.25 1.3910196 0.6753641 0.9607843137254902 49
0.8 0.4 1.1288007 0.4820591 0.9607843137254902 49
0.825 0.9 1.1210607 0.5740311 0.9607843137254902 49
0.9 0.35 1.2256972 0.8869427 0.9607843137254902 49
0.825 0.85 1.1214955 0.5045813 0.9803921568627451 50
0.85 0.45 1.1734697 0.55139035 0.9607843137254902 49
0.85 0.15 1.0520589 0.48561114 0.9607843137254902 49
0.85 0.35 1.0611347 0.4959224 0.9803921568627451 50
0.85 0.4 1.12171 0.47640464 0.9607843137254902 49
0.85 0.5 1.0323685 0.32220426 0.9607843137254902 49
0.775 0.25 1.083338 0.4863241 0.9803921568627451 50
0.85 0.2 1.118931 0.51243013 0.9607843137254902 49
0.85 0.6 1.0645653 0.5168261 0.9607843137254902 49
0.7 0.6 1.0970099 0.49926022 0.9803921568627451 50
0.975 0.9 1.0376825 0.4265573 0.9607843137254902 49
0.8 0.8 1.1021578 0.4681955 0.9607843137254902 49
0.975 0.95 1.0768363 0.45384976 0.9607843137254902 49
1.0 0.05 1.0177004 0.52829576 0.9607843137254902 49
1.0 0.25 1.0129216 0.35037315 0.9607843137254902 49
1.0 0.1 1.0222012 0.47566193 0.9607843137254902 49
1.0 0.35 1.028356 0.37634376 0.9411764705882353 48
1.0 0.55 1.1732578 0.822623 0.9411764705882353 48
1.0 0.85 1.0495299 0.45974028 0.9607843137254902 49
1.0 0.15 1.0649277 0.5002415 0.9607843137254902 49
1.0 0.8 1.0843018 0.44415075 0.9607843137254902 49
1.0 0.3 1.0769417 0.4972955 0.9803921568627451 50
1.0 0.2 1.1050507 0.45645794 0.9607843137254902 49
1.0 0.4 1.0652674 0.33389866 0.9803921568627451 50
1.0 0.6 1.0101508 0.44063225 0.9411764705882353 48
1.0 0.5 1.0890205 0.45063245 0.9607843137254902 49
1.0 0.45 1.0323164 0.49963063 0.9607843137254902 49
1.0 1.0 1.0188395 0.5262528 0.9411764705882353 48
1.0 0.65 1.0749876 0.48388252 0.9411764705882353 48
0.1 0.3 4.5752006 2.271572 0.9215686274509803 47
0.26 0.85 1.7135261 0.8835338 0.9607843137254902 49
0.265 0.45 2.029878 1.3103771 0.9607843137254902 49
1.0 0.75 1.0633116 0.52900505 0.9607843137254902 49
0.275 0.4 1.7539629 0.9106982 0.9215686274509803 47
1.0 0.95 1.0199296 0.3664974 0.9803921568627451 50
0.4 0.65 1.809499 0.87893033 0.9411764705882353 48
0.1 0.25 4.029427 1.8705076 0.9803921568627451 50
0.26 0.75 2.0178025 1.3792582 0.9607843137254902 49
1.0 0.9 0.9618923 0.4450203 0.9411764705882353 48
0.275 0.45 2.0906239 1.409529 0.9411764705882353 48
0.45 0.15 1.5622581 0.7380943 0.9411764705882353 48
0.38 0.35 1.6847998 1.0273004 0.9411764705882353 48
0.26 0.8 1.9991925 1.3412777 0.9411764705882353 48
0.275 0.35 1.9967649 1.4053371 0.9019607843137255 46
0.38 0.75 1.7276522 1.0988039 0.9215686274509803 47
0.285 0.75 1.9277254 1.322837 0.9215686274509803 47
0.275 0.85 2.0013585 1.0440444 0.8627450980392157 44
0.385 0.3 1.7126917 0.90969 0.9215686274509803 47
0.285 0.95 1.8910891 1.3054366 0.9411764705882353 48
0.345 0.9 1.8472068 1.2997695 0.9607843137254902 49
0.38 0.5 1.5574596 0.97557217 0.9411764705882353 48
0.425 0.75 1.6060823 0.7145851 0.9019607843137255 46
0.05 0.15 3.8862 0.76250404 0.8823529411764706 45
0.36 0.25 1.7572105 1.0310309 0.9411764705882353 48
0.45 0.6 1.443944 0.9188508 0.9215686274509803 47
0.45 0.85 1.6002973 0.6806782 0.9411764705882353 48
0.8 0.25 1.1129987 0.49898553 0.9607843137254902 49
0.4 0.5 1.723424 0.9628047 0.9215686274509803 47
0.575 0.2 1.3186201 0.5236219 0.9411764705882353 48
0.65 0.7 1.1608303 0.62285334 0.9607843137254902 49
0.385 0.95 1.7400057 0.9568397 0.9607843137254902 49
0.38 1.0 1.5906966 0.7910248 0.8823529411764706 45
0.375 0.8 1.8833001 1.0766772 0.9215686274509803 47
0.39 0.35 1.5000495 0.63187844 0.9215686274509803 47
0.395 0.6 1.6424243 0.94037455 0.9411764705882353 48
0.575 0.15 1.2869697 0.6305069 0.9607843137254902 49
0.385 0.6 1.6400524 0.94293225 0.9411764705882353 48
0.55 0.6 1.3034286 0.5822092 0.9607843137254902 49
0.575 0.6 1.321847 0.5927559 0.9803921568627451 50
0.55 0.95 1.34554 0.5960309 0.9411764705882353 48
0.575 0.35 1.2774535 0.56409264 0.9803921568627451 50
0.575 0.75 1.373791 0.6226455 0.9607843137254902 49
0.875 0.15 1.1088399 0.5111456 0.9607843137254902 49
0.575 0.7 1.1848456 0.55859935 0.9607843137254902 49
0.55 0.75 1.4073968 0.6273475 0.9607843137254902 49
0.575 0.65 1.3622645 0.5543661 0.9607843137254902 49
0.575 0.8 1.3752153 0.6044194 0.9607843137254902 49
0.575 0.05 1.4319248 0.6173126 0.9607843137254902 49
0.575 0.1 1.3674146 0.51694596 0.9411764705882353 48
0.575 0.85 1.4137394 0.5633308 0.9803921568627451 50
0.575 0.55 1.4245031 0.59041435 0.9411764705882353 48
0.385 0.55 1.7266877 0.99883366 0.9411764705882353 48
0.38 0.95 1.6436112 0.73945844 0.9019607843137255 46
0.85 0.1 1.0945667 0.49806383 0.9607843137254902 49
0.575 0.25 1.2206365 0.5546162 0.9607843137254902 49
0.385 0.5 1.5565125 0.6921705 0.9411764705882353 48
0.9 0.15 1.1673759 0.6106285 0.9803921568627451 50
0.385 0.2 1.5413733 0.7818968 0.9411764705882353 48
0.425 0.2 1.4833626 0.62979776 0.9411764705882353 48
0.9 0.1 1.0837207 0.49691704 0.9215686274509803 47
0.425 0.55 1.6274893 0.7999397 0.9607843137254902 49
0.85 0.05 1.0929027 0.45688137 0.9411764705882353 48
0.385 0.25 1.7716774 0.9052637 0.9803921568627451 50
0.9 0.45 1.0636088 0.47213152 0.9803921568627451 50
0.875 0.95 1.0983453 0.49940494 0.9607843137254902 49
0.95 0.85 1.0592378 0.4881352 0.9607843137254902 49
0.85 0.9 1.1171435 0.4785535 0.9411764705882353 48
0.9 0.85 1.0991266 0.47955108 0.9607843137254902 49
0.9 0.75 1.1563861 0.46023062 0.9411764705882353 48
0.925 0.1 1.0922464 0.47092906 0.9607843137254902 49
0.9 0.4 1.07207 0.45353073 0.9607843137254902 49
0.9 0.8 1.0437233 0.4685419 0.9607843137254902 49
0.9 0.5 1.0860031 0.45214036 0.9803921568627451 509
0.9 0.95 1.0626318 0.4648893 0.9607843137254902 49
0.925 0.6 1.0870073 0.47393966 0.9607843137254902 49
0.9 0.05 1.0800003 0.47414526 0.9803921568627451 50
0.925 0.05 1.0757023 0.51299 0.9803921568627451 50
0.825 0.95 1.12841 0.35631472 0.9607843137254902 49
0.925 0.35 1.0127373 0.4825405 0.9803921568627451 50
0.9 0.9 1.0707047 0.4699853 0.9803921568627451 50
0.9 1.0 0.9928281 0.49020475 0.9803921568627451 50
0.875 0.25 1.0496304 0.5079227 0.9607843137254902 49
0.875 0.9 1.0598001 0.50850075 0.9607843137254902 49
0.925 0.2 1.1125429 0.47342244 0.9803921568627451 50
0.95 0.2 1.0648241 0.4593086 0.9607843137254902 49
0.925 0.7 1.0536847 0.51695657 0.9607843137254902 49
0.925 0.25 1.0801804 0.46479636 0.9411764705882353 48
0.875 0.65 1.0394344 0.46185777 0.9607843137254902 49
0.925 0.4 1.0200316 0.5248412 0.9803921568627451 50
0.875 0.5 1.0899842 0.5107886 0.9411764705882353 48
0.875 1.0 1.0470456 0.50299007 0.9411764705882353 48
0.875 0.2 1.040952 0.4393952 0.9607843137254902 49
0.875 0.35 1.09536 0.4606872 0.9607843137254902 49
0.875 0.55 1.1537588 0.5474886 0.9607843137254902 49
0.875 0.05 1.0174816 0.36477175 0.9215686274509803 47
0.95 0.25 1.0307539 0.38261008 0.9607843137254902 49
0.875 0.4 1.0541388 0.5136653 0.9607843137254902 49
0.925 0.45 1.0939193 0.44567698 0.9607843137254902 49
0.925 1.0 1.0850368 0.48854348 0.9215686274509803 47
0.925 0.9 1.0693333 0.46888244 0.9607843137254902 49
0.95 0.05 1.0684111 0.4437566 0.9607843137254902 49
0.95 0.45 1.0250282 0.49493924 0.9215686274509803 47
0.875 0.6 1.071822 0.5014839 0.9411764705882353 48
0.925 0.3 1.0848768 0.4298151 0.9411764705882353 48
0.95 0.3 1.0424284 0.48354533 0.9215686274509803 47
0.95 0.1 1.0854771 0.47849697 0.9411764705882353 48
0.875 0.45 1.0844675 0.4908195 0.9607843137254902 49
0.925 0.8 1.0729039 0.53180677 0.9215686274509803 47
0.95 0.35 1.0904472 0.4468106 0.9607843137254902 49
0.95 0.5 1.0983461 0.44113457 0.9607843137254902 49
0.9 0.3 1.0910307 0.5350922 0.9803921568627451 50
0.95 0.15 1.109101 0.44495645 0.9411764705882353 48
0.925 0.95 1.0718979 0.4653167 0.9607843137254902 49
0.95 0.6 1.0699373 0.5049178 0.9607843137254902 49
0.925 0.85 1.0165634 0.49918622 0.9411764705882353 48
0.95 0.65 1.0162871 0.5038855 0.9411764705882353 48
0.925 0.5 1.0569744 0.49493763 0.9607843137254902 49
0.85 0.25 1.1061653 0.48507753 0.9411764705882353 48
0.975 0.8 1.123107 0.42717755 0.9607843137254902 49
0.85 0.3 1.1163478 0.502724 0.9411764705882353 48
0.85 0.95 1.110447 0.4575147 0.9411764705882353 48
0.9 0.25 1.1210692 0.50067526 0.9411764705882353 48
0.9 0.55 0.99451095 0.5397383 0.9607843137254902 49
0.925 0.55 1.0904953 0.46586058 0.9411764705882353 48
0.9 0.6 1.0217379 0.37746063 0.9803921568627451 50
0.9 0.2 1.0707543 0.4770684 0.9411764705882353 48
0.975 0.05 1.0541236 0.4753133 0.9607843137254902 49
0.95 0.55 1.1111505 0.45045623 0.9803921568627451 50
0.975 0.7 1.1937206 0.8030208 0.9803921568627451 50
0.925 0.65 1.1023203 0.4472284 0.9803921568627451 50
0.975 0.1 1.0620302 0.488398 0.9607843137254902 49
0.95 0.9 1.0908803 0.5167674 0.9607843137254902 49
0.9 0.7 1.0481207 0.50248045 0.9411764705882353 48
0.95 1.0 1.0814435 0.4501096 0.9411764705882353 48
0.975 0.15 1.0858651 0.47881135 0.9607843137254902 49
0.975 0.25 1.0394964 0.493812 0.9607843137254902 49
0.95 0.75 1.0877395 0.5331362 0.9803921568627451 50
0.32 0.85 1.799468 1.0653576 0.9411764705882353 48
0.975 0.3 1.0060787 0.48521748 0.9215686274509803 47
0.95 0.95 1.0036598 0.4977704 0.9607843137254902 49
0.975 0.35 1.0445244 0.6160341 0.9607843137254902 49
0.975 0.2 1.1260694 0.4740019 0.9607843137254902 49
0.975 0.4 1.0466459 0.49121115 0.9607843137254902 49
0.95 0.7 0.96992445 0.42910275 0.9803921568627451 50
0.975 0.6 1.0952159 0.4529801 0.9411764705882353 48
0.9 0.65 1.0963341 0.4328354 0.9607843137254902 49
0.875 0.1 1.0783864 0.47567376 0.9607843137254902 49
0.975 0.85 1.0350599 0.4804415 0.9411764705882353 48
0.925 0.75 1.120229 0.46148244 0.9607843137254902 49
0.95 0.4 0.9889415 0.54194254 0.9607843137254902 49
0.925 0.15 1.0671203 0.5326259 0.9803921568627451 50
0.975 0.75 1.039001 0.50772226 0.9411764705882353 48
0.275 0.95 1.889621 1.0358262 0.9607843137254902 49
1.0 0.7 1.0748936 0.46977976 0.9411764705882353 48
0.975 0.65 1.0843289 0.4619468 0.9411764705882353 48
0.975 1.0 1.0041578 0.44777408 0.9607843137254902 49
0.575 0.3 1.3877113 0.6037309 0.9607843137254902 49
0.275 0.7 2.2217975 1.4528179 0.9019607843137255 46
0.55 1.0 1.3229387 0.5163312 0.9411764705882353 48
0.875 0.75 1.0141268 0.50812906 0.9803921568627451 50
0.95 0.8 0.9981745 0.46772686 0.9803921568627451 50
0.85 0.85 1.0983307 0.4680013 0.9607843137254902 49
0.875 0.8 1.0506325 0.50477487 0.9607843137254902 49
0.875 0.3 1.0597198 0.39751068 0.9607843137254902 49
0.975 0.55 0.9772459 0.4056224 0.9803921568627451 50
0.825 0.5 1.0897931 0.4624898 0.9803921568627451 50
0.975 0.5 1.0568047 0.47271305 0.9411764705882353 48
0.975 0.45 1.0881331 0.4934387 0.9411764705882353 48
0.85 0.8 1.1011742 0.4823315 0.9607843137254902 49
0.525 0.95 1.4594312 0.6068961 0.9411764705882353 48
0.825 0.15 1.0771244 0.4824423 0.9607843137254902 49
0.875 0.85 1.0629582 0.51783323 0.9411764705882353 48
0.85 0.65 1.0821881 0.5106853 0.9607843137254902 49
0.825 0.35 1.1608809 0.49113703 0.9803921568627451 50
0.825 1.0 1.141131 0.51705265 0.9411764705882353 48
0.825 0.65 1.0744951 0.40937304 0.9019607843137255 46
0.825 0.6 1.0365859 0.41234544 0.9803921568627451 50
0.825 0.3 1.1187633 0.53004885 0.9607843137254902 49
0.825 0.2 1.0492069 0.56965077 0.9607843137254902 49
0.85 1.0 1.0830343 0.44541767 0.9607843137254902 49
0.385 0.7 1.9188683 0.9956303 0.9411764705882353 48
0.825 0.55 1.0794991 0.49812636 1.0 51
0.825 0.7 1.058667 0.5307756 0.9607843137254902 49
0.825 0.75 1.1418111 0.4937959 0.9803921568627451 50
0.85 0.75 1.1075643 0.51775247 0.9607843137254902 49
0.825 0.8 1.1302977 0.49492043 0.9411764705882353 48
0.825 0.25 1.1093767 0.5411885 0.9411764705882353 48
0.825 0.4 1.0186915 0.52349013 0.9411764705882353 48
0.825 0.45 1.0247805 0.49552926 0.9019607843137255 46
0.125 0.30 2.748614 1.143510 0.9411764705882353 48
0.125 0.70 2.833017 0.864108 0.9411764705882353 48
0.175 0.70 3.044567 2.175552 0.9411764705882353 48
0.210 0.65 2.586143 1.648451 0.9215686274509803 47
0.230 0.10 2.286549 1.453850 0.9411764705882353 48
0.240 0.65 2.255433 1.511969 0.9215686274509803 47
0.260 0.25 2.207378 1.651668 0.9803921568627451 50
0.260 0.55 1.913772 1.174153 0.9215686274509803 47
0.330 0.35 1.795001 1.008524 0.9215686274509803 47
0.335 0.15 1.642163 0.801595 0.9019607843137255 46
0.340 0.50 1.881790 1.041172 0.9019607843137255 46
0.350 0.35 1.946860 1.250442 0.9411764705882353 48
0.375 0.10 1.981284 0.943867 0.9411764705882353 48
0.700 0.05 1.218437 0.499069 0.9411764705882353 48
0.875 0.70 1.039434 0.461858 0.9607843137254902 49