
0.205 0.9 2.8054655 1.8765377 0.9803921568627451 50
0.205 0.35 2.7166107 1.6881739 0.9411764705882353 48
0.205 0.45 2.6631188 1.8831612 0.9803921568627451 50
0.225 0.9 2.7226207 2.3300264 0.9607843137254902 49
0.225 0.3 2.80154 2.0739453 0.9607843137254902 49
0.205 0.95 2.7851558 1.791278 0.9607843137254902 49
0.205 0.55 2.7158246 2.0257604 0.9803921568627451 50
0.21 0.7 2.8754163 2.0532272 0.9411764705882353 48
0.225 0.65 2.7208874 1.9784224 0.9411764705882353 48
0.21 0.15 2.725418 2.081423 0.9803921568627451 50
0.225 0.6 2.8886156 2.1883678 0.9411764705882353 48
0.225 0.2 2.973485 2.2364202 0.9411764705882353 48
0.225 0.4 2.6034014 2.0735831 0.9607843137254902 49
0.205 0.7 2.6856854 1.7328286 0.9607843137254902 49
0.205 0.8 2.6780522 1.8733625 0.9803921568627451 50
0.21 0.5 2.8905392 2.0645068 0.9607843137254902 49
0.21 0.6 2.8337054 2.1793563 0.9607843137254902 49
0.21 0.55 2.892572 1.8485633 0.9607843137254902 49
0.21 0.75 2.6869564 2.1521437 0.9803921568627451 50
0.21 0.45 2.865385 2.0394025 0.9607843137254902 49
0.23 0.7 2.7082295 2.0981555 0.9411764705882353 48
0.205 1.0 2.8239672 1.9180213 0.9803921568627451 50
0.21 0.35 2.79332 2.017137 0.9803921568627451 50
0.225 0.7 2.5866416 1.929763 0.9411764705882353 48
0.23 0.3 2.9044147 2.1526377 0.9411764705882353 48
0.21 0.4 2.8914344 2.2026715 0.9411764705882353 48
0.205 0.65 2.6828575 1.8927239 1.0 51
0.205 0.5 2.8281682 1.9002059 0.9803921568627451 50
0.21 0.05 2.9041219 2.0742383 0.9607843137254902 49
0.225 0.45 3.0634887 1.9785103 0.9019607843137255 46
0.21 0.1 2.916578 2.0857253 0.9607843137254902 49
0.225 1.0 2.8588595 1.8387544 0.9215686274509803 47
0.205 0.85 2.6594725 1.8618277 0.9607843137254902 49
0.23 0.4 2.4778767 1.6792032 0.9607843137254902 49
0.21 0.25 2.9216685 2.103531 0.9607843137254902 49
0.23 0.6 2.820625 2.0730367 0.9411764705882353 48
0.225 0.5 2.888325 2.2889996 0.9411764705882353 48
0.225 0.35 2.8511999 1.9147276 0.9411764705882353 48
0.225 0.75 2.6566854 2.2025092 0.9803921568627451 50
0.23 0.65 2.6417315 1.6363364 0.9411764705882353 48
0.225 0.25 2.9652543 1.8409437 0.9019607843137255 46
0.21 0.3 2.9096656 2.1053987 0.9803921568627451 50
0.205 0.6 2.6008248 1.8851115 1.0 51
0.21 0.65 2.8649318 2.0957286 0.9607843137254902 49
0.23 0.35 2.7854476 1.8558277 0.9411764705882353 48
0.23 0.75 2.69121 1.9837471 0.9607843137254902 49
0.245 0.1 2.4064777 1.5388964 0.9411764705882353 48
0.23 0.2 2.5837235 1.9910425 0.9607843137254902 49
0.235 0.2 2.7629583 2.1904645 0.9411764705882353 48
0.23 0.45 2.7179036 1.723697 0.9411764705882353 48
0.225 0.95 2.706368 1.8462867 0.9215686274509803 47
0.235 0.8 2.6717927 2.093992 0.9411764705882353 48
0.225 0.55 2.7588582 2.2516234 0.9411764705882353 48
0.205 0.4 2.644918 1.720471 0.9803921568627451 50
0.23 0.05 2.8655102 2.2840738 0.9411764705882353 48
0.235 0.6 2.775076 2.1206088 0.9411764705882353 48
0.23 0.25 2.6665442 1.7978448 0.9411764705882353 48
0.235 0.15 2.782241 2.2586465 0.9607843137254902 49
0.235 0.25 2.5803351 1.7269022 0.9411764705882353 48
0.23 0.5 2.763908 2.1705542 0.9411764705882353 48
0.235 0.5 2.6435776 1.729338 0.9411764705882353 48
0.235 0.7 2.6042762 1.8394252 0.9607843137254902 49
0.235 0.9 2.626237 1.9648516 0.9411764705882353 48
0.23 0.55 2.7399738 2.2006466 0.9607843137254902 49
0.235 0.85 2.8469918 2.2447743 0.9411764705882353 48
0.235 0.4 2.6352303 2.1732717 0.9607843137254902 49
0.235 0.55 2.510672 1.566893 0.9411764705882353 48
0.205 0.75 2.9069705 1.80138 0.9607843137254902 49
0.235 0.75 2.7414393 2.0950933 0.9411764705882353 48
0.235 0.35 2.5472848 1.7997228 0.9607843137254902 49
0.22 0.35 3.0361123 1.8919935 0.9411764705882353 48
0.235 0.1 2.9129755 2.1325145 0.9215686274509803 47
0.22 0.55 2.91016 1.9174868 0.9411764705882353 48
0.235 0.3 2.8813524 2.1913335 0.9411764705882353 48
0.22 0.4 2.796095 2.0447803 0.9607843137254902 49
0.22 0.75 2.8325555 2.0332055 0.9411764705882353 48
0.225 0.1 2.786837 1.8047993 0.9411764705882353 48
0.235 0.95 2.4336963 1.720392 0.9411764705882353 48
0.235 0.45 2.6206708 1.6031847 0.9215686274509803 47
0.28 0.2 2.7085667 1.8058386 0.9411764705882353 48
0.22 0.45 2.6854596 1.9607197 0.9411764705882353 48
0.22 0.8 2.876021 2.0824394 0.9607843137254902 49
0.22 0.5 2.9398634 2.0847788 0.9607843137254902 49
0.235 0.65 2.8279278 1.9948506 0.9215686274509803 47
0.22 0.95 2.8164437 1.9990066 0.9607843137254902 49
0.24 0.25 2.4041724 1.6843013 0.9607843137254902 49
0.225 0.05 2.8708549 2.0855732 0.9607843137254902 49
0.22 0.9 3.0038967 2.080487 0.9411764705882353 488
0.22 0.6 2.911929 2.1865964 0.9607843137254902 49
0.28 0.3 2.5718951 1.6555051 0.9411764705882353 48
0.24 0.75 2.8520646 2.1979003 0.9411764705882353 48
0.21 0.8 2.7041996 1.8989675 0.9607843137254902 49
0.22 0.7 2.828217 1.7931923 0.9411764705882353 48
0.22 0.3 2.8801656 1.9887869 0.9607843137254902 49
0.22 1.0 2.9871707 2.0054872 0.9411764705882353 48
0.24 0.6 2.7682776 1.9746634 0.9411764705882353 48
0.245 0.35 2.3471284 1.7577533 0.9607843137254902 49
0.24 0.7 2.631619 1.6620184 0.9411764705882353 48
0.28 0.35 2.3762164 1.7731674 0.9607843137254902 49
0.28 0.25 2.6169236 1.7245009 0.9411764705882353 48
0.28 0.15 2.4825416 1.6181449 0.9607843137254902 49
0.235 1.0 2.752322 2.091806 0.9411764705882353 48
0.24 0.5 2.7663932 2.0787923 0.9411764705882353 48
0.22 0.65 2.7845209 1.9865366 0.9411764705882353 48
0.24 0.3 2.567638 1.6082041 0.9607843137254902 49
0.24 0.05 2.5711823 1.7112421 0.9411764705882353 48
0.225 0.15 2.705204 2.1161897 0.9607843137254902 49
0.245 0.5 2.5767465 1.7850575 0.9215686274509803 47
0.285 0.7 2.432532 1.7209878 0.9607843137254902 49
0.24 0.1 2.6843026 1.85408 0.9411764705882353 48
0.24 0.35 2.8524137 2.1186948 0.9411764705882353 48
0.25 0.95 2.5906873 1.5304763 0.9411764705882353 48
0.245 0.9 2.6207213 1.9731722 0.9215686274509803 47
0.29 0.1 2.383078 1.8271816 0.9607843137254902 49
0.24 0.15 2.5528388 2.0176516 0.9411764705882353 48
0.245 0.95 2.543733 1.5447011 0.9411764705882353 48
0.25 0.05 2.6594787 1.917376 0.9411764705882353 48
0.245 0.7 2.613111 1.9653141 0.9411764705882353 48
0.285 0.85 2.606525 1.7290059 0.9411764705882353 48
0.285 0.15 2.5243125 1.7281845 0.9411764705882353 48
0.25 0.45 2.4834263 1.544277 0.9411764705882353 48
0.24 0.55 2.4704747 1.6543489 0.9411764705882353 48
0.25 1.0 2.6649451 1.8088554 0.9411764705882353 48
0.285 0.95 2.4813113 1.868596 0.9607843137254902 49
0.24 0.8 2.7828164 2.1482613 0.9411764705882353 48
0.29 0.9 2.6279798 1.7677438 0.9411764705882353 48
0.245 0.2 2.5118825 1.7148345 0.9411764705882353 48
0.24 0.2 2.5287893 1.9367416 0.9607843137254902 49
0.26 0.45 2.6075318 1.600651 0.9411764705882353 48
0.245 0.45 2.6027107 1.9690181 0.9411764705882353 48
0.255 0.65 2.560309 1.7578411 0.9411764705882353 48
0.25 0.25 2.5724502 1.8465241 0.9411764705882353 48
0.245 0.85 2.614077 1.63125 0.9411764705882353 48
0.26 0.05 2.7058446 1.7215984 0.9411764705882353 48
0.265 0.5 2.5998845 1.5946224 0.9411764705882353 48
0.25 0.9 2.6032076 1.6129019 0.9411764705882353 48
0.245 1.0 2.6788409 2.081094 0.9411764705882353 48
0.255 0.2 2.502871 1.5131698 0.9411764705882353 48
0.245 0.55 2.6024692 2.0492172 0.9411764705882353 48
0.255 0.55 2.6465821 1.7222402 0.9411764705882353 48
0.29 0.7 2.4005065 1.6793884 0.9607843137254902 49
0.215 0.85 2.9760277 2.008229 0.9215686274509803 47
0.275 0.55 2.7353234 1.830153 0.9411764705882353 48
0.245 0.3 2.6538653 1.9382842 0.9411764705882353 48
0.27 0.95 2.6697147 1.7549487 0.9411764705882353 48
0.255 0.05 2.6568878 1.7421037 0.9411764705882353 48
0.28 0.6 2.5843723 1.7453272 0.9411764705882353 48
0.285 0.2 2.2743707 1.2315438 0.9607843137254902 49
0.24 0.4 2.7305126 2.0958438 0.9411764705882353 48
0.255 0.4 2.5988514 1.5959997 0.9411764705882353 48
0.255 0.9 2.475258 1.753045 0.9607843137254902 49
0.26 0.7 2.6685224 1.7519472 0.9411764705882353 48
0.275 0.9 2.597128 1.745961 0.9411764705882353 48
0.255 0.35 2.7419252 1.8061428 0.9411764705882353 48
0.245 0.25 2.582453 1.6033349 0.9411764705882353 48
0.28 0.5 2.6054573 1.7819878 0.9411764705882353 48
0.25 0.3 2.5348885 1.8806169 0.9411764705882353 48
0.295 0.25 2.4016688 1.5748777 0.9411764705882353 48
0.24 0.85 2.5669272 1.9277279 0.9411764705882353 48
0.255 1.0 2.5282211 1.6655216 0.9411764705882353 48
0.255 0.25 2.6109338 1.6721243 0.9411764705882353 48
0.245 0.75 2.460614 1.559298 0.9411764705882353 48
0.245 0.6 2.6657617 1.9131942 0.9411764705882353 48
0.26 0.5 2.5883229 1.6568795 0.9411764705882353 48
0.265 0.4 2.6461778 1.7718664 0.9411764705882353 48
0.275 0.95 2.6384957 1.709784 0.9411764705882353 48
0.255 0.5 2.697558 1.7134981 0.9411764705882353 48
0.25 0.75 2.5911353 1.7272143 0.9411764705882353 48
0.21 0.95 2.887857 1.9940504 0.9607843137254902 49
0.25 0.1 2.5042815 1.8391763 0.9607843137254902 49
0.26 0.35 2.4654737 1.5439582 0.9411764705882353 48
0.25 0.2 2.444293 1.5107075 0.9411764705882353 48
0.255 0.3 2.4762292 1.4384375 0.9411764705882353 48
0.27 0.15 2.6840165 1.7431461 0.9411764705882353 48
0.26 0.9 2.5406919 1.6186322 0.9411764705882353 4848
0.265 0.7 2.4864724 1.6169102 0.9411764705882353 48
0.25 0.15 2.6454842 1.8261473 0.9411764705882353 48
0.26 0.55 2.608878 1.7211368 0.9411764705882353 48
0.29 0.95 2.5766075 1.7055621 0.9411764705882353 48
0.25 0.4 2.5519397 1.8663465 0.9411764705882353 48
0.275 0.75 2.758202 1.8369541 0.9411764705882353 48
0.265 0.05 2.6501641 1.6897643 0.9411764705882353 48
0.25 0.85 2.485373 1.5529723 0.9411764705882353 48
0.29 0.3 2.4271085 1.8394617 0.9607843137254902 49
0.28 0.7 2.3920352 1.5519253 0.9607843137254902 49
0.26 0.65 2.7056506 1.7216208 0.9411764705882353 48
0.265 0.15 2.4644582 1.747311 0.9607843137254902 49
0.27 0.4 2.7056642 1.768201 0.9411764705882353 48
0.25 0.8 2.4554887 1.7374524 0.9411764705882353 48
0.285 0.3 2.3934665 1.6473374 0.9607843137254902 49
0.295 0.05 2.2945094 1.7756625 0.9607843137254902 49
0.265 0.55 2.4690962 1.4388225 0.9411764705882353 48
0.295 0.1 2.5544896 1.6246892 0.9411764705882353 48
0.29 0.4 2.4299834 1.6503158 0.9607843137254902 49
0.245 0.4 2.7042456 1.890308 0.9215686274509803 47
0.25 0.35 2.5084012 1.8185549 0.9411764705882353 48
0.25 0.6 2.4170487 1.5085447 0.9411764705882353 48
0.255 0.15 2.5367637 1.7212471 0.9411764705882353 48
0.29 0.6 2.4370754 1.7476305 0.9607843137254902 49
0.26 1.0 2.4922752 1.4349025 0.9411764705882353 48
0.24 0.65 2.6643627 2.0164826 0.9411764705882353 48
0.265 0.25 2.6389966 1.6643248 0.9411764705882353 48
0.27 0.25 2.583892 1.5652287 0.9411764705882353 48
0.28 0.8 2.6136844 1.7383869 0.9411764705882353 48
0.265 0.65 2.5383193 1.4957098 0.9411764705882353 48
0.255 0.7 2.6721606 1.7264082 0.9411764705882353 48
0.255 0.75 2.6709523 1.8429824 0.9411764705882353 48
0.215 0.1 2.6941826 2.0579817 0.9411764705882353 48
0.285 0.5 2.5395322 1.8102034 0.9411764705882353 48
0.26 0.95 2.5926034 1.7560718 0.9411764705882353 48
0.25 0.7 2.6837397 1.8783636 0.9411764705882353 48
0.265 1.0 2.6514437 1.7150071 0.9411764705882353 48
0.29 0.05 2.5598888 1.7475754 0.9411764705882353 48
0.215 0.55 2.982513 1.9730401 0.9411764705882353 48
0.25 0.5 2.655641 1.4926635 0.9411764705882353 48
0.26 0.8 2.5737622 1.5657585 0.9411764705882353 48
0.265 0.85 2.5172148 1.555344 0.9411764705882353 48
0.29 0.5 2.3187058 1.2572353 0.9411764705882353 48
0.29 0.25 2.5337758 1.7048271 0.9411764705882353 48
0.285 0.1 2.560708 1.7893653 0.9607843137254902 49
0.265 0.2 2.5467637 1.6550545 0.9411764705882353 48
0.255 0.6 2.5674303 1.5074434 0.9411764705882353 48
0.245 0.15 2.527961 1.671067 0.9411764705882353 48
0.26 0.2 2.5932906 1.6072577 0.9411764705882353 48
0.22 0.85 3.101303 1.9355294 0.9215686274509803 47
0.255 0.8 2.4556942 1.4761838 0.9411764705882353 48
0.215 0.9 2.827558 2.1177967 0.9803921568627451 50
0.25 0.65 2.719214 1.6717162 0.9411764705882353 4849
0.26 0.75 2.552672 1.6120627 0.9411764705882353 48
0.27 0.1 2.5890968 1.5478996 0.9215686274509803 47
0.27 0.45 2.6239085 1.6409346 0.9411764705882353 48
0.27 0.6 2.5999837 1.695328 0.9411764705882353 48
0.275 0.85 2.6491828 1.7303927 0.9411764705882353 48
0.285 0.25 2.6023433 1.8022505 0.9411764705882353 48
0.27 0.2 2.6724255 1.7725921 0.9411764705882353 48
0.27 0.75 2.4588444 1.376896 0.9411764705882353 48
0.275 0.35 2.5782394 1.4799727 0.9411764705882353 48
0.26 0.15 2.6263914 1.5516937 0.9411764705882353 48
0.29 1.0 2.3928223 1.7940141 0.9607843137254902 49
0.27 0.7 2.5487113 1.494257 0.9411764705882353 48
0.25 0.55 2.5296102 1.6917624 0.9411764705882353 48
0.215 0.2 2.9152484 2.0991023 0.9803921568627451 50
0.245 0.8 2.6137607 1.8999318 0.9411764705882353 48
0.21 1.0 2.913468 2.0473342 0.9607843137254902 49
0.265 0.95 2.7245965 1.6796988 0.9215686274509803 47
0.215 0.95 3.0061748 2.036558 0.9607843137254902 49
0.27 1.0 2.6298964 1.6861503 0.9411764705882353 48
0.255 0.95 2.4520698 1.837782 0.9607843137254902 49
0.275 0.1 2.6464334 1.7434341 0.9411764705882353 48
0.26 0.3 2.6626844 1.8367289 0.9411764705882353 48
0.285 0.35 2.5146937 1.6575351 0.9411764705882353 48
0.265 0.45 2.5841012 1.5319797 0.9411764705882353 48
0.215 0.45 2.9055662 2.1566901 0.9607843137254902 49
0.27 0.5 2.6178722 1.6971073 0.9411764705882353 48
0.215 0.75 2.8394341 2.1609626 0.9411764705882353 48
0.265 0.35 2.5181866 1.4408115 0.9411764705882353 48
0.28 0.4 2.6844587 1.815455 0.9411764705882353 48
0.27 0.65 2.5318744 1.4904757 0.9411764705882353 48
0.275 0.3 2.6611347 1.7958686 0.9411764705882353 48
0.29 0.75 2.4606566 1.8588793 0.9607843137254902 49
0.26 0.85 2.6525352 1.6164155 0.9215686274509803 47
0.27 0.05 2.4742858 1.5754753 0.9411764705882353 48
0.265 0.1 2.563877 1.5596538 0.9411764705882353 48
0.255 0.1 2.5160935 1.7301818 0.9607843137254902 49
0.265 0.6 2.5518436 1.6629574 0.9411764705882353 48
0.285 0.05 2.748538 1.8980664 0.9411764705882353 48
0.285 0.45 2.4958498 1.8932625 0.9607843137254902 49
0.275 0.05 2.6133912 1.7331963 0.9411764705882353 48
0.265 0.9 2.6100273 1.7682956 0.9411764705882353 48
0.21 0.85 2.8776174 1.9252889 0.9607843137254902 49
0.26 0.1 2.5811248 1.6410881 0.9411764705882353 48
0.27 0.35 2.644135 1.5558757 0.9411764705882353 48
0.215 1.0 2.888941 2.078088 0.9411764705882353 48
0.295 0.2 2.6058812 1.7038207 0.9411764705882353 48
0.255 0.85 2.6492429 1.6912214 0.9411764705882353 48
0.29 0.45 2.5898168 1.6985183 0.9411764705882353 48
0.285 0.6 2.508738 1.7539643 0.9607843137254902 49
0.215 0.4 3.031241 2.0853984 0.9411764705882353 48
0.21 0.9 2.8215628 1.8297789 0.9607843137254902 49
0.29 0.15 2.3993237 1.8094531 0.9607843137254902 49
0.275 0.2 2.560571 1.7256637 0.9411764705882353 48
0.285 0.55 2.5301533 1.5963956 0.9411764705882353 48
0.23 0.8 2.5205438 1.7419977 0.9607843137254902 49
0.28 1.0 2.5921464 1.7403926 0.9411764705882353 48
0.27 0.85 2.6316957 1.701012 0.9411764705882353 48
0.265 0.75 2.5756493 1.5048567 0.9411764705882353 48
0.27 0.3 2.730749 1.5091863 0.9411764705882353 48
0.255 0.45 2.641497 1.7619418 0.9411764705882353 48
0.275 0.6 2.6855886 1.7314816 0.9411764705882353 48
0.24 0.45 2.7384079 2.0157497 0.9411764705882353 48
0.29 0.2 2.5218592 1.767495 0.9607843137254902 49
0.285 0.4 2.7010255 1.846269 0.9411764705882353 48
0.22 0.05 3.0716026 1.9970168 0.9607843137254902 49
0.275 0.45 2.6347375 1.7073467 0.9411764705882353 48
0.285 0.9 2.47457 1.7265215 0.9607843137254902 49
0.275 1.0 2.5895662 1.6984284 0.9411764705882353 48
0.23 0.9 2.7142544 2.2633371 0.9411764705882353 48
0.265 0.3 2.580541 1.5567888 0.9411764705882353 48
0.215 0.7 2.8274636 2.0169704 0.9215686274509803 47
0.28 0.55 2.4772685 1.7917603 0.9607843137254902 49
0.29 0.55 2.3966994 1.6688656 0.9607843137254902 49
0.28 0.45 2.300419 1.4892608 0.9607843137254902 49
0.26 0.4 2.6046143 1.6188109 0.9411764705882353 488
0.27 0.55 2.6210291 1.7911185 0.9411764705882353 48
0.215 0.6 2.884043 2.2352805 0.9607843137254902 49
0.29 0.65 2.3830473 1.7777338 0.9607843137254902 49
0.28 0.65 2.6010451 1.769098 0.9411764705882353 48
0.28 0.75 2.6317644 1.7921834 0.9411764705882353 48
0.285 0.65 2.4675355 1.8412027 0.9607843137254902 49
0.26 0.25 2.7290301 1.6950891 0.9215686274509803 47
0.265 0.8 2.643155 1.5702925 0.9411764705882353 48
0.285 1.0 2.533361 1.6917269 0.9411764705882353 48
0.29 0.35 2.3926833 1.5776784 0.9607843137254902 49
0.27 0.9 2.4100475 1.5532286 0.9607843137254902 49
0.28 0.95 2.6942341 1.719743 0.9411764705882353 48
0.22 0.1 3.034682 2.3211045 0.9607843137254902 49
0.28 0.9 2.5759296 1.7817352 0.9411764705882353 48
0.235 0.05 2.7537389 2.095566 0.9607843137254902 49
0.28 0.05 2.726295 1.8114462 0.9411764705882353 48
0.285 0.75 2.5824728 1.7230656 0.9411764705882353 48
0.275 0.5 2.6864076 1.7377245 0.9411764705882353 48
0.275 0.15 2.705142 1.7502248 0.9411764705882353 48
0.215 0.5 2.849555 2.0760114 0.9215686274509803 47
0.275 0.25 2.662611 1.7508346 0.9411764705882353 48
0.215 0.15 2.9486375 1.9706277 0.9607843137254902 49
0.275 0.4 2.783661 1.7371033 0.9215686274509803 47
0.29 0.85 2.674451 1.7478697 0.9411764705882353 48
0.285 0.8 2.6347334 1.7884021 0.9411764705882353 48
0.215 0.65 2.9223862 2.072311 0.9215686274509803 47
0.22 0.25 2.8921363 2.1419058 0.9607843137254902 49
0.27 0.8 2.5298772 1.5584395 0.9411764705882353 48
0.275 0.7 2.6860063 1.7776426 0.9411764705882353 48
0.275 0.65 2.619299 1.710388 0.9411764705882353 48
0.23 0.85 2.7814746 1.6020979 0.9607843137254902 49
0.23 1.0 2.677462 2.2439508 0.9803921568627451 50
0.29 0.8 2.4120374 1.8230073 0.9607843137254902 49
0.28 0.85 2.6143806 1.7649295 0.9411764705882353 48
0.295 0.3 2.48275 1.5858381 0.9411764705882353 48
0.275 0.8 2.704189 1.7944902 0.9411764705882353 48
0.215 0.05 2.884004 2.1613982 0.9411764705882353 48
0.215 0.35 3.002277 2.1066132 0.9411764705882353 48
0.215 0.25 2.823031 2.062168 0.9803921568627451 50
0.215 0.3 3.0891871 2.0404878 0.9411764705882353 48
0.15 0.75 2.5451703 1.5558816 0.9215686274509803 47
0.125 0.7 3.4578304 1.6871303 0.9411764705882353 48
0.205 0.2 2.6220858 1.7879553 1.0 51
0.205 0.3 2.5608675 1.9149829 0.9803921568627451 50
0.075 0.25 5.8921294 3.633498 0.9607843137254902 49
0.125 0.65 3.4028955 1.7086574 0.9411764705882353 48
0.05 0.55 5.3870783 1.1639277 0.8627450980392157 44
0.125 0.1 3.3330498 1.6837734 0.9411764705882353 48
0.125 0.05 3.3463707 1.644973 0.9215686274509803 47
0.05 0.6 5.1207094 1.3151091 0.8823529411764706 45
0.205 0.25 2.7839684 1.9203104 0.9607843137254902 49
0.205 0.1 2.7694325 1.8466992 0.9803921568627451 50
0.05 0.65 5.0626783 1.3111489 0.9215686274509803 47
0.05 0.7 5.137923 1.3823498 0.9019607843137255 46
0.075 0.1 5.9635515 3.6750355 0.9607843137254902 49
0.05 0.5 5.1558666 1.2082682 0.9019607843137255 46
0.05 0.45 5.37844 1.2171462 0.9019607843137255 46
0.205 0.15 2.9142418 2.0426257 0.9607843137254902 49
0.22 0.2 2.6387775 2.060942 0.9607843137254902 49
0.125 0.25 3.3928554 1.6525978 0.9215686274509803 47
0.295 0.6 2.2776465 1.5931756 0.9607843137254902 49
0.295 0.35 2.493918 1.6713412 0.9411764705882353 48
0.05 0.15 5.278427 1.1206378 0.9019607843137255 46
0.1 0.25 5.763611 3.696265 0.9411764705882353 48
0.295 0.4 2.4192398 1.6931251 0.9607843137254902 49
0.24 0.9 2.5737731 1.6969703 0.9411764705882353 48
0.295 0.55 2.4535575 1.5716586 0.9411764705882353 48
0.05 0.2 5.370102 1.2093679 0.9215686274509803 47
0.05 0.85 5.3112683 1.3234524 0.9019607843137255 46
0.05 0.35 5.301852 1.3408552 0.8823529411764706 45
0.295 0.45 2.373398 1.7219614 0.9607843137254902 49
0.075 1.0 5.944836 3.5031884 0.9607843137254902 49
0.075 0.15 5.982919 3.6004505 0.9607843137254902 49
0.295 0.5 2.5673122 1.7246032 0.9411764705882353 48
0.125 0.15 3.3804348 1.7145628 0.9411764705882353 48
0.075 0.5 5.8507304 3.5405807 0.9607843137254902 49
0.1 0.8 5.592272 3.834715 0.9607843137254902 49
0.1 0.6 5.6798472 3.7741659 0.9803921568627451 50
0.1 0.4 5.6071024 3.7483852 0.9607843137254902 49
0.1 0.5 5.69575 3.9041061 0.9607843137254902 49
0.05 0.8 5.2294865 1.1666751 0.8823529411764706 45
0.1 0.35 5.4972715 3.719062 0.9607843137254902 49
0.05 0.75 5.116971 1.3196626 0.9215686274509803 47
0.05 0.3 5.289716 1.3710676 0.9019607843137255 46
0.125 0.6 3.4382405 1.6395583 0.9215686274509803 47
0.1 0.7 5.6785326 3.7112827 0.9607843137254902 49
0.05 0.9 5.2666197 1.1349654 0.9019607843137255 46
0.1 0.95 5.5271325 3.7333696 0.9607843137254902 49
0.225 0.85 2.8717585 2.1619635 0.9411764705882353 48
0.05 0.95 5.2786846 1.2494203 0.8823529411764706 45
0.05 0.25 5.2612185 1.2671536 0.9019607843137255 46
0.23 0.15 2.6866755 2.2636018 0.9607843137254902 49
0.125 0.8 3.3042283 1.6957492 0.9215686274509803 47
0.125 0.75 3.4511464 1.7597995 0.9215686274509803 47
0.125 0.55 3.4606528 1.6405623 0.9411764705882353 48
0.22 0.15 2.6337056 2.0036998 0.9607843137254902 49
0.1 0.65 5.6521797 3.8461707 0.9607843137254902 49
0.1 1.0 5.67462 3.8582196 0.9607843137254902 49
0.075 0.2 5.9354773 3.5644948 0.9607843137254902 49
0.225 0.8 2.605515 1.8600005 0.9803921568627451 50
0.295 0.65 2.4580398 1.7430414 0.9607843137254902 49
0.1 0.85 5.6600714 3.7350898 0.9607843137254902 49
0.05 0.4 5.212552 1.404169 0.9215686274509803 47
0.23 0.1 2.747219 1.5797827 0.9411764705882353 48
0.1 0.75 5.551773 3.7574508 0.9607843137254902 49
0.125 0.5 3.4551933 1.6674724 0.9215686274509803 47
0.125 0.4 3.415067 1.7176926 0.9411764705882353 48
0.125 0.3 3.4891353 1.7234586 0.9411764705882353 48
0.075 0.6 5.965818 3.5331202 0.9607843137254902 49
0.075 0.35 5.924073 3.6056898 0.9607843137254902 49
0.075 0.4 5.897089 3.6654472 0.9411764705882353 48
0.125 0.45 3.3825803 1.73298 0.9411764705882353 48
0.075 0.65 5.806117 3.6087835 0.9607843137254902 49
0.075 0.3 5.874577 3.5644288 0.9607843137254902 49
0.05 0.1 5.220989 1.2485254 0.9019607843137255 46
0.075 0.45 5.947052 3.5773923 0.9607843137254902 49
0.05 0.05 5.185998 1.4309428 0.9019607843137255 46
0.125 0.2 3.3321006 1.7260561 0.9215686274509803 47
0.1 0.45 5.602376 3.6677065 0.9607843137254902 49
0.125 0.35 3.3666832 1.5682384 0.9411764705882353 48
0.175 0.4 2.397286 1.5509317 0.9019607843137255 46
0.075 0.85 5.9172325 3.5445905 0.9607843137254902 49
0.1 0.15 5.7317967 3.8239093 0.9803921568627451 50
0.1 0.9 5.610151 3.865629 0.9607843137254902 49
0.075 0.9 5.992347 3.432344 0.9607843137254902 49
0.075 0.75 5.961546 3.5056612 0.9607843137254902 49
0.075 0.7 5.991951 3.5262337 0.9607843137254902 49
0.1 0.2 5.6406 3.7602596 0.9607843137254902 49
0.1 0.05 5.6661935 3.805424 0.9803921568627451 50
0.1 0.3 5.557963 3.8009667 0.9803921568627451 50
0.1 0.1 5.645836 3.6581192 0.9607843137254902 49
0.075 0.55 5.8622017 3.540407 0.9607843137254902 49
0.175 1.0 2.4039624 1.4112699 0.9607843137254902 49
0.2 0.05 2.5364845 1.763155 0.9607843137254902 49
0.175 0.95 2.333413 1.3703643 0.9215686274509803 47
0.175 0.75 2.4108639 1.4601346 0.9411764705882353 48
0.175 0.85 2.4537144 1.3641791 0.9215686274509803 47
0.2 0.25 2.7400243 2.0277781 0.9607843137254902 49
0.2 0.2 2.6402054 1.7527443 0.9803921568627451 50
0.15 0.1 2.5610232 1.5200108 0.9215686274509803 47
0.175 0.55 2.3351789 1.3670317 0.9411764705882353 48
0.15 0.2 2.616818 1.5231589 0.9411764705882353 48
0.075 0.95 5.851688 3.6395762 0.9607843137254902 49
0.15 0.45 2.5850925 1.5743998 0.9215686274509803 47
0.15 0.05 2.5532017 1.6115302 0.8823529411764706 45
0.125 0.9 3.3360963 1.6805015 0.9215686274509803 47
0.2 0.85 2.5280926 1.8091688 0.9607843137254902 49
0.175 0.2 2.2663493 1.3008778 0.9411764705882353 48
0.15 0.4 2.6169026 1.5459771 0.9215686274509803 47
0.15 0.35 2.5853887 1.6071167 0.9411764705882353 48
0.2 0.1 2.7353003 1.8255033 0.9803921568627451 50
0.175 0.35 2.457333 1.5116665 0.9607843137254902 49
0.2 0.15 2.753294 1.7864875 0.9607843137254902 49
0.2 1.0 2.5705204 1.9212664 0.9803921568627451 50
0.175 0.7 2.2931547 1.3580034 0.9803921568627451 50
0.175 0.5 2.2991116 1.3678739 0.9411764705882353 48
0.175 0.45 2.3417459 1.3945329 0.9215686274509803 47
0.15 0.15 2.6000285 1.5826099 0.9607843137254902 49
0.2 0.45 2.6678681 1.9250692 0.9607843137254902 49
0.2 0.95 2.6869354 1.95561 0.9803921568627451 50
0.175 0.6 2.4157736 1.3622857 0.9019607843137255 46
0.175 0.9 2.3536828 1.3780344 0.9607843137254902 49
0.175 0.8 2.3443608 1.3033885 0.9215686274509803 47
0.245 0.05 2.5569725 1.5093734 0.9411764705882353 48
0.2 0.9 2.7734282 1.8707958 0.9607843137254902 49
0.175 0.65 2.3344653 1.4540436 0.9411764705882353 48
0.2 0.3 2.6118836 1.7955416 0.9803921568627451 50
0.24 0.95 2.7087362 2.171274 0.9607843137254902 49
0.15 0.3 2.5417495 1.5384253 0.9019607843137255 46
0.125 1.0 3.3902698 1.732693 0.9215686274509803 47
0.125 0.95 3.2398274 1.6599866 0.9019607843137255 46
0.125 0.85 3.2406013 1.6431991 0.9215686274509803 47
0.24 1.0 2.8340554 1.9654015 0.9215686274509803 47
0.15 0.25 2.5859165 1.5487072 0.9411764705882353 48
0.3 0.05 2.222458 1.6552306 0.9607843137254902 49
0.3 0.5 2.2440414 1.7681059 0.9607843137254902 49
0.31 0.2 2.1767554 1.6449149 0.9607843137254902 49
0.305 0.6 2.2923832 1.6503694 0.9607843137254902 49
0.31 0.1 2.2455971 1.6574918 0.9607843137254902 49
0.31 0.85 2.2863688 1.7385116 0.9607843137254902 49
0.305 0.9 2.2884574 1.8087409 0.9607843137254902 49
0.3 0.45 2.4616916 1.7996553 0.9607843137254902 49
0.3 0.9 2.2529304 1.7675084 0.9607843137254902 49
0.3 0.3 2.3000424 1.7551055 0.9607843137254902 49
0.3 0.65 2.443657 1.6345999 0.9411764705882353 48
0.305 0.7 2.2628345 1.8240691 0.9607843137254902 49
0.31 0.3 2.1215773 1.5182707 0.9607843137254902 49
0.3 0.25 2.4418654 1.6856443 0.9411764705882353 48
0.31 0.45 2.1007476 1.4425218 0.9607843137254902 49
0.31 0.4 2.258642 1.5948998 0.9607843137254902 49
0.3 0.15 2.3620002 1.6920141 0.9607843137254902 49
0.3 0.8 2.4696183 1.7441765 0.9607843137254902 49
0.305 0.55 2.4352574 1.7123524 0.9411764705882353 48
0.3 0.7 2.1913705 1.6898344 0.9607843137254902 49
0.305 0.95 2.3918843 1.691292 0.9411764705882353 48
0.3 0.35 2.1739912 1.577296 0.9607843137254902 49
0.31 0.15 2.2006202 1.6560793 0.9607843137254902 49
0.3 0.2 2.3547122 1.8111887 0.9607843137254902 49
0.31 0.95 2.2875292 1.8334874 0.9607843137254902 49
0.3 0.75 2.2597966 1.6946088 0.9607843137254902 49
0.3 0.6 2.3093762 1.7174069 0.9607843137254902 49
0.31 0.35 2.1820052 1.575336 0.9607843137254902 49
0.305 0.8 2.3223467 1.853043 0.9607843137254902 49
0.3 0.95 2.257356 1.6452751 0.9607843137254902 49
0.3 0.85 2.2878897 1.671408 0.9607843137254902 49
0.305 0.25 2.24744 1.6653419 0.9607843137254902 49
0.31 0.05 2.1278305 1.4841837 0.9607843137254902 49
0.31 0.8 2.1728566 1.6203893 0.9607843137254902 49
0.305 0.65 2.4521928 1.7050104 0.9411764705882353 48
0.305 0.2 2.214625 1.7573385 0.9607843137254902 49
0.305 0.75 2.2165084 1.4136751 0.9607843137254902 49
0.315 0.15 2.1531234 1.6145421 0.9607843137254902 49
0.31 0.55 2.2805007 1.7517513 0.9607843137254902 49
0.315 0.4 2.1094663 1.4407272 0.9411764705882353 48
0.31 0.5 2.27636 1.8317151 0.9607843137254902 49
0.315 0.25 2.347532 1.7599005 0.9411764705882353 48
0.31 0.25 2.1786041 1.490784 0.9411764705882353 48
0.3 0.55 2.3604472 1.7171842 0.9607843137254902 49
0.305 0.5 2.3071098 1.6401638 0.9607843137254902 49
0.31 0.75 2.2864242 1.5034792 0.9607843137254902 49
0.315 0.1 2.0951486 1.3953733 0.9411764705882353 48
0.305 1.0 2.414916 1.7136809 0.9607843137254902 49
0.31 0.6 2.1997533 1.5546584 0.9607843137254902 49
0.305 0.15 2.3224597 1.5538722 0.9607843137254902 49
0.305 0.35 2.284684 1.7986177 0.9607843137254902 49
0.315 0.2 2.1985545 1.5348399 0.9607843137254902 49
0.31 0.7 2.2163727 1.5045898 0.9607843137254902 49
0.315 0.35 2.265409 1.6205597 0.9411764705882353 48
0.31 0.65 2.140422 1.56463 0.9607843137254902 49
0.315 0.7 2.1025624 1.4393255 0.9607843137254902 49
0.175 0.15 2.3130157 1.3158484 0.9411764705882353 48
0.315 0.95 2.2063496 1.5626955 0.9607843137254902 49
0.315 0.9 2.1749613 1.5079107 0.9607843137254902 49
0.315 0.45 2.2457228 1.5325673 0.9607843137254902 49
0.315 0.3 2.3439183 1.7742248 0.9607843137254902 49
0.315 0.65 2.1420054 1.5757926 0.9607843137254902 49
0.315 0.55 2.1222234 1.5352503 0.9607843137254902 49
0.32 0.7 1.9932846 1.2744663 0.9411764705882353 48
0.315 0.6 2.101725 1.4286772 0.9607843137254902 49
0.315 0.85 2.217012 1.762373 0.9607843137254902 49
0.32 0.2 2.2067876 1.7748897 0.9411764705882353 48
0.175 0.1 2.3600514 1.3751744 0.9607843137254902 49
0.32 0.75 2.2387655 1.7698066 0.9215686274509803 47
0.325 0.05 2.1640267 1.7184582 0.9215686274509803 47
0.315 1.0 2.0768256 1.4233425 0.9607843137254902 49
0.31 0.9 2.2732587 1.5750227 0.9607843137254902 49
0.32 0.1 2.1894078 1.3505074 0.9607843137254902 49
0.315 0.5 2.0998762 1.5223235 0.9411764705882353 48
0.32 0.25 2.2926602 1.6633425 0.9411764705882353 48
0.315 0.8 2.1926637 1.6941127 0.9607843137254902 49
0.32 0.5 2.1037955 1.5257665 0.9411764705882353 48
0.315 0.75 2.2654557 1.4878447 0.9607843137254902 49
0.32 0.05 2.2218812 1.7008579 0.9411764705882353 48
0.325 0.55 2.098579 1.5083292 0.9411764705882353 48
0.32 0.55 2.1940365 1.7892903 0.9215686274509803 47
0.325 0.15 1.913974 1.0747036 0.9411764705882353 48
0.325 0.7 2.1794891 1.7041395 0.9215686274509803 47
0.325 0.6 2.1304986 1.5843904 0.9411764705882353 48
0.32 0.4 2.1024933 1.4876018 0.9607843137254902 49
0.33 0.1 2.1167402 1.5765084 0.9411764705882353 48
0.325 0.35 2.2813642 1.6826634 0.9215686274509803 47
0.33 0.25 2.0528677 1.3954515 0.9411764705882353 48
0.32 0.45 2.2164733 1.6079149 0.9607843137254902 49
0.32 0.95 2.1694539 1.6572499 0.9411764705882353 48
0.32 0.65 2.0442238 1.3886144 0.9607843137254902 49
0.325 0.1 2.059668 1.345504 0.9411764705882353 48
0.32 1.0 2.0591457 1.4342453 0.9607843137254902 49
0.33 0.5 2.1353688 1.5829209 0.9215686274509803 47
0.32 0.8 2.303286 1.7054209 0.9215686274509803 47
0.375 0.4 2.0823789 1.1296426 0.9215686274509803 47
0.32 0.3 2.1784575 1.7083908 0.9411764705882353 48
0.33 0.8 2.0235476 1.2701901 0.9411764705882353 48
0.37 0.8 2.154152 1.2684209 0.9215686274509803 47
0.33 0.05 2.0408921 1.3647885 0.9411764705882353 48
0.33 0.55 1.9154047 1.0856982 0.9411764705882353 48
0.325 0.3 2.010594 1.3107358 0.9411764705882353 48
0.325 0.8 2.2420382 1.7103853 0.9215686274509803 47
0.33 0.15 1.9709603 1.2395544 0.9411764705882353 48
0.32 0.15 2.112172 1.4688996 0.9607843137254902 49
0.32 0.35 2.1969602 1.7901286 0.9215686274509803 47
0.335 0.3 1.9287035 1.0885998 0.9607843137254902 49
0.325 1.0 2.0834875 1.4664532 0.9411764705882353 48
0.385 0.3 2.05995 1.0796616 0.9215686274509803 47
0.325 0.25 2.0832534 1.4916579 0.9411764705882353 48
0.32 0.85 2.1515188 1.623949 0.9607843137254902 49
0.38 0.95 1.9434948 0.8777237 0.9215686274509803 47
0.375 0.85 2.0291438 0.9920215 0.9215686274509803 47
0.335 1.0 2.0387664 1.298855 0.9607843137254902 49
0.325 0.75 2.1040149 1.4800755 0.9411764705882353 48
0.32 0.6 2.0127416 1.3180858 0.9607843137254902 49
0.32 0.9 2.1509414 1.4794867 0.9607843137254902 49
0.375 0.5 2.0505824 1.0677327 0.9215686274509803 47
0.325 0.45 2.138242 1.6320946 0.9411764705882353 48
0.33 0.7 2.1066349 1.579271 0.9215686274509803 47
0.335 0.9 2.1044893 1.5225807 0.9411764705882353 48
0.325 0.2 2.1199446 1.5122323 0.9411764705882353 48
0.355 0.25 2.1883514 1.3483069 0.9411764705882353 48
0.365 0.5 1.9240525 0.86694723 0.9411764705882353 48
0.325 0.85 2.075911 1.4760994 0.9411764705882353 48
0.34 0.4 1.9865019 1.178064 0.9607843137254902 49
0.33 0.2 2.1070466 1.4898591 0.9411764705882353 48
0.325 0.65 2.1414404 1.621185 0.9215686274509803 47
0.33 0.35 2.1729474 1.7212485 0.9215686274509803 47
0.345 0.85 2.1437967 1.4026933 0.9411764705882353 48
0.335 0.75 2.063322 1.4065435 0.9411764705882353 48
0.35 0.15 2.0845375 1.2510942 0.9411764705882353 48
0.36 0.9 2.0927012 1.1440552 0.9411764705882353 48
0.345 0.6 2.0148957 1.0920298 0.9607843137254902 49
0.33 0.75 2.1144462 1.5585921 0.9411764705882353 48
0.36 0.25 2.1772714 1.3940886 0.9411764705882353 48
0.325 0.9 1.997839 1.2568396 0.9411764705882353 48
0.335 0.8 2.1207922 1.6090065 0.9215686274509803 47
0.36 0.65 1.8867943 0.8366212 0.9607843137254902 49
0.38 1.0 2.1224694 1.2146227 0.9215686274509803 47
0.375 0.05 2.0939655 1.1885769 0.9215686274509803 47
0.33 0.3 2.0435958 1.3912097 0.9411764705882353 48
0.325 0.4 2.1632519 1.6845323 0.9411764705882353 48
0.34 0.65 2.132493 1.5257642 0.9215686274509803 47
0.33 0.6 2.1115098 1.5963533 0.9411764705882353 48
0.33 1.0 2.005192 1.29193 0.9411764705882353 48
0.355 0.05 2.0079484 0.98921067 0.9411764705882353 48
0.365 0.3 2.0533907 1.0718937 0.9411764705882353 48
0.38 0.35 2.118335 1.1966549 0.9215686274509803 47
0.365 0.6 2.155509 1.3538263 0.9411764705882353 48
0.365 0.85 2.1479046 1.2555996 0.9411764705882353 48
0.37 1.0 2.1123867 1.1716717 0.9215686274509803 47
0.36 0.75 1.8399456 0.8414649 0.9607843137254902 49
0.33 0.45 2.0819664 1.342534 0.9411764705882353 48
0.35 0.1 1.8804348 0.8680991 0.9607843137254902 49
0.335 0.65 1.8476452 0.9501596 0.9411764705882353 48
0.325 0.5 2.1870093 1.4545686 0.9411764705882353 48
0.36 0.3 2.1712313 1.243785 0.9411764705882353 48
0.355 0.65 2.1891372 1.4877399 0.9411764705882353 48
0.355 0.7 1.955286 0.9344724 0.9607843137254902 49
0.335 0.35 2.1567264 1.6338605 0.9411764705882353 48
0.335 0.85 2.0597901 1.3429878 0.9411764705882353 48
0.375 0.3 2.0020123 1.011653 0.9215686274509803 47
0.33 0.9 2.0627818 1.404073 0.9411764705882353 48
0.295 0.9 2.4204361 1.6526968 0.9411764705882353 48
0.36 1.0 2.240744 1.4444886 0.9411764705882353 48
0.295 0.95 2.5282037 1.7463236 0.9411764705882353 48
0.34 0.45 1.9991615 1.2156606 0.9607843137254902 49
0.365 0.1 1.9764783 0.93381023 0.9411764705882353 48
0.34 0.1 2.1493413 1.5578068 0.9411764705882353 48
0.325 0.95 2.078185 1.4635731 0.9411764705882353 48
0.37 0.2 2.1790488 1.3351525 0.9215686274509803 47
0.365 0.95 1.8347542 0.8323283 0.9411764705882353 48
0.365 0.25 1.8982137 0.86202 0.9411764705882353 48
0.345 0.35 2.2072856 1.5359612 0.9411764705882353 48
0.35 0.5 2.0163827 1.0847704 0.9607843137254902 49
0.34 0.05 2.0237346 1.262662 0.9607843137254902 49
0.33 0.4 2.1265402 1.5228645 0.9411764705882353 48
0.37 0.45 2.1872706 1.3717339 0.9215686274509803 47
0.375 0.95 2.136987 1.2406996 0.9215686274509803 47
0.34 1.0 2.0875018 1.4219265 0.9411764705882353 48
0.38 0.15 1.9600435 0.9132997 0.9215686274509803 47
0.36 0.4 2.0706286 1.1536617 0.9411764705882353 48
0.33 0.65 2.1553648 1.6743088 0.9215686274509803 47
0.36 0.45 2.1636946 1.3225532 0.9411764705882353 48
0.345 0.8 2.07587 1.3923326 0.9411764705882353 48
0.33 0.85 1.96175 1.1792979 0.9411764705882353 48
0.375 0.8 2.0929828 1.1770502 0.9215686274509803 47
0.335 0.05 2.0626087 1.4436482 0.9411764705882353 48
0.335 0.2 2.1269298 1.6092584 0.9215686274509803 47
0.34 0.3 2.1541486 1.5347434 0.9411764705882353 48
0.35 0.4 2.1907487 1.4704518 0.9411764705882353 48
0.335 0.15 2.088767 1.4254481 0.9411764705882353 48
0.335 0.95 2.0988758 1.4900019 0.9411764705882353 48
0.335 0.5 1.9928373 1.2736664 0.9411764705882353 48
0.335 0.55 2.1241982 1.5057373 0.9411764705882353 48
0.34 0.5 2.125171 1.5191365 0.9411764705882353 48
0.345 0.25 1.9422016 0.95102394 0.9607843137254902 49
0.345 0.9 2.1477985 1.4860841 0.9411764705882353 48
0.345 0.1 2.0914605 1.3183768 0.9607843137254902 49
0.385 0.8 1.8645706 0.81267935 0.9215686274509803 47
0.355 0.9 2.2294822 1.4015139 0.9411764705882353 48
0.38 0.4 2.1092684 1.1708373 0.9215686274509803 47
0.375 0.7 2.1407695 1.2805117 0.9215686274509803 47
0.385 0.25 2.1299455 1.2336041 0.9215686274509803 47
0.34 0.8 2.0474744 1.3312068 0.9607843137254902 49
0.34 0.6 1.8915485 0.9892676 0.9411764705882353 48
0.34 0.55 1.9020916 1.0641305 0.9607843137254902 49
0.34 0.25 1.97597 1.1263524 0.9607843137254902 49
0.335 0.1 2.087496 1.4472142 0.9215686274509803 478
0.335 0.25 2.1710877 1.6364771 0.9215686274509803 47
0.375 0.55 1.8532164 0.8396609 0.9215686274509803 47
0.335 0.4 1.8808649 1.0127635 0.9411764705882353 48
0.35 0.65 2.1672022 1.4795686 0.9411764705882353 48
0.345 0.05 2.1209557 1.4201404 0.9411764705882353 48
0.345 0.15 2.0063775 0.9927421 0.9607843137254902 49
0.385 0.55 1.9541042 0.8945876 0.9215686274509803 47
0.385 0.1 2.08687 1.1371936 0.9215686274509803 4747
0.385 0.4 1.9006609 0.86426103 0.9215686274509803 47
0.345 0.3 2.1297715 1.4133283 0.9411764705882353 48
0.35 0.05 2.1118474 1.3205653 0.9411764705882353 48
0.38 0.1 1.8431692 0.83257884 0.9215686274509803 47
0.35 0.95 2.2422523 1.4845942 0.9411764705882353 48
0.385 0.05 2.0205324 1.038993 0.9215686274509803 47
0.38 0.85 2.1018856 1.1967158 0.9215686274509803 47
0.365 0.45 2.18245 1.3456845 0.9411764705882353 48
0.295 0.8 2.3682065 1.8055853 0.9607843137254902 49
0.335 0.6 2.1769035 1.6948237 0.9215686274509803 47
0.295 0.85 2.44791 1.5727391 0.9411764705882353 48
0.35 0.8 2.1298969 1.3586565 0.9411764705882353 48
0.335 0.45 2.1162462 1.5151607 0.9411764705882353 48
0.365 0.05 2.1119328 1.2420592 0.9215686274509803 47
0.35 0.85 2.1793132 1.4686232 0.9411764705882353 48
0.385 0.85 2.0543678 1.0960512 0.9215686274509803 47
0.345 0.75 1.9762245 1.128617 0.9607843137254902 49
0.365 0.35 1.8127083 0.81083536 0.9215686274509803 47
0.36 0.85 1.992861 0.88201094 0.9411764705882353 48
0.34 0.75 2.166123 1.5865563 0.9411764705882353 48
0.38 0.55 2.0528035 1.0184722 0.9215686274509803 47
0.355 0.75 2.1698909 1.4306808 0.9411764705882353 48
0.355 0.85 2.2143025 1.4792967 0.9411764705882353 48
0.34 0.15 2.1330597 1.5484756 0.9411764705882353 48
0.36 0.5 2.0033429 0.94523513 0.9411764705882353 48
0.38 0.3 2.1056132 1.1499844 0.9215686274509803 47
0.34 0.9 2.1424644 1.6382444 0.9411764705882353 48
0.38 0.2 1.9633896 0.91584533 0.9215686274509803 47
0.34 0.7 2.0948849 1.4750962 0.9215686274509803 47
0.375 0.2 2.143991 1.2458209 0.9411764705882353 48
0.385 0.95 2.0238514 1.0494002 0.9215686274509803 47
0.34 0.2 2.1401324 1.5687776 0.9411764705882353 48
0.345 0.5 2.0876486 1.1725372 0.9607843137254902 49
0.335 0.7 2.1068637 1.5004715 0.9215686274509803 47
0.385 0.6 2.0617065 1.1016315 0.9215686274509803 47
0.34 0.85 2.1059659 1.5068518 0.9411764705882353 48
0.345 0.65 2.1481252 1.5590018 0.9411764705882353 48
0.375 0.35 2.1513705 1.2258476 0.9215686274509803 47
0.365 0.4 2.1591735 1.345985 0.9411764705882353 48
0.375 0.1 2.1260583 1.237932 0.9215686274509803 47
0.385 0.9 1.9127394 0.8673198 0.9215686274509803 47
0.36 0.7 2.1663685 1.2927706 0.9411764705882353 48
0.35 0.35 2.1879432 1.561388 0.9411764705882353 48
0.35 1.0 1.8608345 0.86142045 0.9607843137254902 49
0.385 0.75 2.0166926 1.021441 0.9215686274509803 47
0.35 0.2 2.1600614 1.4141209 0.9411764705882353 48
0.345 0.2 2.056703 1.1986912 0.9607843137254902 49
0.365 1.0 2.0071063 1.0588672 0.9215686274509803 47
0.365 0.7 1.8633044 0.8252975 0.9411764705882353 48
0.345 0.95 2.175103 1.4831387 0.9411764705882353 48
0.34 0.35 2.1985717 1.6577466 0.9411764705882353 48
0.385 0.35 2.0605881 1.1214441 0.9215686274509803 47
0.355 0.45 2.1673973 1.4635817 0.9411764705882353 48
0.365 0.15 2.1698823 1.2048644 0.9411764705882353 48
0.355 0.2 1.9218756 0.8811757 0.9607843137254902 49
0.385 0.15 1.8432144 0.8119758 0.9215686274509803 47
0.37 0.4 2.11198 1.1950657 0.9215686274509803 47
0.37 0.75 2.148109 1.3033922 0.9411764705882353 48
0.375 0.6 2.180857 1.2627937 0.9215686274509803 47
0.37 0.35 2.1497703 1.3307512 0.9215686274509803 47
0.38 0.9 1.856719 0.81736416 0.9215686274509803 47
0.375 0.9 1.9405493 0.88526917 0.9411764705882353 48
0.385 0.5 1.8480724 0.80702305 0.9215686274509803 47
0.365 0.75 1.8388939 0.81673956 0.9607843137254902 49
0.36 0.1 2.1420457 1.2867184 0.9411764705882353 48
0.385 0.2 2.1075597 1.135982 0.9215686274509803 47
0.365 0.55 2.1059978 1.2257805 0.9411764705882353 48
0.375 0.65 2.0653763 1.0872612 0.9215686274509803 47
0.385 0.7 2.083344 1.1238909 0.9215686274509803 47
0.37 0.85 1.9549277 0.93120116 0.9215686274509803 47
0.38 0.25 1.9269546 0.8532404 0.9215686274509803 47
0.385 1.0 2.1007037 1.1998446 0.9215686274509803 47
0.39 0.05 2.1164727 1.1567386 0.9215686274509803 47
0.38 0.7 1.9882005 0.9403302 0.9215686274509803 47
0.39 0.1 1.9724289 0.9577123 0.9215686274509803 47
0.385 0.45 1.8893864 0.84329563 0.9215686274509803 47
0.385 0.65 2.0103686 1.0084063 0.9215686274509803 47
0.295 1.0 2.2347808 1.7420766 0.9607843137254902 49
0.45 0.25 1.7678837 0.7996712 0.9411764705882353 48
0.45 0.2 1.890585 1.0103827 0.9411764705882353 48
0.45 0.4 1.7588453 0.78778386 0.9411764705882353 48
0.45 0.55 1.8452181 0.91879565 0.9411764705882353 48
0.45 0.75 1.8447702 0.92271537 0.9411764705882353 48
0.45 0.85 1.8535362 0.9260429 0.9215686274509803 47
0.4 0.45 1.9146286 0.8799388 0.9215686274509803 47
0.4 0.15 2.031177 1.0692028 0.9215686274509803 47
0.5 0.7 1.5095947 0.7104078 0.9019607843137255 46
0.425 0.6 1.7718105 0.772982 0.9215686274509803 47
0.5 0.3 1.5352781 0.73174506 0.9019607843137255 46
0.395 0.1 1.8733222 0.83284897 0.9215686274509803 47
0.4 0.85 2.0336285 1.0467938 0.9215686274509803 47
0.425 0.1 1.930774 0.96971697 0.9411764705882353 48
0.39 0.2 1.8391997 0.8081141 0.9215686274509803 47
0.425 0.3 1.7953526 0.7997429 0.9215686274509803 47
0.395 0.9 1.8485962 0.815848 0.9215686274509803 47
0.425 0.05 1.9268131 0.98176384 0.9215686274509803 47
0.4 1.0 2.0074508 1.0160041 0.9215686274509803 47
0.4 0.9 1.9995302 1.0427283 0.9215686274509803 47
0.4 0.95 1.8104178 0.8173101 0.9215686274509803 47
0.425 0.55 1.7814401 0.7864687 0.9215686274509803 47
0.45 0.35 1.7112868 0.7557152 0.9215686274509803 47
0.425 0.75 1.9043798 0.9286271 0.9215686274509803 47
0.425 0.5 1.8977766 0.9262247 0.9411764705882353 48
0.45 0.05 1.8543497 0.9435242 0.9411764705882353 48
0.425 0.8 1.9158424 0.97954905 0.9411764705882353 48
0.39 0.15 1.8862858 0.828863 0.9215686274509803 47
0.45 0.95 1.8228697 0.89163655 0.9411764705882353 48
0.45 0.5 1.8124344 0.8589012 0.9215686274509803 47
0.45 0.1 1.8456417 0.91585743 0.9411764705882353 48
0.475 0.05 1.6696091 0.77961475 0.9215686274509803 47
0.5 0.4 1.5377147 0.7308524 0.9019607843137255 46
0.65 0.75 1.145169 0.5854786 0.9411764705882353 48
0.45 0.15 1.8057606 0.85538185 0.9411764705882353 48
0.4 0.8 1.9984615 1.0247556 0.9215686274509803 47
0.45 0.3 1.8015772 0.87745434 0.9411764705882353 48
0.45 0.6 1.8545831 0.9264395 0.9411764705882353 48
0.45 0.9 1.719443 0.76555514 0.9215686274509803 47
0.45 0.7 1.8257946 0.88421816 0.9411764705882353 48
0.475 0.15 1.669781 0.7750403 0.9215686274509803 47
0.45 0.8 1.8517888 0.9240164 0.9411764705882353 48
0.475 0.2 1.6418453 0.76405483 0.9411764705882353 48
0.5 0.25 1.5203247 0.7237498 0.9019607843137255 46
0.475 0.75 1.7208189 0.8342428 0.9215686274509803 47
0.475 0.4 1.7191718 0.8237869 0.9215686274509803 47
0.475 0.8 1.7679402 0.9130308 0.9215686274509803 47
0.5 0.55 1.4963261 0.6961399 0.9215686274509803 47
0.475 0.1 1.676403 0.79396147 0.9215686274509803 47
0.475 0.25 1.6483263 0.76273316 0.9019607843137255 46
0.475 0.7 1.7059978 0.8303541 0.9215686274509803 47
0.39 0.25 2.0604792 1.1252484 0.9215686274509803 47
0.5 0.2 1.5225124 0.71990234 0.9215686274509803 47
0.5 0.45 1.553281 0.74232376 0.9019607843137255 46
0.475 0.3 1.679467 0.8141204 0.9215686274509803 47
0.475 0.35 1.7197578 0.8518184 0.9215686274509803 47
0.475 0.55 1.6760509 0.8040865 0.9215686274509803 47
0.5 0.1 1.5289495 0.7217921 0.9019607843137255 46
0.45 1.0 1.8305013 0.8920826 0.9411764705882353 48
0.475 1.0 1.7776587 0.94845086 0.9215686274509803 47
0.5 0.05 1.5463431 0.74075425 0.9019607843137255 46
0.7 0.15 1.1541249 0.5922896 0.9607843137254902 49
0.475 0.9 1.6680834 0.7698894 0.9215686274509803 47
0.475 0.6 1.6773752 0.79689515 0.9215686274509803 47
0.475 0.45 1.7318716 0.871599 0.9215686274509803 47
0.475 0.65 1.7157902 0.85985154 0.9215686274509803 47
0.475 0.85 1.6744694 0.785226 0.9215686274509803 47
0.475 0.5 1.6637033 0.77168083 0.9215686274509803 47
0.5 0.15 1.5467169 0.7513438 0.9019607843137255 46
0.475 0.95 1.6699362 0.78314644 0.9215686274509803 47
0.5 0.5 1.5376012 0.73772144 0.9019607843137255 46
0.5 0.35 1.536353 0.727268 0.9019607843137255 46
0.5 0.8 1.515166 0.7144408 0.9019607843137255 46
0.75 0.7 1.1670299 0.5857858 0.9607843137254902 49
0.75 0.95 1.1606048 0.5784474 0.9607843137254902 49
0.75 0.8 1.1616943 0.5853216 0.9607843137254902 49
0.5 0.85 1.5179312 0.7153012 0.9019607843137255 46
0.775 0.05 1.1679931 0.5786644 0.9803921568627451 50
0.775 0.1 1.1627572 0.57959497 0.9803921568627451 50
0.75 1.0 1.166608 0.58619875 0.9607843137254902 49
0.75 0.75 1.1673737 0.5882183 0.9607843137254902 49
0.775 0.2 1.1722682 0.57660407 0.9803921568627451 50
0.75 0.85 1.1626666 0.5893655 0.9607843137254902 49
0.775 0.25 1.1675675 0.58199435 0.9803921568627451 50
0.5 0.75 1.5108294 0.7087524 0.9215686274509803 47
0.55 0.85 1.3172052 0.6343607 0.9215686274509803 47
0.5 0.9 1.5205102 0.7065996 0.9019607843137255 46
0.775 0.3 1.1684875 0.5792838 0.9803921568627451 50
0.825 0.05 1.1696419 0.55054635 1.0 51
0.8 0.65 1.1735092 0.55682266 0.9803921568627451 50
0.775 0.45 1.1689063 0.5805511 0.9803921568627451 50
0.8 0.4 1.1714512 0.56152904 0.9803921568627451 50
0.55 0.35 1.2852958 0.62463796 0.9215686274509803 47
0.5 0.95 1.5277466 0.7161948 0.9019607843137255 46
0.775 0.75 1.1657009 0.5748013 0.9803921568627451 50
0.775 0.6 1.1673286 0.5748037 0.9803921568627451 50
0.8 0.75 1.1779174 0.5591904 0.9803921568627451 50
0.8 0.1 1.1758612 0.56483644 0.9803921568627451 50
0.775 0.15 1.1711226 0.58180577 0.9803921568627451 50
0.395 1.0 1.8700411 0.83522284 0.9215686274509803 47
0.775 0.7 1.1675436 0.5777558 0.9803921568627451 50
0.775 0.65 1.1725286 0.5779328 0.9803921568627451 50
0.8 0.6 1.1722925 0.5674492 0.9803921568627451 50
0.775 0.9 1.1702592 0.5781301 0.9803921568627451 50
0.8 1.0 1.1700599 0.5645942 0.9803921568627451 50
0.775 0.4 1.1694521 0.5771395 0.9803921568627451 50
0.575 0.95 1.2309899 0.6128804 0.9411764705882353 48
0.8 0.8 1.1664846 0.5627241 0.9803921568627451 50
0.775 0.5 1.1697822 0.58008957 0.9803921568627451 50
0.8 0.7 1.1699176 0.5660002 0.9803921568627451 50
0.525 0.65 1.4111596 0.6696656 0.9215686274509803 47
0.775 0.35 1.1731068 0.58082193 0.9803921568627451 50
0.575 0.9 1.2223785 0.6077953 0.9411764705882353 48
0.5 0.65 1.5242872 0.71683264 0.9019607843137255 46
0.6 0.5 1.1799766 0.6004102 0.9411764705882353 48
0.395 0.45 2.022937 1.0449033 0.9215686274509803 47
0.39 0.85 2.0989778 1.1395928 0.9215686274509803 47
0.775 0.85 1.1649307 0.5741618 0.9803921568627451 50
0.395 0.4 1.8052113 0.79293877 0.9215686274509803 47
0.8 0.15 1.169284 0.5678007 0.9803921568627451 50
0.39 0.8 2.0389135 1.0807545 0.9215686274509803 47
0.39 0.55 2.0562267 1.124545 0.9215686274509803 47
0.825 0.3 1.1757365 0.5474905 0.9803921568627451 50
0.39 0.7 1.8097337 0.8069064 0.9215686274509803 47
0.775 0.55 1.1655593 0.57702345 0.9803921568627451 50
0.395 0.55 1.9210551 0.89556444 0.9215686274509803 47
0.4 0.3 1.9811099 0.97305083 0.9215686274509803 47
0.8 0.85 1.168921 0.55836326 0.9803921568627451 50
0.775 0.95 1.1672816 0.5772613 0.9803921568627451 50
0.395 0.65 1.8517258 0.8274913 0.9215686274509803 47
0.395 0.75 1.8440201 0.81150013 0.9215686274509803 47
0.8 0.05 1.1768364 0.56651044 0.9803921568627451 50
0.395 0.8 1.9659901 0.9559141 0.9215686274509803 47
0.39 0.5 1.9745753 0.9297756 0.9215686274509803 47
0.395 0.85 2.0356903 1.0658529 0.9215686274509803 47
0.775 0.8 1.1670523 0.57647157 0.9803921568627451 50
0.8 0.35 1.175002 0.5655181 0.9803921568627451 50
0.775 1.0 1.1689848 0.57284206 0.9803921568627451 50
0.8 0.5 1.1703334 0.5646513 0.9803921568627451 50
0.395 0.6 1.9773815 0.9465771 0.9215686274509803 47
0.8 0.3 1.1793927 0.57164025 0.9803921568627451 50
0.4 0.35 1.9592235 0.9462059 0.9215686274509803 47
0.825 0.75 1.1792204 0.54990524 1.0 51
0.4 0.25 2.030311 1.072477 0.9215686274509803 47
0.39 0.65 2.101457 1.2087934 0.9215686274509803 47
0.85 0.05 1.1662906 0.5251289 1.0 51
0.8 0.2 1.1709243 0.569794 0.9803921568627451 50
0.75 0.6 1.1597611 0.5860829 0.9607843137254902 49
0.575 1.0 1.23198 0.6092415 0.9411764705882353 48
0.825 0.4 1.1756172 0.5486734 0.9803921568627451 50
0.825 0.8 1.170366 0.53963786 1.0 51
0.8 0.55 1.1729299 0.56588066 0.9803921568627451 50
0.8 0.95 1.1741382 0.568209 0.9803921568627451 50
0.8 0.45 1.1751337 0.56757206 0.9803921568627451 50
0.825 1.0 1.1746757 0.5439084 0.9803921568627451 50
0.825 0.25 1.1745065 0.5451226 1.0 51
0.825 0.55 1.1695569 0.5425694 0.9803921568627451 50
0.6 0.2 1.175181 0.5926179 0.9411764705882353 48
0.825 0.85 1.1662952 0.5454312 1.0 51
0.6 0.15 1.1775074 0.6004298 0.9411764705882353 48
0.8 0.25 1.1732296 0.56814754 0.9803921568627451 50
0.8 0.9 1.17204 0.5588198 0.9803921568627451 50
0.6 0.7 1.1805875 0.6085639 0.9411764705882353 48
0.825 0.15 1.1760018 0.5504399 0.9803921568627451 50
0.6 0.3 1.1823646 0.6115264 0.9411764705882353 48
0.6 0.75 1.1834767 0.6074291 0.9411764705882353 48
0.825 0.65 1.1698056 0.54134446 0.9803921568627451 50
0.6 0.65 1.1760596 0.5934094 0.9411764705882353 48
0.6 0.6 1.1757487 0.59643245 0.9411764705882353 48
0.6 0.4 1.1749551 0.59927857 0.9215686274509803 47
0.825 0.95 1.171784 0.53976566 1.0 51
0.6 0.35 1.1851133 0.5988628 0.9411764705882353 48
0.6 0.8 1.1720395 0.5940821 0.9411764705882353 48
0.825 0.2 1.1738808 0.54045665 0.9803921568627451 50
0.825 0.35 1.1714356 0.54880613 0.9803921568627451 50
0.825 0.1 1.1733365 0.54903656 0.9803921568627451 50
0.825 0.5 1.1697452 0.54800487 0.9803921568627451 50
0.85 0.3 1.1663419 0.52397305 1.0 51
0.6 0.55 1.1772163 0.59561443 0.9411764705882353 48
0.85 0.75 1.1710392 0.5262429 1.0 51
0.825 0.7 1.1712545 0.5442016 0.9803921568627451 50
0.85 0.25 1.1749636 0.519278 1.0 51
0.85 0.7 1.1800187 0.5202757 1.0 51
0.85 0.6 1.1746931 0.52454805 1.0 51
0.85 0.85 1.1705612 0.5336882 1.0 51
0.85 0.5 1.1752193 0.530766 1.0 51
0.85 0.65 1.1710783 0.5231791 1.0 51
0.85 0.15 1.1804765 0.5254445 1.0 51
0.85 0.9 1.1742326 0.5283652 1.0 51
0.85 0.1 1.1729434 0.5296169 1.0 51
0.85 0.35 1.1777678 0.5260022 1.0 51
0.85 0.45 1.1717625 0.531814 1.0 51
0.85 0.55 1.174257 0.5241592 1.0 51
0.85 0.4 1.1738336 0.5238568 1.0 51
0.85 0.95 1.1672225 0.52889985 1.0 51
0.85 1.0 1.1733555 0.5316871 1.0 51
0.395 0.2 2.044478 1.0757126 0.9215686274509803 47
0.6 0.85 1.1765746 0.6001924 0.9411764705882353 48
0.395 0.3 1.9596916 0.9370784 0.9215686274509803 47
0.395 0.25 1.8601698 0.76202697 0.9215686274509803 47
0.875 0.05 1.1628225 0.5010023 1.0 51
0.875 0.25 1.1663224 0.50584424 1.0 51
0.575 0.85 1.2202604 0.6065789 0.9411764705882353 48
0.39 0.9 2.048322 1.1286423 0.9215686274509803 47
0.875 0.45 1.1731718 0.49113843 1.0 51
0.875 0.3 1.1639835 0.4953925 1.0 51
0.875 1.0 1.1666194 0.5002318 1.0 51
0.9 0.75 1.156531 0.4795006 1.0 51
0.875 0.6 1.1751401 0.49776298 1.0 51
0.65 0.3 1.1553698 0.5903607 0.9411764705882353 48
0.9 0.2 1.1653936 0.48595217 1.0 51
0.875 0.7 1.1678096 0.51119787 1.0 51
0.875 0.55 1.1681039 0.49261907 1.0 51
0.9 0.95 1.1634967 0.4837139 1.0 51
0.9 0.45 1.1611925 0.47921476 1.0 51
0.9 0.25 1.164752 0.47838852 1.0 51
0.9 0.65 1.1646497 0.4749927 1.0 51
0.875 0.1 1.1648947 0.49686453 1.0 51
0.9 0.05 1.1549793 0.48613772 1.0 51
0.9 0.1 1.1615553 0.48029384 1.0 51
0.875 0.75 1.1659371 0.49996933 1.0 51
0.875 0.5 1.1739018 0.50132686 1.0 51
0.9 0.55 1.161706 0.47723588 1.0 51
0.9 0.15 1.1602589 0.47687528 1.0 51
0.875 0.9 1.1715196 0.4983836 1.0 51
0.925 0.1 1.1503228 0.46401528 1.0 51
0.925 0.25 1.1527431 0.45765105 1.0 51
0.875 0.95 1.171297 0.49630517 1.0 51
0.9 0.8 1.1546978 0.48062196 1.0 51
0.95 0.15 1.1428822 0.44099662 1.0 51
0.875 0.65 1.1653407 0.49849254 1.0 51
0.9 0.6 1.1607496 0.4802925 1.0 51
0.925 0.75 1.152148 0.45705578 1.0 51
0.9 0.5 1.159421 0.48326388 1.0 51
0.95 0.1 1.1428607 0.44650504 1.0 51
0.925 0.05 1.1526835 0.45441684 1.0 51
0.95 0.75 1.1413827 0.44993532 1.0 51
0.95 0.05 1.1423477 0.44269145 1.0 51
0.9 0.7 1.1643445 0.4765444 1.0 51
0.95 0.6 1.1447183 0.44594404 1.0 51
0.925 0.6 1.1548059 0.46300328 1.0 51
0.65 0.6 1.1551648 0.5886688 0.9411764705882353 48
0.65 0.65 1.1531137 0.58868694 0.9411764705882353 48
0.925 0.7 1.1576501 0.46574655 1.0 51
1.0 0.05 1.1258519 0.42090622 1.0 51
0.975 0.5 1.1305469 0.42714658 1.0 51
0.925 0.8 1.1567452 0.46336815 1.0 51
0.95 0.35 1.1421154 0.44738305 1.0 51
0.95 0.2 1.1441501 0.44336408 1.0 51
0.15 0.5 2.6336896 1.5639195 0.9019607843137255 46
0.6 0.1 1.1807362 0.5977777 0.9411764705882353 48
0.925 0.2 1.150943 0.45864093 1.0 51
0.925 0.85 1.1553062 0.46666977 1.0 51
0.9 0.4 1.1604786 0.47079155 1.0 51
0.95 0.8 1.1454393 0.44874808 1.0 51
0.975 0.05 1.1344157 0.43290392 1.0 51
0.675 0.5 1.1482337 0.586848 0.9607843137254902 49
0.95 0.55 1.146233 0.44704157 1.0 51
0.925 0.9 1.1475157 0.45930317 1.0 51
1.0 0.5 1.1219105 0.4197087 0.9803921568627451 50
0.2 0.35 2.5615323 1.8599999 0.9803921568627451 50
0.975 0.85 1.1310557 0.4282099 1.0 51
1.0 1.0 1.1205409 0.41799316 1.0 51
1.0 0.2 1.1192974 0.42025664 1.0 51
0.95 0.65 1.1445526 0.444509 1.0 51
1.0 0.3 1.1178665 0.42042512 0.9803921568627451 50
0.975 0.8 1.1325358 0.43231323 1.0 51
0.95 0.95 1.142821 0.44383556 1.0 51
0.95 0.5 1.1429216 0.4417583 1.0 51
0.95 0.9 1.1489741 0.44592053 1.0 51
0.95 0.7 1.1500585 0.4478364 1.0 51
0.39 0.6 2.05689 1.1368709 0.9215686274509803 47
0.875 0.85 1.1711606 0.4930799 1.0 51
0.875 0.8 1.1676918 0.5008356 1.0 51
0.2 0.6 2.6251712 1.8029379 0.9607843137254902 49
0.975 0.1 1.1275393 0.42787895 1.0 51
0.975 0.7 1.1323535 0.43311074 1.0 51
0.675 0.05 1.1480163 0.5859317 0.9411764705882353 48
0.95 1.0 1.1453627 0.444158 1.0 51
0.975 0.6 1.1345899 0.4335645 1.0 51
1.0 0.4 1.1206754 0.42275926 1.0 51
0.075 0.05 5.949379 3.5200694 0.9607843137254902 49
0.305 0.1 2.2801657 1.6601081 0.9607843137254902 49
0.975 0.9 1.1321635 0.43210503 1.0 51
0.15 0.85 2.5862865 1.5796257 0.9215686274509803 47
0.295 0.7 2.3834722 1.7602448 0.9607843137254902 49
1.0 0.35 1.1227149 0.421871 1.0 51
0.15 0.95 2.5903113 1.503378 0.9019607843137255 46
0.3 0.1 2.4368176 1.6910461 0.9411764705882353 48
0.975 0.95 1.1264284 0.42848894 1.0 51
0.9 0.3 1.158412 0.48310694 1.0 51
0.95 0.45 1.1469442 0.44578487 1.0 51
0.15 0.8 2.6513436 1.5305481 0.9215686274509803 47
0.6 0.9 1.1774241 0.5975506 0.9411764705882353 48
1.0 0.25 1.118994 0.421801 0.9803921568627451 50
0.2 0.75 2.5805087 1.732792 1.0 51
0.925 0.65 1.1517074 0.46178022 1.0 51
0.9 1.0 1.1627843 0.48226115 1.0 51
1.0 0.15 1.1224235 0.4179883 0.9803921568627451 50
0.975 0.35 1.137265 0.43091753 1.0 51
0.305 0.05 2.3651805 1.785732 0.9607843137254902 49
0.9 0.35 1.1603657 0.4783133 1.0 51
0.315 0.05 2.1299028 1.5455879 0.9607843137254902 49
0.175 0.05 2.330933 1.492367 0.9411764705882353 48
0.15 0.6 2.5026398 1.5426278 0.9019607843137255 46
0.925 0.45 1.1538552 0.45812225 1.0 51
0.9 0.9 1.1670821 0.49232715 1.0 51
0.925 0.15 1.1540006 0.46273738 1.0 51
0.525 0.95 1.3992628 0.668085 0.9215686274509803 47
0.875 0.35 1.170568 0.4992097 1.0 51
0.925 1.0 1.1565981 0.4601288 1.0 51
0.55 0.1 1.3125293 0.6309006 0.9215686274509803 47
0.15 0.7 2.6554859 1.5599838 0.9215686274509803 47
0.975 0.75 1.1327912 0.43221554 1.0 51
1.0 0.95 1.1233224 0.4197851 1.0 51
0.95 0.25 1.1417918 0.4460106 1.0 51
0.925 0.3 1.1489015 0.46138343 1.0 51
1.0 0.45 1.1212384 0.41812178 0.9803921568627451 50
0.975 1.0 1.1264362 0.4320649 1.0 51
0.95 0.4 1.1431596 0.44633543 1.0 51
0.39 0.75 2.0464463 1.0952936 0.9215686274509803 47
0.95 0.85 1.145785 0.44909477 1.0 51
0.975 0.4 1.1318249 0.43284965 1.0 51
0.975 0.25 1.1322825 0.43313712 1.0 51
0.925 0.35 1.1552159 0.4594317 1.0 51
0.55 0.5 1.3046421 0.63136524 0.9215686274509803 47
0.525 0.85 1.3894488 0.6559442 0.9019607843137255 46
0.625 0.1 1.1477602 0.5873913 0.9215686274509803 47
0.95 0.3 1.1490659 0.44710672 1.0 51
1.0 0.65 1.1218204 0.41983086 0.9803921568627451 50
1.0 0.9 1.1229403 0.42341083 0.9803921568627451 50
0.975 0.45 1.1344091 0.43288013 1.0 51
0.975 0.2 1.1294949 0.4317703 1.0 51
0.39 0.95 2.0724432 1.1424587 0.9215686274509803 47
1.0 0.1 1.1245824 0.4223184 1.0 51
0.625 0.15 1.1537391 0.5837408 0.9411764705882353 48
0.625 0.55 1.1720711 0.5901101 0.9411764705882353 48
0.55 0.45 1.299481 0.63015825 0.9215686274509803 47
0.875 0.4 1.1669812 0.50474286 1.0 51
0.625 0.95 1.1507624 0.59002215 0.9215686274509803 47
1.0 0.7 1.124378 0.42341912 0.9803921568627451 50
0.05 1.0 5.2669735 1.2797719 0.9215686274509803 47
0.39 1.0 1.8645122 0.8279759 0.9215686274509803 47
0.55 0.65 1.3090647 0.62409985 0.9215686274509803 47
0.7 0.1 1.1572968 0.59390646 0.9607843137254902 49
1.0 0.8 1.1224073 0.4215415 0.9803921568627451 50
1.0 0.85 1.120335 0.4215376 1.0 51
0.6 1.0 1.1814817 0.5983743 0.9411764705882353 48
0.205 0.05 2.6328712 1.8057865 0.9607843137254902 49
1.0 0.75 1.1221766 0.41882288 0.9803921568627451 50
0.975 0.15 1.1309439 0.42953622 1.0 51
0.075 0.8 5.959976 3.4294758 0.9411764705882353 48
0.575 0.5 1.2207235 0.6089324 0.9411764705882353 48
0.2 0.4 2.7432334 1.7120911 0.9803921568627451 50
0.675 0.95 1.1405547 0.58348286 0.9607843137254902 49
0.2 0.55 2.684318 1.7606499 0.9607843137254902 49
0.525 0.4 1.3991011 0.6571838 0.9019607843137255 46
0.55 0.2 1.3002509 0.6285476 0.9215686274509803 47
0.675 0.9 1.1365073 0.58150405 0.9607843137254902 49
0.575 0.05 1.2221007 0.61361706 0.9411764705882353 48
0.7 0.5 1.1553348 0.58970565 0.9607843137254902 49
0.975 0.65 1.127592 0.42972457 1.0 51
0.625 0.2 1.164463 0.59164894 0.9411764705882353 48
0.175 0.25 2.3791542 1.3914458 0.9215686274509803 47
0.2 0.65 2.6614158 1.7197561 0.9607843137254902 49
0.3 0.4 2.3352833 1.538794 0.9607843137254902 49
0.675 0.8 1.132404 0.58192974 0.9411764705882353 48
0.525 1.0 1.3879628 0.66700584 0.9215686274509803 47
0.675 0.85 1.1414878 0.5782529 0.9607843137254902 49
0.5 0.6 1.5277076 0.7186775 0.9019607843137255 46
0.175 0.3 2.3473 1.2555449 0.9411764705882353 48
1.0 0.55 1.1247126 0.42333713 0.9803921568627451 50
0.675 0.75 1.1481578 0.587428 0.9607843137254902 49
0.375 1.0 2.1106691 1.1967643 0.9215686274509803 47
0.2 0.7 2.683557 1.8973464 0.9607843137254902 49
0.39 0.4 1.8396565 0.80960083 0.9215686274509803 47
0.2 0.8 2.60249 1.601991 0.9607843137254902 49
0.45 0.65 1.8011482 0.850664 0.9411764705882353 48
0.575 0.3 1.240104 0.6131442 0.9411764705882353 48
0.15 1.0 2.6267219 1.5976202 0.8823529411764706 45
0.55 0.6 1.304032 0.63014466 0.9215686274509803 47
0.7 0.45 1.1456764 0.59042627 0.9607843137254902 49
0.55 0.9 1.3036569 0.6280756 0.9215686274509803 47
0.55 0.05 1.3110147 0.6336259 0.9215686274509803 47
0.39 0.45 1.9104643 0.86555153 0.9215686274509803 47
0.7 0.55 1.1535451 0.5926843 0.9607843137254902 49
0.7 0.4 1.1573918 0.5960477 0.9607843137254902 49
0.625 0.7 1.1568972 0.5910384 0.9411764705882353 48
0.575 0.15 1.2173465 0.5973169 0.9215686274509803 47
0.15 0.9 2.6491966 1.5629516 0.9019607843137255 46
0.625 0.6 1.1581185 0.590276 0.9411764705882353 48
0.7 0.65 1.148894 0.59115916 0.9607843137254902 49
0.3 1.0 2.2572696 1.7648778 0.9607843137254902 49
0.525 0.55 1.3996117 0.66189754 0.9019607843137255 46
0.36 0.05 2.2175992 1.3874846 0.9411764705882353 48
0.2 0.5 2.5215697 1.7940191 0.9803921568627451 50
0.525 0.9 1.4013175 0.6594124 0.9019607843137255 46
0.39 0.35 1.9171259 0.87016004 0.9215686274509803 47
0.355 1.0 2.0269177 1.0166036 0.9411764705882353 48
0.305 0.45 2.3228111 1.4219167 0.9411764705882353 48
0.305 0.85 2.3416724 1.6958911 0.9607843137254902 49
0.395 0.05 1.9947205 1.0124016 0.9215686274509803 47
0.675 1.0 1.1381783 0.5844429 0.9607843137254902 49
1.0 0.6 1.1234789 0.4211953 0.9803921568627451 50
0.4 0.05 1.9148424 0.8584172 0.9215686274509803 47
0.525 0.45 1.403127 0.6546826 0.9019607843137255 46
0.55 0.7 1.3108562 0.6329466 0.9215686274509803 47
0.55 0.25 1.2923043 0.61491466 0.9215686274509803 47
0.55 0.3 1.3099957 0.63075364 0.9215686274509803 47
0.525 0.5 1.3936956 0.6524098 0.9215686274509803 47
0.31 1.0 2.210561 1.6461723 0.9607843137254902 49
0.625 0.4 1.1506026 0.58632934 0.9411764705882353 48
0.7 0.6 1.1518068 0.59208894 0.9607843137254902 49
0.575 0.45 1.2282572 0.61441755 0.9411764705882353 48
0.525 0.35 1.391738 0.6529737 0.9019607843137255 46
0.575 0.35 1.2340019 0.61573774 0.9411764705882353 48
0.525 0.6 1.4169931 0.6695693 0.9215686274509803 47
0.38 0.45 2.09725 1.1756386 0.9215686274509803 47
0.37 0.95 2.2058585 1.3295926 0.9215686274509803 47
0.4 0.1 1.9856806 0.9961298 0.9215686274509803 47
0.55 0.15 1.305354 0.6244916 0.9215686274509803 47
0.575 0.1 1.2314918 0.61300653 0.9411764705882353 48
0.55 0.55 1.3004972 0.6241139 0.9215686274509803 47
0.675 0.1 1.1467701 0.58820456 0.9411764705882353 48
0.55 1.0 1.3055036 0.62485564 0.9215686274509803 47
0.575 0.2 1.2304068 0.6091885 0.9411764705882353 48
0.6 0.95 1.181919 0.60542595 0.9411764705882353 48
0.37 0.15 1.9996357 1.0002211 0.9215686274509803 47
0.55 0.75 1.309707 0.6298761 0.9215686274509803 47
0.15 0.55 2.5070865 1.5891932 0.9215686274509803 47
0.55 0.4 1.306669 0.6271098 0.9215686274509803 47
0.575 0.25 1.219995 0.60543 0.9411764705882353 48
0.15 0.65 2.5709348 1.6360952 0.9411764705882353 48
0.575 0.4 1.2278951 0.6108191 0.9411764705882353 48
0.37 0.55 2.132309 1.2393318 0.9215686274509803 47
0.375 0.15 1.9214699 0.8488043 0.9215686274509803 47
0.55 0.95 1.2987772 0.6218035 0.9215686274509803 47
0.355 0.55 2.2350712 1.4771458 0.9411764705882353 48
0.625 0.05 1.1535709 0.5831682 0.9411764705882353 48
0.575 0.55 1.223826 0.6072999 0.9411764705882353 48
0.37 0.25 2.1317437 1.2001469 0.9411764705882353 48
0.55 0.8 1.3100474 0.62757474 0.9215686274509803 47
0.625 1.0 1.157429 0.58712876 0.9411764705882353 48
0.625 0.35 1.1509774 0.58350426 0.9411764705882353 48
0.625 0.45 1.1500496 0.5906908 0.9411764705882353 48
0.625 0.65 1.1638043 0.59494245 0.9411764705882353 48
0.625 0.3 1.1569874 0.5901 0.9411764705882353 48
0.625 0.75 1.1635358 0.5906 0.9411764705882353 48
0.37 0.5 2.1501625 1.2722995 0.9411764705882353 48
0.65 0.25 1.1523758 0.588115 0.9607843137254902 49
0.38 0.75 2.0572267 1.0893742 0.9215686274509803 47
0.36 0.6 2.186321 1.3941201 0.9411764705882353 48
0.625 0.8 1.159588 0.5888863 0.9411764705882353 48
0.38 0.8 2.0548396 1.0467299 0.9215686274509803 47
0.38 0.6 2.1249619 1.2377974 0.9215686274509803 47
0.625 0.5 1.1465929 0.58662355 0.9411764705882353 48
0.625 0.85 1.1510767 0.58902276 0.9411764705882353 48
0.65 0.05 1.1487935 0.5832494 0.9411764705882353 48
0.625 0.9 1.142716 0.5862822 0.9411764705882353 48
0.355 0.1 2.237181 1.4545383 0.9411764705882353 48
0.65 0.1 1.1464548 0.58646935 0.9607843137254902 49
0.625 0.25 1.1588206 0.5882834 0.9411764705882353 48
0.675 0.2 1.1494653 0.5876647 0.9607843137254902 49
0.675 0.25 1.1356106 0.580748 0.9607843137254902 49
0.675 0.55 1.1481111 0.587123 0.9607843137254902 49
0.675 0.45 1.1511934 0.5867312 0.9607843137254902 49
0.345 0.7 2.1869109 1.4958227 0.9411764705882353 48
0.65 0.15 1.1384636 0.58169305 0.9607843137254902 49
0.65 0.8 1.1511261 0.5837824 0.9607843137254902 49
0.355 0.4 1.9920651 0.8894191 0.9607843137254902 49
0.37 0.1 1.9065536 0.83081716 0.9411764705882353 48
0.65 0.7 1.1322335 0.5838491 0.9411764705882353 48
0.65 0.5 1.1484672 0.58356047 0.9411764705882353 48
0.35 0.75 2.1875777 1.4908289 0.9411764705882353 48
0.825 0.45 1.1706078 0.54973805 0.9803921568627451 50
0.875 0.15 1.1677353 0.49968034 1.0 51
0.525 0.3 1.405039 0.66933864 0.9215686274509803 47
0.525 0.7 1.3943847 0.65825415 0.9019607843137255 46
0.675 0.15 1.1396704 0.58521783 0.9607843137254902 49
0.65 0.9 1.1432574 0.5825793 0.9607843137254902 49
0.675 0.65 1.140413 0.5841282 0.9607843137254902 49
0.85 0.8 1.1680675 0.5228888 1.0 51
0.675 0.3 1.1298053 0.57848734 0.9607843137254902 49
0.975 0.55 1.1313586 0.42885807 1.0 51
0.975 0.3 1.1293352 0.43204096 0.9803921568627451 50
0.65 0.85 1.143712 0.58442694 0.9411764705882353 48
0.875 0.2 1.1703941 0.49841255 1.0 51
0.7 0.25 1.1436636 0.5875706 0.9607843137254902 49
0.675 0.35 1.1441654 0.588094 0.9411764705882353 48
0.38 0.65 2.1127067 1.209297 0.9215686274509803 47
0.305 0.4 2.4544597 1.7848847 0.9411764705882353 48
0.295 0.75 2.4945786 1.7213787 0.9411764705882353 48
0.37 0.65 2.0156562 1.0635071 0.9215686274509803 47
0.675 0.4 1.1466019 0.5846706 0.9607843137254902 49
0.575 0.8 1.2227981 0.60696787 0.9411764705882353 48
0.6 0.05 1.1847168 0.60203767 0.9411764705882353 48
0.375 0.45 2.1340005 1.2824805 0.9215686274509803 47
0.355 0.6 2.14202 1.3852377 0.9411764705882353 48
0.38 0.05 1.8036878 0.80627006 0.9215686274509803 47
0.365 0.9 2.1222482 1.2602587 0.9215686274509803 47
0.37 0.05 2.1843247 1.3259202 0.9215686274509803 47
0.36 0.95 2.2026038 1.3826771 0.9215686274509803 47
0.355 0.35 2.1665883 1.291382 0.9411764705882353 48
0.575 0.75 1.2251945 0.6087359 0.9411764705882353 48
0.38 0.5 1.8590523 0.8129591 0.9215686274509803 47
0.575 0.7 1.2244085 0.60252166 0.9411764705882353 48
0.7 0.05 1.1446455 0.5868249 0.9607843137254902 49
0.575 0.65 1.2256402 0.6042422 0.9411764705882353 48
0.575 0.6 1.2301252 0.6112915 0.9411764705882353 48
0.75 0.65 1.1627622 0.5872029 0.9607843137254902 49
0.45 0.45 1.7601225 0.78598315 0.9411764705882353 48
0.75 0.05 1.1616422 0.58455217 0.9607843137254902 49
0.7 0.2 1.1509998 0.5900192 0.9607843137254902 49
0.37 0.6 2.0857196 1.1855215 0.9411764705882353 48
0.375 0.25 1.940587 0.8515193 0.9411764705882353 48
0.35 0.55 2.1554444 1.4532514 0.9411764705882353 48
0.365 0.65 2.1527905 1.3264675 0.9411764705882353 48
0.355 0.8 1.9900421 1.0360905 0.9411764705882353 48
0.37 0.9 2.1635883 1.3347025 0.9215686274509803 47
0.75 0.1 1.1645187 0.5915967 0.9607843137254902 49
0.37 0.3 2.0846152 1.1000792 0.9215686274509803 47
0.37 0.7 1.9346405 0.8856767 0.9215686274509803 47
0.36 0.55 2.0721269 1.1514313 0.9411764705882353 48
0.345 0.55 1.9018074 1.0091618 0.9607843137254902 49
0.35 0.3 1.9384727 0.9406987 0.9607843137254902 49
0.355 0.15 2.12316 1.3279697 0.9411764705882353 48
0.345 0.4 2.13721 1.5218123 0.9411764705882353 48
0.355 0.5 2.260822 1.477306 0.9411764705882353 48
0.345 1.0 2.1502995 1.4981874 0.9411764705882353 48
0.35 0.9 2.144244 1.4145886 0.9411764705882353 48
0.35 0.25 2.0834925 1.410749 0.9411764705882353 48
0.375 0.75 2.1406267 1.2368959 0.9215686274509803 47
0.35 0.7 2.0756037 1.2102282 0.9411764705882353 48
0.355 0.95 2.2114096 1.4619759 0.9411764705882353 48
0.35 0.6 2.144506 1.4274929 0.9411764705882353 48
0.525 0.1 1.3899473 0.65450305 0.9019607843137255 46
0.525 0.15 1.4093859 0.6596674 0.9215686274509803 47
0.365 0.8 2.1569223 1.3631824 0.9411764705882353 48
0.36 0.2 2.0895278 1.0823786 0.9411764705882353 48
0.725 0.95 1.1607189 0.59369284 0.9607843137254902 49
0.925 0.55 1.1484444 0.4612623 1.0 51
0.35 0.45 2.1745026 1.4508014 0.9411764705882353 48
0.75 0.2 1.1600698 0.58297503 0.9607843137254902 49
0.36 0.8 1.8995148 0.86600155 0.9607843137254902 49
0.345 0.45 2.0270562 1.1707959 0.9607843137254902 49
0.34 0.95 2.1666799 1.6197844 0.9411764705882353 48
0.36 0.15 2.1716716 1.3478864 0.9411764705882353 48
0.75 0.15 1.1579044 0.58478093 0.9607843137254902 49
0.925 0.5 1.1571022 0.46448562 1.0 51
0.725 1.0 1.1501374 0.58556765 0.9607843137254902 49
0.75 0.25 1.1664891 0.5884804 0.9607843137254902 49
0.525 0.05 1.3899829 0.65896595 0.9215686274509803 47
0.36 0.35 1.942812 0.94512343 0.9411764705882353 48
0.355 0.3 2.1114202 1.2975634 0.9411764705882353 48
0.5 1.0 1.5316188 0.72976065 0.9019607843137255 46
0.65 0.45 1.1543682 0.5907171 0.9411764705882353 48
0.7 0.9 1.153064 0.59559596 0.9607843137254902 49
0.75 0.3 1.1624255 0.58358014 0.9607843137254902 49
0.75 0.4 1.1629716 0.58880574 0.9607843137254902 49
0.525 0.2 1.3971567 0.664131 0.9019607843137255 46
0.6 0.45 1.1815712 0.6005178 0.9411764705882353 48
0.85 0.2 1.1705484 0.5274825 1.0 51
0.75 0.9 1.167288 0.5916147 0.9607843137254902 49
0.65 0.55 1.1459986 0.5846895 0.9411764705882353 48
0.825 0.6 1.1741035 0.547087 0.9803921568627451 50
0.75 0.55 1.1597052 0.5852732 0.9607843137254902 49
0.925 0.4 1.1500188 0.4645525 1.0 51
0.825 0.9 1.1792091 0.54741627 1.0 51
0.425 0.85 1.9365084 1.0082628 0.9215686274509803 47
0.65 0.4 1.1521409 0.58314717 0.9411764705882353 48
0.39 0.3 1.8018835 0.81427884 0.9215686274509803 47
0.675 0.7 1.152459 0.58957714 0.9607843137254902 49
0.675 0.6 1.1542834 0.59204733 0.9411764705882353 48
0.425 0.65 1.8568106 0.8496326 0.9215686274509803 47
0.425 0.7 1.8064512 0.8109732 0.9215686274509803 47
0.75 0.35 1.1655045 0.58700997 0.9607843137254902 49
0.75 0.5 1.1641712 0.5849697 0.9803921568627451 50
0.425 0.35 1.9119236 0.95243496 0.9411764705882353 48
0.75 0.45 1.1650293 0.5896365 0.9607843137254902 49
0.525 0.25 1.3998264 0.65894574 0.9019607843137255 46
0.65 0.95 1.1467073 0.5820274 0.9411764705882353 48
0.425 0.9 1.9058402 0.94843686 0.9215686274509803 47
0.425 0.95 1.8572149 0.86965513 0.9215686274509803 47
0.65 0.2 1.1423008 0.58562046 0.9411764705882353 48
0.6 0.25 1.1760929 0.59981084 0.9411764705882353 48
0.65 1.0 1.1362921 0.57932335 0.9411764705882353 48
0.425 0.4 1.9090265 0.93334234 0.9411764705882353 48
0.7 0.85 1.1542189 0.5900379 0.9607843137254902 49
0.4 0.6 1.9176214 0.89207196 0.9215686274509803 47
0.425 0.2 1.7422562 0.76230353 0.9215686274509803 47
0.425 0.45 1.8979257 0.9382659 0.9215686274509803 47
0.725 0.65 1.1565894 0.5874721 0.9607843137254902 49
0.4 0.7 1.8917767 0.870636 0.9215686274509803 47
0.4 0.55 1.8481703 0.82707685 0.9215686274509803 47
0.425 1.0 1.8141931 0.8208015 0.9215686274509803 47
0.425 0.25 1.8098295 0.81020087 0.9411764705882353 48
0.4 0.75 1.9847221 0.99085265 0.9215686274509803 47
0.7 0.7 1.1494681 0.59056073 0.9607843137254902 49
0.7 0.35 1.1543273 0.59269327 0.9607843137254902 49
0.725 0.3 1.1526668 0.59332025 0.9607843137254902 49
0.725 0.05 1.148372 0.58356386 0.9607843137254902 49
0.425 0.15 1.900368 0.9464861 0.9215686274509803 47
0.7 0.3 1.1418515 0.5844756 0.9607843137254902 49
0.7 0.8 1.1529269 0.5929622 0.9607843137254902 49
0.7 0.95 1.1495106 0.58720905 0.9607843137254902 49
0.4 0.2 2.021834 1.0571246 0.9215686274509803 47
0.395 0.35 1.8964584 0.8532177 0.9215686274509803 47
0.395 0.95 1.9198643 0.86758226 0.9215686274509803 47
0.4 0.65 2.0055614 1.0407227 0.9215686274509803 47
0.725 0.25 1.1565206 0.5909333 0.9607843137254902 49
0.725 0.7 1.1483368 0.5836481 0.9607843137254902 49
0.725 0.75 1.1563215 0.5874345 0.9607843137254902 49
0.7 1.0 1.147936 0.58890474 0.9607843137254902 49
0.725 0.85 1.1566775 0.5932651 0.9607843137254902 49
0.725 0.15 1.1595671 0.59379387 0.9607843137254902 49
0.725 0.1 1.1541157 0.5904313 0.9607843137254902 49
0.725 0.2 1.1612871 0.58978295 0.9607843137254902 49
0.725 0.55 1.1506293 0.5852294 0.9607843137254902 49
0.725 0.6 1.1572491 0.5950134 0.9607843137254902 49
0.7 0.75 1.1548749 0.5944187 0.9607843137254902 49
0.725 0.9 1.1602762 0.5914787 0.9607843137254902 49
0.725 0.45 1.1530021 0.5894318 0.9607843137254902 49
0.65 0.35 1.1386503 0.58474874 0.9607843137254902 49
0.4 0.5 1.9632097 0.9454525 0.9215686274509803 47
0.725 0.8 1.1589371 0.59026057 0.9607843137254902 49
0.725 0.35 1.1620457 0.5941823 0.9607843137254902 49
0.725 0.4 1.157294 0.5937829 0.9607843137254902 49
0.725 0.5 1.1585267 0.5927304 0.9607843137254902 49
0.395 0.7 2.0341046 1.0490043 0.9215686274509803 47
0.4 0.4 1.9875677 0.9651317 0.9215686274509803 47
0.395 0.15 1.9260216 0.845276 0.9215686274509803 47
0.395 0.5 2.026911 1.0847442 0.9215686274509803 47