0.05 0.05 32.598520 23.575130 24.888803 0.803922 41 1.288782 1.202213 0.296794
0.05 0.10 30.188946 22.119840 21.454853 0.784314 40 1.592444 1.290760 0.931582
0.05 0.15 28.487880 32.258780 18.446348 0.823529 42 1.260997 1.121280 0.353382
0.05 0.20 31.428940 25.322535 23.752825 0.764706 39 1.929747 1.316078 1.915809
0.05 0.25 31.917301 26.504131 25.473710 0.803922 41 1.323571 1.321939 0.315968
0.05 0.30 28.532700 26.745820 20.263980 0.823529 42 1.299260 1.147683 0.367507
0.05 0.35 33.269844 33.137623 23.738543 0.823529 42 1.247599 1.078886 0.377872
0.05 0.40 29.357214 22.569332 22.228740 0.843137 43 1.299856 1.270105 0.293154
0.05 0.45 32.064240 33.791924 22.968304 0.843137 43 1.271381 1.138565 0.371266
0.05 0.50 29.576443 27.501217 20.307465 0.843137 43 1.263290 1.225499 0.333644
0.05 0.55 36.671790 31.817627 27.237267 0.843137 43 1.278261 1.163850 0.278537
0.05 0.60 27.224188 27.767036 18.981438 0.803922 41 1.395095 1.322278 0.354107
0.05 0.65 26.963694 26.957600 19.760690 0.823529 42 1.279199 1.090601 0.359371
0.05 0.70 30.193731 23.181957 24.798088 0.764706 39 1.477745 1.337686 0.540839
0.05 0.75 26.000854 17.512674 21.954388 0.823529 42 1.251436 1.176108 0.293876
0.05 0.80 30.377224 24.671707 23.425734 0.803922 41 1.229939 1.130325 0.317192
0.05 0.85 34.495945 22.981112 31.637695 0.823529 42 1.304765 1.217618 0.319221
0.05 0.90 29.426510 30.530201 19.943699 0.784314 40 1.610034 1.322746 0.861238
0.05 0.95 32.993446 26.102360 26.297174 0.843137 43 1.249086 1.092046 0.292760
0.05 1.00 29.050327 25.993137 22.375961 0.843137 43 1.221046 1.139019 0.336316
0.10 0.05 41.071250 11.695325 54.791267 0.843137 43 1.062191 1.025852 0.143302
0.10 0.10 44.646920  9.757543 63.907017 0.843137 43 1.041429 1.022765 0.151816
0.10 0.15 30.726013 12.482489 36.420784 0.823529 42 1.124590 1.033113 0.220730
0.10 0.20 42.513336 11.612766 54.572594 0.862745 44 1.097011 1.021249 0.241458
0.10 0.25 39.416940 10.565492 49.629040 0.843137 43 1.119742 1.018043 0.259662
0.10 0.30 41.290657 15.602160 55.176346 0.843137 43 1.086492 1.025479 0.216683
0.10 0.35 54.352776 13.646534 81.604126 0.843137 43 1.084948 1.022356 0.224970
0.10 0.40 42.054886 10.830360 59.093155 0.823529 42 1.121069 1.029171 0.220686
0.10 0.45 55.353443 16.239796 80.533430 0.843137 43 1.053146 1.018034 0.146485
0.10 0.50 41.020170 14.895475 54.651950 0.843137 43 1.087974 1.023604 0.209704
0.10 0.55 46.740500 11.497788 59.865524 0.843137 43 1.093872 1.018279 0.246276
0.10 0.60 38.619040 10.836110 47.736607 0.843137 43 1.080794 1.024846 0.202448
0.10 0.65 42.400610 13.156065 57.752490 0.843137 43 1.110033 1.032127 0.234379
0.10 0.70 37.744940 11.599523 54.818270 0.843137 43 1.089970 1.028382 0.164129
0.10 0.75 39.388510 11.152887 58.887610 0.862745 44 1.105267 1.032720 0.211680
0.10 0.80 42.610077 10.636324 65.041380 0.843137 43 1.122860 1.045100 0.185648
0.10 0.85 42.577946 12.734018 56.842330 0.843137 43 1.073834 1.017469 0.167061
0.10 0.90 33.830647 12.414313 43.419903 0.843137 43 1.096199 1.024257 0.155808
0.10 0.95 41.554314  9.313997 62.370590 0.843137 43 1.121304 1.028549 0.218130
0.10 1.00 41.411890 14.428352 57.840660 0.843137 43 1.090502 1.021657 0.159946
0.15 0.05  5.591733  4.652984  4.833120 0.823529 42 1.189698 1.170763 0.234235
0.15 0.10  4.533779  3.383042  3.460210 0.882353 45 1.169386 1.158679 0.198956
0.15 0.15  3.848777  3.407566  2.373839 0.862745 44 1.162158 1.124249 0.215249
0.15 0.20  4.082182  4.124111  2.915267 0.882353 45 1.113637 1.106332 0.209808
0.15 0.25  4.705680  2.593513  4.029514 0.843137 43 1.477898 1.095599 1.149984
0.15 0.30  4.038068  3.239149  2.715453 0.843137 43 1.313490 1.169682 0.471134
0.15 0.35  4.743373  3.430140  4.176192 0.862745 44 1.134841 1.087565 0.217126
0.15 0.40  3.407268  2.430488  2.393948 0.901961 46 1.176750 1.139737 0.301253
0.15 0.45  5.103812  4.300811  3.600826 0.862745 44 1.130662 1.063085 0.194209
0.15 0.50  3.755035  3.675713  2.217959 0.882353 45 1.145089 1.064409 0.265130
0.15 0.55  4.267327  3.039463  3.322457 0.843137 43 1.264504 1.119366 0.354685
0.15 0.60  5.272350  2.790662  5.382656 0.843137 43 1.214087 1.115976 0.301283
0.15 0.65  4.424990  4.143445  2.657228 0.843137 43 1.127217 1.131769 0.170275
0.15 0.70  4.174222  2.476568  3.371632 0.882353 45 1.385010 1.072626 0.923676
0.15 0.75  5.290750  3.700800  4.580384 0.862745 44 1.158718 1.142923 0.153002
0.15 0.80  3.593567  2.555471  2.678661 0.862745 44 1.385174 1.091708 0.738829
0.15 0.85  4.017123  2.996458  3.210502 0.862745 44 1.177658 1.066374 0.289803
0.15 0.90  4.523080  3.461428  3.552210 0.882353 45 1.156628 1.088999 0.191795
0.15 0.95  4.775744  3.650619  3.329176 0.823529 42 1.151480 1.062936 0.220657
0.15 1.00  4.043497  2.755248  3.205215 0.901961 46 1.223128 1.108521 0.320203
0.20 0.05  2.978827  3.018217  1.833999 0.901961 46 1.046253 1.038375 0.142582
0.20 0.10  2.332616  2.214546  1.615173 0.921569 47 1.185432 1.069613 0.325693
0.20 0.15  2.134672  1.827187  1.062605 0.921569 47 1.059827 0.992670 0.243121
0.20 0.20  3.003467  2.946161  1.898617 0.882353 45 1.334474 1.089923 0.794947
0.20 0.25  1.962107  1.732616  1.256268 0.921569 47 1.008929 0.949988 0.178510
0.20 0.30  2.280866  1.886246  1.483421 0.921569 47 1.047571 0.999153 0.202160
0.20 0.35  1.979473  1.684300  1.286468 0.960784 49 0.929703 0.875038 0.130699
0.20 0.40  2.718225  1.628507  1.915853 0.941176 48 1.261369 1.158852 0.496481
0.20 0.45  2.528383  1.683742  2.117461 0.901961 46 1.230475 0.981895 0.670744
0.20 0.50  2.341147  1.848516  1.472262 0.960784 49 1.057876 1.006551 0.188498
0.20 0.55  2.320172  1.702409  1.466270 0.941176 48 0.984183 0.956755 0.151945
0.20 0.60  2.784187  2.089370  1.948804 0.901961 46 1.290942 1.172402 0.498872
0.20 0.65  2.321333  2.079425  1.261201 0.921569 47 1.097390 1.097347 0.207074
0.20 0.70  1.938149  1.678947  1.202889 0.921569 47 1.045722 1.000340 0.230223
0.20 0.75  2.137205  1.875389  1.370304 0.882353 45 1.060735 0.990923 0.223679
0.20 0.80  2.159363  2.205229  1.332450 0.960784 49 1.015047 0.988084 0.119679
0.20 0.85  2.504846  2.252817  1.549773 0.941176 48 1.200786 1.080082 0.380857
0.20 0.90  2.363683  1.801838  1.722203 0.921569 47 1.102646 1.006013 0.319559
0.20 0.95  1.959141  1.590522  1.393422 0.960784 49 0.981556 0.927472 0.148767
0.20 1.00  2.028291  1.655173  2.049055 0.941176 48 1.166781 0.996185 0.514359
0.25 0.05  2.592867  1.595915  2.282820 0.921569 47 1.037864 0.979776 0.189813
0.25 0.10  1.776742  1.454133  0.865460 0.941176 48 1.044397 0.870721 0.252819
0.25 0.15  3.235305  1.876159  4.121046 0.941176 48 1.046494 0.913591 0.285822
0.25 0.20  2.596652  2.050664  1.979507 0.941176 48 0.999357 0.908479 0.200368
0.25 0.25  2.741175  1.568273  3.614946 0.941176 48 0.982108 0.878435 0.230450
0.25 0.30  2.032454  1.619147  1.605719 0.941176 48 1.002124 0.955426 0.199457
0.25 0.35  3.858652  2.284936  5.184463 0.921569 47 1.015313 0.948899 0.191733
0.25 0.40  2.367605  1.897178  1.686328 0.882353 45 1.110190 1.011189 0.335915
0.25 0.45  2.014616  1.951059  1.023799 0.901961 46 1.094032 0.923985 0.323968
0.25 0.50  3.299264  1.935186  3.595839 0.921569 47 0.992824 0.951220 0.210753
0.25 0.55  3.180434  1.657169  4.790128 0.921569 47 1.085742 0.956008 0.317016
0.25 0.60  2.336729  1.596766  2.059978 0.921569 47 1.042868 0.928261 0.288173
0.25 0.65  2.858052  1.776667  2.529024 0.921569 47 1.040795 1.045556 0.147983
0.25 0.70  2.030020  2.024610  0.877376 0.921569 47 1.126500 0.932508 0.333879
0.25 0.75  2.276670  1.945657  2.101154 0.921569 47 1.055010 0.942716 0.263054
0.25 0.80  3.001731  1.692375  4.126827 0.921569 47 1.046314 0.976257 0.285388
0.25 0.85  3.192773  1.936336  4.411303 0.960784 49 0.982473 0.893654 0.194711
0.25 0.90  2.228029  1.721273  1.804937 0.941176 48 1.061121 0.909027 0.331208
0.25 0.95  2.287502  2.069015  1.970680 0.941176 48 1.089122 1.084872 0.255416
0.25 1.00  2.252926  2.070693  1.513316 0.901961 46 1.112642 0.990100 0.356970
0.30 0.05  2.593582  1.583855  2.829647 0.941176 48 1.053014 0.940390 0.282120
0.30 0.10  2.405307  1.507205  2.865987 0.921569 47 1.049840 0.949153 0.302949
0.30 0.15  2.346835  1.422774  2.963135 0.941176 48 1.077978 0.937449 0.305790
0.30 0.20  2.361929  1.339952  2.940322 0.941176 48 1.051985 0.966267 0.247850
0.30 0.25  2.664086  1.777103  2.923618 0.921569 47 1.164866 1.055985 0.303921
0.30 0.30  2.476445  1.385865  2.818093 0.941176 48 1.123193 1.039060 0.284865
0.30 0.35  2.386823  1.398057  2.943014 0.960784 49 1.135441 1.148557 0.255606
0.30 0.40  2.565130  1.886597  2.839882 0.941176 48 1.055941 1.080685 0.196449
0.30 0.45  2.345990  1.571608  2.697272 0.941176 48 1.081540 0.991716 0.294773
0.30 0.45  2.457589  1.691280  2.796670 0.960784 49 1.064945 1.030400 0.276688
0.30 0.50  1.762362  1.315262  1.250784 0.960784 49 1.077779 0.998239 0.290575
0.30 0.55  2.558793  1.628514  3.037661 0.960784 49 1.140271 1.150152 0.301868
0.30 0.60  2.623804  1.650104  2.652315 0.941176 48 1.055469 1.096518 0.201952
0.30 0.65  2.911119  2.048606  2.703494 0.941176 48 1.023442 1.048276 0.168529
0.30 0.70  2.695275  1.686726  2.904785 0.960784 49 1.094549 1.177578 0.226989
0.30 0.75  2.549148  1.455701  2.959222 0.960784 49 1.152112 1.105856 0.301933
0.30 0.80  2.351817  1.416818  2.858190 0.941176 48 1.088957 0.958309 0.297893
0.30 0.85  2.327425  1.385309  2.699804 0.941176 48 1.076400 1.015316 0.249916
0.30 0.90  2.454446  1.581784  2.905019 0.941176 48 1.082939 1.052466 0.288972
0.30 0.95  3.272892  1.931811  3.660618 0.941176 48 0.971596 0.880994 0.173240
0.30 1.00  2.632978  1.661009  2.891155 0.921569 47 1.060711 0.940514 0.283414
0.35 0.05  2.514717  1.644634  2.690056 0.960784 49 1.038518 0.955078 0.204146
0.35 0.10  2.187986  1.470710  2.337315 0.901961 46 1.022808 0.996707 0.184565
0.35 0.15  2.262728  1.620901  2.424730 0.941176 48 1.058946 0.964822 0.195808
0.35 0.20  2.156962  1.434863  2.399430 0.921569 47 1.061936 0.984835 0.211798
0.35 0.25  2.051524  1.304436  2.252514 0.921569 47 1.021777 0.976455 0.192259
0.35 0.30  2.433357  1.515055  2.811678 0.921569 47 1.064280 0.985625 0.206086
0.35 0.35  2.366229  1.476038  2.666416 0.941176 48 1.038578 0.929419 0.219326
0.35 0.40  2.349589  1.616154  2.546017 0.921569 47 1.071628 1.027819 0.210724
0.35 0.45  2.175255  1.539775  2.010067 0.941176 48 1.036179 0.948804 0.220109
0.35 0.50  2.378405  1.657939  2.770408 0.921569 47 1.047807 0.972105 0.190964
0.35 0.55  2.354954  1.588977  2.482667 0.921569 47 1.094587 1.042102 0.202485
0.35 0.60  2.207860  1.475070  2.369146 0.941176 48 1.052728 0.950496 0.194268
0.35 0.65  2.296269  1.571545  2.439421 0.921569 47 1.049911 0.982893 0.217338
0.35 0.70  2.321735  1.474710  2.466450 0.921569 47 1.102873 1.105129 0.225361
0.35 0.75  2.229103  1.514367  2.313399 0.921569 47 1.061692 0.976904 0.212081
0.35 0.80  2.330830  1.564584  2.429022 0.921569 47 1.082936 1.093702 0.211225
0.35 0.85  2.184636  1.449698  2.248101 0.921569 47 1.093697 1.115214 0.248543
0.35 0.90  2.301373  1.696591  2.156957 0.921569 47 1.106154 1.174514 0.224578
0.35 0.95  2.273571  1.503893  2.750668 0.921569 47 1.059540 0.966523 0.221876
0.35 1.00  2.443183  1.761090  2.526936 0.921569 47 1.097319 1.112975 0.223202
0.40 0.05  1.927631  1.650866  1.727293 0.960784 49 0.982599 0.899192 0.186882
0.40 0.10  2.008194  1.803431  1.734055 0.960784 49 1.039197 1.045080 0.214227
0.40 0.15  1.950367  1.705973  1.694335 0.921569 47 1.003442 0.914773 0.204957
0.40 0.20  1.945215  1.611308  1.670379 0.941176 48 1.011447 0.978302 0.199193
0.40 0.25  1.985879  1.789394  1.743633 0.941176 48 1.034256 1.049661 0.203496
0.40 0.30  2.014334  1.622649  1.820804 0.941176 48 0.987178 0.889193 0.195994
0.40 0.35  1.932791  1.637992  1.755792 0.921569 47 0.981646 0.898733 0.185743
0.40 0.40  1.914813  1.548530  1.814698 0.941176 48 0.989684 0.890814 0.197853
0.40 0.45  1.933221  1.663897  1.735906 0.941176 48 0.983025 0.922135 0.183392
0.40 0.50  1.970451  1.733053  1.700678 0.921569 47 1.031096 1.035696 0.201442
0.40 0.55  1.959861  1.632154  1.819229 0.941176 48 0.998688 0.922714 0.194098
0.40 0.60  1.930781  1.469303  1.787342 0.941176 48 1.001097 0.954361 0.180199
0.40 0.65  1.907018  1.383549  1.764824 0.960784 49 0.982698 0.921260 0.178975
0.40 0.70  1.949042  1.438351  1.735991 0.941176 48 0.970838 0.882482 0.183911
0.40 0.75  2.012923  1.763027  1.716880 0.960784 49 1.029757 1.038665 0.191480
0.40 0.80  2.006829  1.669287  1.785861 0.941176 48 1.032403 1.014856 0.205278
0.40 0.85  1.937818  1.412282  1.861431 0.921569 47 0.995470 0.916328 0.192170
0.40 0.90  1.992959  1.817410  1.723961 0.960784 49 1.030020 1.006934 0.211212
0.40 0.95  1.893304  1.425849  1.728694 0.941176 48 0.992692 0.956396 0.180009
0.40 1.00  1.942498  1.709445  1.781335 0.960784 49 0.978111 0.874375 0.187968
0.45 0.05  1.722000  1.446654  1.440562 0.941176 48 1.002356 0.960985 0.196731
0.45 0.10  1.820998  1.497529  1.653656 0.941176 48 1.010391 0.938464 0.218015
0.45 0.15  1.847957  1.485681  1.563612 0.921569 47 0.988291 0.945486 0.186894
0.45 0.20  1.815549  1.465156  1.663898 0.960784 49 0.975070 0.902604 0.175341
0.45 0.25  1.733856  1.406000  1.481510 0.941176 48 0.997143 0.971548 0.183502
0.45 0.30  1.671259  1.400148  1.404620 0.921569 47 1.005267 0.960225 0.207140
0.45 0.35  1.433717  1.428521  0.827663 0.941176 48 0.981929 0.949913 0.172277
0.45 0.40  1.766059  1.437273  1.572018 0.960784 49 0.993155 0.946589 0.182470
0.45 0.45  1.826843  1.447909  1.682618 0.921569 47 0.981646 0.927492 0.180760
0.45 0.50  1.823026  1.461213  1.705212 0.941176 48 0.994066 0.938707 0.185021
0.45 0.55  1.764587  1.305042  1.591477 0.980392 50 0.980600 0.932771 0.183226
0.45 0.60  1.755352  1.394589  1.521931 0.960784 49 0.986770 0.946428 0.184973
0.45 0.65  1.714235  1.463338  1.358175 0.960784 49 0.991652 0.938769 0.197382
0.45 0.70  1.752355  1.349928  1.566073 0.941176 48 0.983738 0.957006 0.183763
0.45 0.75  1.786510  1.420737  1.623198 0.921569 47 0.996873 0.958460 0.189408
0.45 0.80  1.736011  1.560411  1.289710 0.960784 49 0.992994 0.927332 0.197787
0.45 0.85  1.801268  1.502625  1.601889 0.941176 48 1.009761 0.955594 0.197745
0.45 0.90  1.759976  1.482414  1.397647 0.941176 48 0.993678 0.964461 0.187993
0.45 0.95  1.801817  1.498189  1.678388 0.921569 47 0.988984 0.957808 0.178239
0.45 1.00  1.704375  1.382291  1.396424 0.941176 48 0.985004 0.943754 0.185048
0.50 0.05  1.580744  1.147820  1.327704 0.921569 47 1.018072 0.941635 0.225400
0.50 0.10  1.251376  1.191892  0.625602 0.960784 49 1.025791 0.854215 0.362227
0.50 0.15  1.209221  1.170745  0.623225 0.941176 48 1.052256 0.847192 0.448950
0.50 0.20  1.597315  1.234823  1.322711 0.921569 47 1.051606 0.996560 0.228006
0.50 0.25  1.601300  1.180567  1.378267 0.941176 48 0.986769 0.944447 0.184931
0.50 0.30  1.611125  1.150576  1.438343 0.960784 49 0.981753 0.920029 0.184590
0.50 0.35  1.614055  1.137280  1.398162 0.960784 49 0.960437 0.875016 0.180307
0.50 0.40  1.642986  1.170694  1.450929 0.941176 48 0.956811 0.864915 0.178655
0.50 0.45  1.580651  1.234803  1.317312 0.941176 48 0.993246 0.934885 0.193371
0.50 0.50  1.618059  1.203302  1.464726 0.941176 48 1.003421 0.942879 0.195817
0.50 0.55  1.626108  1.163624  1.470038 0.941176 48 0.967510 0.899949 0.174058
0.50 0.60  1.601392  1.181717  1.399873 0.941176 48 0.994087 0.945882 0.188703
0.50 0.65  1.569738  1.228276  1.324047 0.960784 49 0.989814 0.933033 0.193319
0.50 0.70  1.615870  1.235377  1.394047 0.941176 48 0.995719 0.937169 0.188118
0.50 0.75  1.588443  1.142051  1.323557 0.941176 48 0.960508 0.864154 0.189069
0.50 0.80  1.631589  1.193865  1.433289 0.941176 48 0.957704 0.866324 0.181503
0.50 0.85  1.598684  1.159985  1.355494 0.960784 49 0.977929 0.932443 0.184941
0.50 0.90  1.571190  1.139101  1.373181 0.960784 49 0.984491 0.937106 0.190490
0.50 0.95  1.586682  1.201924  1.390598 0.941176 48 0.984194 0.936482 0.187138
0.50 1.00  1.578342  1.215552  1.314539 0.960784 49 1.007735 0.986140 0.183240
0.55 0.05  1.441335  1.016444  1.138507 0.941176 48 0.964541 0.894005 0.193368
0.55 0.10  1.431812  1.034645  1.096514 0.941176 48 0.967965 0.888274 0.201572
0.55 0.15  1.383938  1.011460  1.015481 0.941176 48 0.974023 0.912896 0.210799
0.55 0.20  1.169067  1.070424  0.599986 0.921569 47 1.057343 0.924425 0.380388
0.55 0.25  1.440829  1.033402  1.137339 0.941176 48 0.964334 0.884588 0.197491
0.55 0.30  1.488894  1.036837  1.242478 0.941176 48 0.963534 0.913339 0.185233
0.55 0.35  1.457257  0.946603  1.182589 0.941176 48 0.962383 0.891606 0.182770
0.55 0.40  1.446509  1.124778  1.095608 0.941176 48 0.985430 0.931845 0.192797
0.55 0.45  1.389451  1.043215  1.003497 0.941176 48 0.968340 0.879808 0.212652
0.55 0.50  1.427782  1.054407  1.085539 0.941176 48 0.971765 0.899229 0.194239
0.55 0.55  1.496035  1.149066  1.163763 0.941176 48 0.982380 0.929805 0.179441
0.55 0.60  1.441580  1.091433  1.105779 0.941176 48 0.977456 0.895530 0.186268
0.55 0.65  1.489191  0.959167  1.271852 0.941176 48 0.952835 0.894523 0.180252
0.55 0.70  1.441172  0.993393  1.156274 0.941176 48 0.968268 0.890489 0.187477
0.55 0.75  1.286476  1.150110  0.707807 0.921569 47 1.008886 0.917359 0.259156
0.55 0.80  1.166643  1.038767  0.595237 0.921569 47 1.032008 0.885470 0.384322
0.55 0.85  1.468736  1.078914  1.196502 0.941176 48 0.977470 0.913088 0.175849
0.55 0.90  1.448793  1.074096  1.130963 0.941176 48 0.986957 0.930353 0.180382
0.55 0.95  1.475923  1.116735  1.178248 0.941176 48 0.971706 0.916022 0.182835
0.55 1.00  1.446789  1.022738  1.147665 0.941176 48 0.962286 0.885291 0.195096
0.60 0.05  1.281269  0.988953  0.810207 0.941176 48 0.991316 0.919646 0.224890
0.60 0.10  1.119017  1.002882  0.569509 0.941176 48 1.012343 0.925865 0.283928
0.60 0.15  1.324571  1.018116  0.875916 0.941176 48 0.988698 0.944976 0.214773
0.60 0.20  1.336188  1.006107  0.916349 0.941176 48 0.987236 0.939252 0.205057
0.60 0.25  1.093074  0.990930  0.567359 0.960784 49 1.067708 0.895768 0.482765
0.60 0.30  1.284267  0.962107  0.843886 0.941176 48 0.969160 0.910008 0.226814
0.60 0.35  1.092663  0.986528  0.565560 0.960784 49 0.993149 0.907318 0.265802
0.60 0.40  1.374386  0.973376  1.042569 0.921569 47 1.006919 0.915893 0.221994
0.60 0.45  1.121623  0.996447  0.573988 0.941176 48 0.991880 0.917605 0.241704
0.60 0.50  1.224046  0.980235  0.699487 0.941176 48 0.997044 0.926892 0.259809
0.60 0.55  1.339806  1.028316  0.918689 0.941176 48 0.987891 0.927227 0.204880
0.60 0.60  1.096468  0.957198  0.567858 0.960784 49 1.008033 0.904933 0.313731
0.60 0.65  1.247888  0.938370  0.789138 0.941176 48 0.990071 0.940247 0.236393
0.60 0.70  1.242337  0.910821  0.748788 0.941176 48 0.981251 0.914205 0.248264
0.60 0.75  1.116253  0.969903  0.577012 0.960784 49 1.047774 0.904662 0.418903
0.60 0.80  1.115694  0.919025  0.574188 0.941176 48 1.038408 0.918766 0.408580
0.60 0.85  1.290027  0.999828  0.851112 0.941176 48 0.981301 0.913338 0.219376
0.60 0.90  1.121633  1.009969  0.570785 0.941176 48 1.010041 0.921073 0.291369
0.60 0.95  1.088993  0.925259  0.573119 0.941176 48 1.053025 0.916113 0.455438
0.60 1.00  1.274185  1.011115  0.745388 0.941176 48 0.999204 0.928179 0.240676
0.65 0.05  1.054158  0.906329  0.553693 0.921569 47 1.063085 0.925247 0.432588
0.65 0.10  1.075778  0.951365  0.551309 0.960784 49 0.972995 0.909386 0.188592
0.65 0.15  1.076999  0.962382  0.564980 0.941176 48 0.977612 0.923764 0.201964
0.65 0.20  1.122982  0.982458  0.582659 0.960784 49 1.006579 0.906326 0.284681
0.65 0.25  1.095920  0.950852  0.562333 0.960784 49 0.985570 0.916447 0.249283
0.65 0.30  1.054178  0.901046  0.543118 0.941176 48 0.961453 0.911248 0.140888
0.65 0.35  1.120531  0.980900  0.549654 0.960784 49 1.005604 0.912441 0.251914
0.65 0.40  1.050805  0.875935  0.549342 0.960784 49 0.981483 0.901110 0.186847
0.65 0.45  1.173223  0.992183  0.619199 0.941176 48 1.003745 0.916679 0.284392
0.65 0.50  1.199667  0.914719  0.703227 0.941176 48 0.997201 0.922326 0.262883
0.65 0.55  1.096446  0.985019  0.556129 0.960784 49 0.990357 0.911757 0.230394
0.65 0.60  1.040794  0.916064  0.556586 0.941176 48 0.949256 0.910040 0.121508
0.65 0.65  1.168547  0.946052  0.634154 0.921569 47 1.003355 0.914596 0.283633
0.65 0.70  1.142585  0.983106  0.604927 0.941176 48 1.004743 0.913788 0.290010
0.65 0.75  1.120698  0.937165  0.573721 0.960784 49 1.000250 0.902332 0.277446
0.65 0.80  1.068627  0.945511  0.542997 0.941176 48 1.072946 0.905024 0.494541
0.65 0.85  1.183482  0.933437  0.660117 0.941176 48 0.994657 0.902591 0.273505
0.65 0.90  1.074245  0.958323  0.547569 0.941176 48 0.958011 0.915166 0.159818
0.65 0.95  1.076576  0.950435  0.549633 0.921569 47 1.066379 0.916235 0.472015
0.65 1.00  1.070127  0.969722  0.543177 0.941176 48 1.074003 0.907695 0.502752
0.70 0.05  1.057678  0.956859  0.542328 0.941176 48 0.962050 0.911837 0.145081
0.70 0.10  1.027717  0.921424  0.539232 0.941176 48 0.999807 0.950949 0.169686
0.70 0.15  1.039403  0.872355  0.549133 0.960784 49 0.950756 0.919474 0.116697
0.70 0.20  1.048060  0.875788  0.538305 0.960784 49 0.966751 0.919940 0.142256
0.70 0.25  1.026800  0.856879  0.541785 0.941176 48 0.958284 0.910129 0.150088
0.70 0.30  1.039625  0.869661  0.539611 0.960784 49 0.944047 0.911186 0.115465
0.70 0.35  1.047753  0.974332  0.526554 0.960784 49 0.965088 0.900138 0.155837
0.70 0.40  1.027781  0.876376  0.536460 0.941176 48 0.944433 0.897906 0.114027
0.70 0.45  1.024599  0.866887  0.543214 0.941176 48 0.959952 0.919085 0.135348
0.70 0.50  1.031277  0.910501  0.530408 0.960784 49 0.950300 0.891216 0.138061
0.70 0.55  1.014423  0.866229  0.537096 0.960784 49 0.987971 0.898244 0.214528
0.70 0.60  1.071507  0.931325  0.543735 0.941176 48 1.004143 0.900232 0.242772
0.70 0.65  1.029565  0.876772  0.540079 0.980392 50 0.945861 0.903870 0.102943
0.70 0.70  1.019441  0.860344  0.534204 0.941176 48 0.994449 0.900221 0.241766
0.70 0.75  1.022878  0.863458  0.529675 0.960784 49 0.992389 0.897288 0.251389
0.70 0.80  1.030972  0.869346  0.542120 0.941176 48 0.955952 0.920269 0.116112
0.70 0.85  1.028521  0.863536  0.545158 0.980392 50 0.931699 0.901237 0.099162
0.70 0.90  1.043024  0.925997  0.530065 0.960784 49 0.963817 0.905428 0.154774
0.70 0.95  1.054879  0.938415  0.539900 0.941176 48 0.995736 0.916344 0.191343
0.70 1.00  1.034034  0.856465  0.541919 0.960784 49 1.013409 0.909410 0.257406
0.75 0.05  1.009446  0.867790  0.523537 0.960784 49 0.945515 0.905883 0.111670
0.75 0.10  1.008576  0.863243  0.526861 0.980392 50 0.933538 0.903814 0.092794
0.75 0.15  1.010988  0.865994  0.521234 0.960784 49 0.959962 0.904493 0.137753
0.75 0.20  1.022684  0.881722  0.530488 0.941176 48 0.966437 0.923609 0.150353
0.75 0.25  0.999850  0.863518  0.524282 0.980392 50 0.939027 0.900012 0.092664
0.75 0.30  1.008660  0.882586  0.518926 0.960784 49 0.962421 0.904550 0.153478
0.75 0.35  1.018072  0.868776  0.525804 0.960784 49 0.938154 0.923210 0.096324
0.75 0.40  1.010311  0.877307  0.525260 0.980392 50 0.938658 0.914332 0.093649
0.75 0.45  1.008764  0.868079  0.520040 0.980392 50 0.935464 0.909350 0.094955
0.75 0.50  1.004449  0.855470  0.520289 0.960784 49 0.951067 0.904210 0.118421
0.75 0.55  1.053368  0.956171  0.525432 0.941176 48 0.980717 0.921603 0.162763
0.75 0.60  1.020715  0.929714  0.523789 0.960784 49 0.969123 0.905351 0.157293
0.75 0.65  0.998290  0.859926  0.518909 0.980392 50 0.938653 0.907128 0.094495
0.75 0.70  1.033049  0.921199  0.527120 0.941176 48 0.976736 0.929833 0.168033
0.75 0.75  1.014634  0.868017  0.521333 0.980392 50 0.940716 0.916269 0.105595
0.75 0.80  1.017080  0.884904  0.526869 0.960784 49 0.965674 0.914679 0.154431
0.75 0.85  1.015476  0.866447  0.530024 0.960784 49 0.943981 0.924008 0.096378
0.75 0.90  1.012484  0.868908  0.522595 0.980392 50 0.947410 0.911241 0.104746
0.75 0.95  1.000120  0.861895  0.505663 0.980392 50 0.929581 0.906009 0.097525
0.75 1.00  1.017939  0.860301  0.521358 0.960784 49 0.950282 0.927662 0.098794
0.80 0.05  0.995290  0.840459  0.515142 0.960784 49 0.961898 0.919330 0.118945
0.80 0.10  1.001778  0.909794  0.509368 0.960784 49 0.992253 0.911928 0.199822
0.80 0.15  1.000621  0.847956  0.516560 0.941176 48 0.970158 0.931059 0.121983
0.80 0.20  1.000471  0.917628  0.502765 0.960784 49 0.989466 0.917458 0.185885
0.80 0.25  0.994268  0.847810  0.509448 0.960784 49 0.937894 0.914249 0.106321
0.80 0.30  0.991711  0.842051  0.509097 0.960784 49 0.959750 0.917917 0.116661
0.80 0.35  0.999558  0.854881  0.517549 0.960784 49 0.941494 0.937906 0.088158
0.80 0.40  0.991787  0.851962  0.508216 0.980392 50 0.931857 0.916655 0.092541
0.80 0.45  0.994664  0.843437  0.514417 0.960784 49 0.946447 0.932035 0.096432
0.80 0.50  0.999876  0.845237  0.513377 0.960784 49 0.950883 0.936689 0.100072
0.80 0.55  1.001972  0.855444  0.515801 0.960784 49 0.947042 0.927908 0.106014
0.80 0.60  0.979258  0.852308  0.494769 0.960784 49 0.971018 0.918739 0.136083
0.80 0.65  0.995057  0.850233  0.511938 0.980392 50 0.942408 0.917880 0.090653
0.80 0.70  1.002585  0.870080  0.504685 0.941176 48 0.980641 0.930231 0.170961
0.80 0.75  0.992028  0.853515  0.500867 0.980392 50 1.001634 0.961604 0.165210
0.80 0.80  1.011044  0.914890  0.514925 0.941176 48 1.000095 0.933796 0.195813
0.80 0.85  0.996995  0.870164  0.511167 0.941176 48 0.982830 0.937405 0.150218
0.80 0.90  0.995388  0.855365  0.516066 0.960784 49 0.948666 0.932994 0.096484
0.80 0.95  0.996508  0.894878  0.503432 0.960784 49 0.979591 0.915311 0.176216
0.80 1.00  0.998219  0.887808  0.504133 0.960784 49 0.986304 0.918216 0.189674
0.85 0.05  0.987517  0.844497  0.506896 0.941176 48 0.978650 0.944073 0.131816
0.85 0.10  0.999716  0.890717  0.503759 0.941176 48 0.997991 0.940509 0.180063
0.85 0.15  0.996365  0.895818  0.500119 0.941176 48 0.997580 0.944051 0.184398
0.85 0.20  0.988883  0.891600  0.496512 0.941176 48 1.011835 0.941165 0.203336
0.85 0.25  0.994911  0.875313  0.500851 0.941176 48 0.998931 0.946425 0.186511
0.85 0.30  0.986653  0.842746  0.506328 0.941176 48 0.964395 0.945057 0.100091
0.85 0.35  0.991161  0.908990  0.494252 0.960784 49 1.002893 0.923503 0.211279
0.85 0.40  0.996952  0.889431  0.502762 0.941176 48 1.000710 0.943762 0.190890
0.85 0.45  0.976047  0.873822  0.486378 0.960784 49 0.987487 0.922613 0.176938
0.85 0.50  0.989043  0.850927  0.508602 0.960784 49 0.958158 0.951219 0.098865
0.85 0.55  0.995632  0.917945  0.493236 0.941176 48 1.004441 0.928241 0.202844
0.85 0.60  0.983669  0.845410  0.505459 0.941176 48 0.965778 0.941083 0.109086
0.85 0.65  0.986232  0.879214  0.493669 0.960784 49 0.999902 0.932301 0.190945
0.85 0.70  0.991043  0.862999  0.503399 0.921569 47 1.003134 0.945102 0.172207
0.85 0.75  0.985316  0.848875  0.504405 0.980392 50 0.961868 0.932336 0.103633
0.85 0.80  0.994715  0.885211  0.500748 0.941176 48 1.001327 0.938556 0.190845
0.85 0.85  0.993119  0.918559  0.492970 0.960784 49 1.002710 0.928766 0.201324
0.85 0.90  0.992040  0.859536  0.506939 0.921569 47 0.994118 0.945503 0.156967
0.85 0.95  0.981095  0.879693  0.492107 0.960784 49 0.989148 0.931500 0.178803
0.85 1.00  0.980921  0.885058  0.492175 0.960784 49 0.998036 0.924798 0.200239
0.90 0.05  0.988912  0.902648  0.492897 0.941176 48 1.010201 0.948138 0.201098
0.90 0.10  0.986769  0.879076  0.490101 0.941176 48 1.032332 0.969222 0.193372
0.90 0.15  0.981174  0.862475  0.494919 0.941176 48 1.010065 0.951414 0.177587
0.90 0.20  0.972078  0.863141  0.485503 0.941176 48 1.007893 0.940623 0.183990
0.90 0.25  0.979105  0.885389  0.486379 0.941176 48 1.019643 0.957531 0.217783
0.90 0.30  0.973893  0.850834  0.495202 0.980392 50 0.948977 0.927784 0.093025
0.90 0.35  0.969439  0.857899  0.488385 0.980392 50 0.948592 0.922461 0.107391
0.90 0.40  0.973014  0.860082  0.497261 0.921569 47 1.001731 0.953808 0.153082
0.90 0.45  0.980850  0.883560  0.491444 0.941176 48 1.021754 0.952698 0.212398
0.90 0.50  0.969848  0.858828  0.487156 0.960784 49 0.978430 0.958505 0.128679
0.90 0.55  0.978394  0.859426  0.492797 0.960784 49 1.008259 0.957023 0.175694
0.90 0.60  0.976721  0.862855  0.488374 0.960784 49 1.000968 0.952365 0.179702
0.90 0.65  0.969238  0.856163  0.491610 0.960784 49 0.964456 0.934534 0.116594
0.90 0.70  0.986236  0.897962  0.492210 0.941176 48 1.015804 0.955702 0.201910
0.90 0.75  0.970801  0.857347  0.488364 0.960784 49 0.988982 0.954581 0.134740
0.90 0.80  0.979490  0.888176  0.485939 0.960784 49 1.009105 0.950651 0.199243
0.90 0.85  0.980546  0.877490  0.492147 0.960784 49 1.001226 0.937027 0.186308
0.90 0.90  0.968736  0.853506  0.487692 0.960784 49 0.999693 0.961793 0.171863
0.90 0.95  0.977104  0.859283  0.490343 0.941176 48 1.010298 0.950711 0.178486
0.90 1.00  0.972501  0.857195  0.492105 0.960784 49 0.979026 0.941125 0.124973
0.95 0.05  0.970614  0.865207  0.481734 0.960784 49 1.020309 0.981901 0.191939
0.95 0.10  0.961380  0.865207  0.482198 0.941176 48 1.001238 0.977623 0.157217
0.95 0.15  0.956884  0.863146  0.481788 0.941176 48 0.991171 0.979469 0.137195
0.95 0.20  0.956555  0.860516  0.481341 0.960784 49 0.984520 0.980340 0.126244
0.95 0.25  0.974303  0.873507  0.487904 0.921569 47 1.029446 0.982871 0.196647
0.95 0.30  0.970432  0.876697  0.484990 0.921569 47 1.050532 0.974853 0.219114
0.95 0.35  0.972472  0.888179  0.479992 0.960784 49 1.032344 0.977988 0.223762
0.95 0.40  0.964530  0.879157  0.476276 0.960784 49 1.038140 0.980052 0.216565
0.95 0.45  0.972264  0.866144  0.485504 0.941176 48 1.021354 0.973010 0.187024
0.95 0.50  0.967717  0.870766  0.482977 0.960784 49 1.019134 0.974672 0.195779
0.95 0.55  0.972024  0.895319  0.479634 0.941176 48 1.035216 0.976476 0.220743
0.95 0.60  0.962180  0.864132  0.479795 0.960784 49 0.994264 0.986089 0.139796
0.95 0.65  0.967542  0.869018  0.485177 0.941176 48 1.021890 0.967829 0.178897
0.95 0.70  0.956390  0.859812  0.483218 0.960784 49 0.981049 0.944414 0.142150
0.95 0.75  0.966534  0.865349  0.486429 0.921569 47 1.011972 0.977334 0.154805
0.95 0.80  0.977151  0.892944  0.481832 0.941176 48 1.026050 0.978228 0.201808
0.95 0.85  0.960278  0.864764  0.482030 0.941176 48 0.997337 0.974901 0.149989
0.95 0.90  0.952774  0.866498  0.481447 0.941176 48 0.998478 0.970660 0.153905
0.95 0.95  0.972524  0.862964  0.487182 0.941176 48 1.014776 0.974739 0.172173
0.95 1.00  0.965606  0.882806  0.476051 0.921569 47 1.050950 0.972954 0.238075
1.00 0.05  0.957365  0.864723  0.478184 0.960784 49 1.015645 0.978506 0.179070
1.00 0.10  0.969063  0.872350  0.476800 0.941176 48 1.031030 0.994787 0.199506
1.00 0.15  0.956731  0.868074  0.478007 0.960784 49 0.978305 0.966500 0.118071
1.00 0.20  0.961863  0.871133  0.475959 0.941176 48 1.021408 0.994986 0.167239
1.00 0.25  0.956469  0.871212  0.474857 0.941176 48 1.021955 0.991806 0.169220
1.00 0.30  0.969514  0.871273  0.481706 0.921569 47 1.032204 0.991151 0.189995
1.00 0.35  0.964382  0.870934  0.477678 0.941176 48 1.036725 0.991705 0.189657
1.00 0.40  0.955524  0.863238  0.476103 0.960784 49 0.993805 0.987790 0.134015
1.00 0.45  0.959869  0.869411  0.476880 0.941176 48 1.021608 0.992307 0.178916
1.00 0.50  0.963902  0.871012  0.475267 0.941176 48 1.035015 0.996592 0.180912
1.00 0.55  0.961933  0.866964  0.478270 0.941176 48 1.015093 0.991779 0.174789
1.00 0.60  0.971292  0.877033  0.477526 0.921569 47 1.044045 0.987414 0.214299
1.00 0.65  0.960865  0.870669  0.475425 0.941176 48 1.029046 0.991216 0.184973
1.00 0.70  0.957815  0.875530  0.474475 0.921569 47 1.047875 0.988468 0.225683
1.00 0.75  0.966966  0.874501  0.475602 0.960784 49 1.031848 0.993367 0.186637
1.00 0.80  0.968589  0.882649  0.475621 0.941176 48 1.038933 0.992953 0.207686
1.00 0.85  0.959011  0.873271  0.475945 0.960784 49 1.024456 0.977882 0.198657
1.00 0.90  0.963249  0.881174  0.472391 0.921569 47 1.050259 0.989047 0.223807
1.00 0.95  0.959761  0.871154  0.475838 0.941176 48 1.015731 0.991618 0.154283
1.00 1.00  0.958713  0.870975  0.476092 0.941176 48 1.019190 0.988656 0.174541