lengthscale l2regularizer rmse_mean rmse_median rmse_std pi_cov pi_sum nll_mean nll_median nll_std

0.05 0.05 3.632113 3.635578 0.559550 0.941176 48 1.109150 0.979457 0.292681
0.05 0.10 3.642934 3.808660 0.655428 0.901961 46 1.226591 1.205401 0.339032
0.05 0.15 3.519999 3.542981 0.805736 0.921569 47 1.261542 1.122928 0.396403
0.05 0.20 3.870978 3.946699 0.728243 0.882353 45 1.412301 1.331414 0.543641
0.05 0.25 3.846309 3.873618 0.851060 0.882353 45 1.293189 1.068762 0.510716
0.05 0.30 3.434521 3.573084 0.700889 0.921569 47 1.157111 1.045018 0.295699
0.05 0.35 3.608887 4.280485 1.266656 0.941176 48 1.170538 1.027844 0.370719
0.05 0.40 3.522012 3.408334 0.833969 0.941176 48 1.206336 1.071518 0.320498
0.05 0.45 4.077399 4.235392 0.645772 0.941176 48 1.110084 1.153183 0.222343
0.05 0.50 3.990369 3.894166 0.654900 0.921569 47 1.270042 1.134561 0.462657
0.05 0.55 3.777646 3.820981 0.798535 0.882353 45 1.456646 1.290462 0.626654
0.05 0.60 3.984451 4.169002 1.294987 0.921569 47 1.171901 1.071813 0.334252
0.05 0.65 3.886621 4.109616 1.178100 0.901961 46 1.126281 1.100344 0.255605
0.05 0.70 4.426228 4.573168 0.909834 0.941176 48 1.003961 0.943900 0.184822
0.05 0.75 3.948165 3.838517 1.108430 0.921569 47 1.156463 1.014936 0.372445
0.05 0.80 3.761802 3.807784 0.628975 0.960784 49 1.130949 0.968596 0.338461
0.05 0.85 3.842675 3.633136 1.148738 0.941176 48 1.060747 0.995998 0.240842
0.05 0.90 4.143282 4.232682 0.805297 0.941176 48 1.231741 0.933590 0.776610
0.05 0.95 3.894634 3.840053 0.575744 0.941176 48 1.362127 1.208753 0.599175
0.05 1.00 3.571572 3.706319 0.665583 0.862745 44 1.772596 1.276888 1.458071
0.10 0.05 2.636818 2.252346 1.383752 0.941176 48 1.115449 1.034422 0.284531
0.10 0.10 3.019530 3.034402 0.948717 0.901961 46 1.177688 1.109069 0.331043
0.10 0.15 3.291149 2.950772 1.263942 0.921569 47 1.094042 1.046269 0.252515
0.10 0.20 2.954528 2.546530 1.186513 0.921569 47 1.205163 1.125432 0.373483
0.10 0.25 3.219677 3.207261 1.091053 0.901961 46 0.996620 0.897221 0.233959
0.10 0.30 2.489705 2.333160 1.092558 0.960784 49 1.186571 0.950881 0.447364
0.10 0.35 2.767586 2.715093 1.086319 0.921569 47 1.041404 0.986981 0.208618
0.10 0.40 3.002703 3.015041 0.905431 0.882353 45 1.103971 1.049514 0.238363
0.10 0.45 3.208070 3.075402 1.110155 0.960784 49 1.065278 1.102846 0.166558
0.10 0.50 2.956032 3.363085 1.350835 0.960784 49 1.009096 0.994888 0.140973
0.10 0.55 2.635121 2.556720 1.280339 0.901961 46 1.073686 0.983975 0.287221
0.10 0.60 2.766418 2.201938 1.379401 0.901961 46 1.109058 0.972741 0.381972
0.10 0.65 3.325114 3.309528 0.740618 0.901961 46 1.083129 1.111847 0.181219
0.10 0.70 2.805305 2.775585 0.791800 0.901961 46 1.035319 1.025697 0.201354
0.10 0.75 2.943360 2.595221 1.223515 0.901961 46 1.080333 1.028582 0.175100
0.10 0.80 3.095194 3.134315 1.529019 0.960784 49 1.077799 1.003499 0.318569
0.10 0.85 3.268545 3.691535 1.074019 0.960784 49 1.005716 0.969270 0.168992
0.10 0.90 3.075428 3.305820 0.800538 0.921569 47 1.004994 1.009928 0.127991
0.10 0.95 2.896069 2.808841 0.765845 0.921569 47 1.086101 1.064392 0.261187
0.10 1.00 2.937373 3.083473 1.136885 0.921569 47 1.074985 0.939042 0.291610
0.15 0.05 2.363225 2.190472 1.252359 0.941176 48 1.018229 0.950282 0.218808
0.15 0.10 2.525095 2.379050 1.299591 0.960784 49 1.049022 0.870499 0.300616
0.15 0.15 2.188606 1.896940 1.259249 0.901961 46 1.253517 1.252517 0.263508
0.15 0.20 2.362997 2.075840 1.068820 0.960784 49 1.035554 1.005266 0.269279
0.15 0.25 2.253147 2.225828 1.054080 0.941176 48 1.316531 0.946029 0.600384
0.15 0.30 2.099283 1.890747 1.212138 0.941176 48 1.057341 0.914883 0.416856
0.15 0.35 2.420541 2.293903 0.905294 0.901961 46 1.022517 0.929496 0.264229
0.15 0.40 2.125829 1.662993 1.125811 0.980392 50 1.089345 0.988232 0.361907
0.15 0.45 2.147986 1.953661 1.107747 0.901961 46 1.230484 1.197155 0.319932
0.15 0.50 1.744438 1.582694 0.974696 0.941176 48 1.369794 0.914888 1.339700
0.15 0.55 2.358510 1.855161 1.393019 0.941176 48 1.196440 0.925572 0.527782
0.15 0.60 2.351711 1.953555 1.059905 0.941176 48 0.907612 0.839285 0.152961
0.15 0.65 2.650340 2.730902 1.197680 0.941176 48 1.032469 0.980384 0.244495
0.15 0.70 2.747158 2.128779 1.153976 0.960784 49 1.076427 1.039256 0.250500
0.15 0.75 2.707388 2.618756 1.019272 0.941176 48 0.948832 0.903284 0.139791
0.15 0.80 2.403785 2.478237 0.856627 0.921569 47 1.019240 1.002514 0.177303
0.15 0.85 2.494343 2.031421 1.188625 0.882353 45 1.045730 1.016830 0.214765
0.15 0.90 2.128821 1.935863 0.920297 0.960784 49 1.039254 0.987250 0.209065
0.15 0.95 2.125561 2.063922 0.712800 0.960784 49 0.969045 0.983601 0.109831
0.15 1.00 2.412327 2.328276 1.343271 0.921569 47 1.159054 0.906515 0.434564
0.20 0.05 2.025990 1.815651 1.158603 0.941176 48 1.005557 0.922781 0.241462
0.20 0.10 1.758111 1.501791 0.819142 0.901961 46 1.057369 1.068316 0.217736
0.20 0.15 2.427461 2.038475 1.445406 0.941176 48 1.117913 0.998470 0.314421
0.20 0.20 2.102878 1.671817 1.265641 0.960784 49 0.930997 0.857686 0.164922
0.20 0.25 1.628811 1.285711 0.972254 0.941176 48 1.154747 0.838489 0.494481
0.20 0.30 1.516688 1.306941 1.045846 0.980392 50 0.992486 0.973224 0.164024
0.20 0.35 1.633641 1.288820 1.068254 0.941176 48 1.144579 0.864180 0.619314
0.20 0.40 1.770693 1.503851 0.951132 0.960784 49 1.017500 0.912731 0.237195
0.20 0.45 1.683533 1.530253 0.905697 0.980392 50 0.957131 0.852949 0.180172
0.20 0.50 1.986426 1.615321 1.131749 0.921569 47 1.083924 0.920424 0.378466
0.20 0.55 1.865841 1.620494 1.155467 0.960784 49 1.073582 1.059123 0.245516
0.20 0.60 2.119750 1.466307 1.469421 0.960784 49 0.943408 0.877424 0.154318
0.20 0.65 2.078183 2.147378 0.959410 0.941176 48 1.096436 1.060759 0.256957
0.20 0.70 1.725886 1.517978 0.761147 0.960784 49 1.017376 0.872752 0.340287
0.20 0.75 1.968489 1.425926 1.517346 0.941176 48 0.971131 0.883822 0.220557
0.20 0.80 1.665043 1.253142 0.883184 0.941176 48 1.064002 0.835113 0.425874
0.20 0.85 1.905946 1.705546 1.163455 0.980392 50 1.051643 0.975600 0.216406
0.20 0.90 1.708418 1.424333 0.860297 0.921569 47 1.018084 0.890773 0.300843
0.20 0.95 1.702792 1.529664 0.837642 0.901961 46 1.098127 1.036853 0.253911
0.20 1.00 1.788806 1.363487 0.906350 0.921569 47 1.036722 0.970181 0.301358
0.25 0.05 2.147526 2.177571 1.320198 0.941176 48 1.078502 1.037058 0.306973
0.25 0.10 1.934993 1.849487 1.161775 0.960784 49 0.953045 0.876679 0.189736
0.25 0.15 1.943240 1.822252 1.135592 0.980392 50 0.931984 0.859666 0.160680
0.25 0.20 2.006785 1.553009 1.384902 0.960784 49 1.053931 1.028579 0.253812
0.25 0.25 1.770203 1.565376 0.919397 0.921569 47 1.111004 0.930415 0.428942
0.25 0.30 1.535302 1.310673 0.987584 0.980392 50 1.007907 0.938125 0.196716
0.25 0.35 1.782121 1.674794 0.898814 0.960784 49 0.928078 0.838885 0.209845
0.25 0.40 1.781055 1.521939 1.097252 0.960784 49 1.061851 0.989248 0.216358
0.25 0.45 1.900080 1.845314 1.004382 0.921569 47 1.076704 1.021746 0.235086
0.25 0.50 1.747014 1.386598 0.930269 0.980392 50 1.047880 0.904578 0.301430
0.25 0.55 1.791178 1.576378 1.092357 0.941176 48 1.061803 1.004685 0.251567
0.25 0.60 1.805033 1.587943 1.151397 0.941176 48 1.125529 1.101835 0.288570
0.25 0.65 1.638156 1.426418 0.841184 0.941176 48 1.057004 0.954421 0.224689
0.25 0.70 1.618485 1.511393 0.749974 0.941176 48 1.006390 0.929640 0.208965
0.25 0.75 1.535503 1.198931 0.896234 0.960784 49 0.989038 0.905757 0.183588
0.25 0.80 1.638643 1.341214 0.998950 0.941176 48 0.956260 0.923574 0.118709
0.25 0.85 1.632691 1.533954 0.853540 0.980392 50 0.952770 0.870355 0.204341
0.25 0.90 1.672995 1.374215 0.951589 0.960784 49 1.042999 1.020305 0.194473
0.25 0.95 1.982583 1.722749 1.020478 0.960784 49 1.040829 1.035075 0.195364
0.25 1.00 1.837042 1.660262 1.209760 0.921569 47 1.061018 0.969314 0.260731
0.30 0.05 1.638611 1.535686 0.929116 0.941176 48 1.143333 0.981100 0.485094
0.30 0.15 1.896392 1.711827 1.050400 0.941176 48 1.020354 0.907037 0.235437
0.30 0.20 1.563135 1.466776 0.808588 0.941176 48 1.051470 0.922707 0.303615
0.30 0.25 1.555838 1.216956 1.034943 0.921569 47 1.070914 0.963082 0.259665
0.30 0.30 1.789988 1.419552 1.127154 0.901961 46 1.069226 1.006133 0.236888
0.30 0.35 1.804336 1.852227 1.020645 0.921569 47 1.066819 0.924223 0.305294
0.30 0.40 1.720695 1.483595 1.000441 0.941176 48 1.112961 0.983111 0.318992
0.30 0.45 1.496857 1.395837 0.674353 0.921569 47 1.049811 0.961326 0.258557
0.30 0.50 1.645637 1.507616 0.872680 0.941176 48 0.940045 0.952719 0.107408
0.30 0.55 1.561779 1.396279 1.027076 0.980392 50 0.939710 0.936780 0.099687
0.30 0.60 1.601282 1.537189 0.898392 0.901961 46 1.076260 1.009361 0.242122
0.30 0.65 1.680296 1.545827 0.894203 0.960784 49 0.997502 0.884620 0.266611
0.30 0.70 1.536460 1.457529 0.745546 0.901961 46 1.090230 1.043720 0.262183
0.30 0.75 1.532711 1.167493 0.916034 0.941176 48 0.949974 0.854279 0.211711
0.30 0.80 1.730530 1.590475 1.146200 0.941176 48 0.969148 0.926768 0.164711
0.30 0.85 1.420138 1.477170 0.723604 0.960784 49 1.015164 0.970961 0.185607
0.30 0.90 1.700322 1.554116 0.961518 0.901961 46 1.050359 1.021510 0.232109
0.30 0.95 1.805909 1.982534 1.001186 0.921569 47 0.994435 0.994330 0.133906
0.30 1.00 1.863259 1.586611 1.095975 0.941176 48 1.091380 0.970296 0.295640
0.35 0.05 1.283250 1.028057 0.770031 0.941176 48 1.111778 1.046880 0.270800
0.35 0.10 1.389627 1.376464 0.744950 0.901961 46 1.103069 1.014427 0.322108
0.35 0.15 1.710999 1.295889 1.065277 0.901961 46 1.034176 0.921556 0.250613
0.35 0.20 1.613018 1.572362 0.838479 0.901961 46 1.075611 0.912266 0.300720
0.35 0.25 1.521059 1.379265 0.736746 0.960784 49 1.037240 1.074239 0.172632
0.35 0.30 1.431419 1.468737 0.737313 0.901961 46 1.117176 1.056868 0.262682
0.35 0.35 1.520438 1.379711 0.845019 0.960784 49 1.016131 0.878453 0.227077
0.35 0.40 1.601201 1.575769 0.865580 0.980392 50 1.000997 0.875792 0.234475
0.35 0.45 1.806037 1.438962 1.243939 0.921569 47 1.133642 1.021527 0.341380
0.35 0.50 1.529487 1.243036 0.800005 0.941176 48 1.037667 0.976591 0.217984
0.35 0.55 1.381994 1.265633 0.774532 0.941176 48 0.990719 0.927124 0.197223
0.35 0.60 1.579249 1.300839 0.875063 0.960784 49 1.058199 0.959581 0.237498
0.35 0.65 1.565683 1.460417 0.797427 0.921569 47 1.149771 1.102451 0.334510
0.35 0.70 1.358391 1.491339 0.631001 0.960784 49 0.989687 0.918422 0.189579
0.35 0.75 1.525646 1.468213 0.714183 0.941176 48 1.143225 0.978250 0.346461
0.35 0.80 1.646844 1.572100 1.049481 0.941176 48 1.031136 0.861973 0.272647
0.35 0.85 1.561193 1.289594 0.986382 0.941176 48 1.100355 0.861041 0.431081
0.35 0.90 1.546167 1.497070 1.015861 0.960784 49 1.036563 0.874849 0.279937
0.35 0.95 1.381549 1.373426 0.693766 0.960784 49 1.056964 0.977854 0.218507
0.35 1.00 1.436043 1.285255 0.715910 0.941176 48 0.981179 0.913786 0.175483
0.40 0.05 1.279696 1.118413 0.586413 0.960784 49 0.988126 0.942440 0.171896
0.40 0.10 1.424667 1.299313 0.579923 0.941176 48 1.082924 0.971092 0.258077
0.40 0.15 1.396723 1.279996 0.630633 0.941176 48 1.041499 1.053957 0.216202
0.40 0.20 1.266156 1.289149 0.509045 0.901961 46 1.033100 0.929695 0.238863
0.40 0.25 1.368359 1.303386 0.736201 0.941176 48 1.018438 0.918789 0.230111
0.40 0.30 1.462593 1.384762 0.708197 0.941176 48 1.019390 0.887747 0.265179
0.40 0.35 1.330002 1.165801 0.608228 0.921569 47 1.214871 0.931196 0.530853
0.40 0.40 1.406061 1.393166 0.646796 0.921569 47 1.030888 0.977394 0.200747
0.40 0.45 1.379861 1.148513 0.715645 0.941176 48 0.941207 0.846024 0.206006
0.40 0.50 1.448330 1.537510 0.796210 0.960784 49 1.010469 0.912149 0.211060
0.40 0.55 1.368709 1.287879 0.617366 0.941176 48 1.094863 1.091001 0.266608
0.40 0.60 1.596404 1.517644 1.085811 0.941176 48 1.001914 0.895106 0.199619
0.40 0.65 1.477831 1.337588 0.754060 0.941176 48 1.053148 0.977956 0.241714
0.40 0.70 1.313338 1.531618 0.624896 0.960784 49 1.040164 0.974435 0.225002
0.40 0.75 1.360591 1.363770 0.610705 0.941176 48 1.022626 0.961543 0.204958
0.40 0.80 1.332113 1.422411 0.544713 0.960784 49 0.961479 0.899034 0.158194
0.40 0.85 1.302874 1.189787 0.553181 0.921569 47 1.107537 1.096108 0.264783
0.40 0.90 1.381324 1.310914 0.796778 0.960784 49 0.974113 0.898118 0.179984
0.40 0.95 1.419305 1.428881 0.563659 0.941176 48 1.043230 0.987055 0.203139
0.40 1.00 1.484108 1.441957 0.682987 0.941176 48 0.966876 0.905443 0.173131
0.45 0.05 1.320388 1.364658 0.676893 0.960784 49 1.051192 1.044787 0.180423
0.45 0.10 1.365016 1.187023 0.654481 0.960784 49 0.946610 0.860602 0.196582
0.45 0.15 1.197282 1.215767 0.609322 0.941176 48 0.985777 0.952344 0.182276
0.45 0.20 1.349852 1.338746 0.535782 0.941176 48 1.051975 0.916148 0.247254
0.45 0.25 1.362093 1.356558 0.605850 0.941176 48 1.062071 0.953081 0.232871
0.45 0.30 1.244081 1.358767 0.592717 0.941176 48 1.009749 0.897297 0.237756
0.45 0.35 1.379811 1.384124 0.681126 0.960784 49 1.013847 0.916967 0.210006
0.45 0.40 1.262622 1.318902 0.571485 0.941176 48 1.037386 0.940246 0.258862
0.45 0.45 1.404221 1.380855 0.626537 0.941176 48 1.058522 0.931772 0.277468
0.45 0.50 1.324692 1.406781 0.529565 0.921569 47 1.149864 1.144112 0.291035
0.45 0.55 1.358448 1.229850 0.631634 0.960784 49 1.068015 0.939401 0.253388
0.45 0.60 1.236564 1.247130 0.546876 0.941176 48 1.013368 0.914505 0.205366
0.45 0.65 1.262218 1.207939 0.608442 0.960784 49 0.950816 0.859037 0.156641
0.45 0.70 1.420402 1.328361 0.672196 0.980392 50 0.987361 0.929919 0.190269
0.45 0.75 1.221654 1.027100 0.514620 0.921569 47 1.058191 0.992496 0.235237
0.45 0.80 1.368576 1.298306 0.652829 0.960784 49 0.947620 0.872907 0.177983
0.45 0.85 1.420060 1.392307 0.707160 0.960784 49 0.985626 0.966984 0.142194
0.45 0.90 1.197064 1.158858 0.698250 0.941176 48 1.049946 0.986695 0.247368
0.45 0.95 1.399396 1.419989 0.651072 0.941176 48 1.041571 0.929992 0.256234
0.45 1.00 1.217230 1.257092 0.600375 0.941176 48 1.005929 0.975361 0.186623
0.50 0.05 1.295363 1.475068 0.586589 0.941176 48 0.981287 0.916741 0.189062
0.50 0.10 1.171142 0.972106 0.560063 0.980392 50 0.955235 0.844402 0.182975
0.50 0.15 1.255216 1.214920 0.497783 0.941176 48 0.983022 0.919320 0.161609
0.50 0.20 1.237977 1.231468 0.551222 0.941176 48 0.988898 0.895253 0.211722
0.50 0.25 1.282526 1.261433 0.528918 0.941176 48 1.077452 0.958261 0.308800
0.50 0.30 1.273588 1.262103 0.526430 0.960784 49 1.004840 0.922482 0.221854
0.50 0.35 1.269156 1.260912 0.629114 0.960784 49 0.970554 0.900150 0.188310
0.50 0.40 1.375924 1.455690 0.612605 0.941176 48 1.030991 0.968856 0.205767
0.50 0.45 1.248846 1.157876 0.469622 0.960784 49 1.076361 0.912626 0.346513
0.50 0.50 1.140418 1.099745 0.590733 0.980392 50 0.932125 0.887011 0.138818
0.50 0.55 1.142910 1.172295 0.510953 0.941176 48 1.008594 1.010408 0.167254
0.50 0.60 1.185490 1.349803 0.553386 0.980392 50 0.990603 0.898725 0.178544
0.50 0.65 1.366148 1.369775 0.765938 0.960784 49 0.979490 0.908955 0.160544
0.50 0.70 1.379528 1.223126 0.720093 0.960784 49 1.021506 0.936584 0.206161
0.50 0.75 1.190469 1.189591 0.573450 0.960784 49 1.004221 0.935011 0.199111
0.50 0.80 1.220063 1.194533 0.560908 0.941176 48 1.018334 0.971706 0.175575
0.50 0.85 1.207736 1.098893 0.494476 0.960784 49 0.999029 1.006213 0.123238
0.50 0.90 1.091882 1.010089 0.520976 0.980392 50 0.934602 0.873513 0.157359
0.50 0.95 1.232484 1.185537 0.529990 0.960784 49 1.070408 1.053116 0.164162
0.50 1.00 1.224524 1.293853 0.553283 0.960784 49 1.045838 0.909234 0.357154
0.55 0.05 1.211865 1.070528 0.673764 0.960784 49 0.939098 0.850588 0.159103
0.55 0.10 1.216153 1.268657 0.553618 1.000000 51 0.908796 0.897382 0.094930
0.55 0.15 1.321478 1.281456 0.460469 0.941176 48 1.035847 1.021621 0.193108
0.55 0.20 1.145586 1.074536 0.526273 0.960784 49 0.968344 0.827935 0.231784
0.55 0.25 1.294616 1.321810 0.475459 0.941176 48 1.136001 0.982011 0.382110
0.55 0.30 1.123705 1.141566 0.506592 0.960784 49 1.001971 0.945281 0.189753
0.55 0.35 1.170811 0.949324 0.656487 0.960784 49 0.977041 0.895400 0.208309
0.55 0.40 1.275953 1.326309 0.574471 0.960784 49 0.985143 0.900528 0.180177
0.55 0.45 1.161272 1.178529 0.514028 0.941176 48 0.989879 0.957239 0.183997
0.55 0.50 1.240595 1.297336 0.546224 0.980392 50 0.963374 0.899449 0.163667
0.55 0.55 1.239909 1.024430 0.479905 0.941176 48 1.067644 1.023521 0.221103
0.55 0.60 1.262639 1.226095 0.531081 0.960784 49 0.994156 0.986171 0.139886
0.55 0.65 1.144126 1.334509 0.553802 0.960784 49 0.970188 0.899712 0.194992
0.55 0.70 1.249608 1.317118 0.504791 0.980392 50 0.947603 0.913257 0.136486
0.55 0.75 1.114383 1.159802 0.546865 0.980392 50 0.957736 0.901968 0.165534
0.55 0.80 1.213587 1.193211 0.452388 0.921569 47 1.092641 0.986809 0.300016
0.55 0.85 1.220923 1.183435 0.562362 0.921569 47 1.071898 0.923317 0.309118
0.55 0.90 1.167163 1.151580 0.547129 0.941176 48 0.992822 0.950417 0.170872
0.55 0.95 1.250131 1.292582 0.495844 0.980392 50 1.046675 0.891341 0.299777
0.55 1.00 1.131204 1.102811 0.463896 0.980392 50 0.978031 0.901838 0.209512
0.60 0.05 1.131660 1.135877 0.497389 0.960784 49 0.967273 0.904737 0.175673
0.60 0.10 1.237531 0.963058 0.766183 0.960784 49 0.972236 0.860674 0.216725
0.60 0.15 1.111650 1.104134 0.533254 0.941176 48 1.006452 0.960555 0.183422
0.60 0.20 1.167211 1.163814 0.460206 0.980392 50 0.940672 0.871984 0.163821
0.60 0.25 1.238468 1.190938 0.447403 0.960784 49 1.015877 0.976990 0.179378
0.60 0.30 1.171824 1.094400 0.409666 0.960784 49 1.026628 0.908680 0.275363
0.60 0.35 1.211602 1.209942 0.520218 0.960784 49 0.970370 0.901560 0.188961
0.60 0.40 1.173731 1.169414 0.479486 0.980392 50 0.978561 0.960618 0.120454
0.60 0.45 1.154869 1.100493 0.544411 0.980392 50 0.954943 0.892054 0.174962
0.60 0.50 1.147535 1.161096 0.503750 0.960784 49 0.943518 0.922415 0.126431
0.60 0.55 1.107636 1.052818 0.521981 0.941176 48 1.016061 0.882257 0.274627
0.60 0.60 1.133307 1.120672 0.490531 0.980392 50 0.971392 0.955117 0.127383
0.60 0.65 1.095770 1.129982 0.456737 0.960784 49 0.956874 0.930209 0.156277
0.60 0.70 1.217030 1.220892 0.498471 0.941176 48 1.015133 0.919938 0.205302
0.60 0.75 1.137064 1.115877 0.487733 0.960784 49 0.948598 0.922357 0.136631
0.60 0.80 1.114282 0.990066 0.477697 0.980392 50 0.916140 0.851918 0.118047
0.60 0.85 1.214998 1.251262 0.579341 0.960784 49 1.008507 0.967108 0.180835
0.60 0.90 1.179550 1.188978 0.516882 1.000000 51 0.912329 0.885389 0.101799
0.60 0.95 1.243387 1.109800 0.605334 0.980392 50 0.926591 0.900201 0.117250
0.60 1.00 1.190218 1.201922 0.526645 0.960784 49 0.966315 0.947225 0.138972
0.65 0.05 1.113467 1.044001 0.491739 0.960784 49 0.970719 0.935937 0.165211
0.65 0.10 1.058050 0.969671 0.490669 0.980392 50 0.966992 0.931883 0.129059
0.65 0.15 1.100694 0.998891 0.476012 0.960784 49 0.988938 0.997482 0.157143
0.65 0.20 1.105221 1.088152 0.500820 0.960784 49 0.951317 0.984720 0.108127
0.65 0.25 1.104367 1.078161 0.493708 0.960784 49 0.934638 0.907767 0.126003
0.65 0.30 1.041492 0.940595 0.491272 0.960784 49 0.939272 0.959102 0.118715
0.65 0.35 1.143835 1.101496 0.471229 0.960784 49 1.009248 0.958328 0.181952
0.65 0.40 1.100595 1.094057 0.499519 0.960784 49 1.076670 0.952275 0.403350
0.65 0.45 1.101004 1.146152 0.399233 0.960784 49 1.012690 0.962507 0.193814
0.65 0.50 1.119107 1.089560 0.508409 0.960784 49 1.028819 1.028552 0.209741
0.65 0.55 1.134025 1.159290 0.478329 0.960784 49 1.015582 0.918616 0.244556
0.65 0.60 1.117850 1.120213 0.487632 0.960784 49 1.007284 0.937960 0.206356
0.65 0.65 1.131876 1.079498 0.498859 0.960784 49 0.948106 0.908249 0.151577
0.65 0.70 1.095922 0.974958 0.517397 0.980392 50 0.982275 0.969418 0.137727
0.65 0.75 1.122862 1.068770 0.506224 0.960784 49 0.920297 0.881477 0.125544
0.65 0.80 1.332158 1.247594 0.606441 0.941176 48 1.086096 1.027391 0.211016
0.65 0.85 1.112166 1.084404 0.481289 0.960784 49 1.014032 0.980234 0.165916
0.65 0.90 1.080621 1.093215 0.436086 0.960784 49 0.957031 0.872527 0.162202
0.65 0.95 1.136764 1.125126 0.495845 0.960784 49 1.008708 1.000076 0.124620
0.65 1.00 1.103384 1.103016 0.514387 0.980392 50 0.977924 0.971249 0.157004
0.70 0.05 1.033601 0.861330 0.507980 0.980392 50 0.980143 0.946454 0.155949
0.70 0.10 1.099122 1.054114 0.508829 0.960784 49 1.007829 0.939710 0.209706
0.70 0.15 1.065058 0.967988 0.453132 0.960784 49 0.986348 1.008053 0.141474
0.70 0.20 1.099502 1.033603 0.513944 0.960784 49 1.022634 0.900951 0.253384
0.70 0.25 1.084838 0.994151 0.473939 0.960784 49 0.974248 1.015137 0.110858
0.70 0.30 1.068541 1.029751 0.536730 0.980392 50 0.954345 0.910332 0.149124
0.70 0.35 1.143638 1.012638 0.465576 0.941176 48 1.113123 1.035020 0.280142
0.70 0.40 1.048106 0.981870 0.490791 0.960784 49 1.092069 1.004500 0.259144
0.70 0.45 1.085923 1.021120 0.465791 0.960784 49 0.982296 0.964179 0.163226
0.70 0.50 1.057816 0.947180 0.465348 0.941176 48 0.965599 0.922423 0.163833
0.70 0.55 1.051611 0.929537 0.532519 0.980392 50 0.952136 0.926577 0.157365
0.70 0.60 1.142805 1.034675 0.737515 0.960784 49 0.982197 0.994451 0.137921
0.70 0.65 1.126363 1.089914 0.439009 0.960784 49 0.996926 0.960567 0.161462
0.70 0.70 1.081316 0.950560 0.487095 0.980392 50 0.944542 0.929604 0.130866
0.70 0.75 1.095869 1.001903 0.474077 0.960784 49 1.010443 1.015595 0.170918
0.70 0.80 0.977010 0.866402 0.440141 0.980392 50 0.953106 0.884967 0.158012
0.70 0.85 1.045469 0.951285 0.515735 0.960784 49 1.088829 0.996381 0.313639
0.70 0.90 1.085460 0.964172 0.479236 0.960784 49 0.973806 0.973572 0.107678
0.70 0.95 1.114162 1.039901 0.498754 0.941176 48 1.002193 0.941922 0.232636
0.70 1.00 1.050664 1.009169 0.486508 0.980392 50 0.995995 1.010156 0.139076
0.75 0.05 1.045717 0.925185 0.480140 0.960784 49 0.987865 0.956537 0.152744
0.75 0.10 1.003891 0.802664 0.481693 0.941176 48 1.050479 0.953979 0.222351
0.75 0.15 1.075192 1.017964 0.508666 0.941176 48 0.986847 0.942996 0.150857
0.75 0.20 1.082149 0.984625 0.483145 0.980392 50 0.942474 0.906182 0.124888
0.75 0.25 1.085724 1.067502 0.490617 0.960784 49 1.018476 0.958762 0.188634
0.75 0.30 1.123322 0.998993 0.507896 0.960784 49 0.988690 0.911981 0.210314
0.75 0.35 1.012937 0.918212 0.407498 0.941176 48 0.912785 0.852703 0.124765
0.75 0.40 1.075245 0.939012 0.447505 0.960784 49 1.025250 1.030730 0.137837
0.75 0.45 1.023940 0.852951 0.483049 0.960784 49 0.982142 0.959913 0.166855
0.75 0.50 1.083768 0.994166 0.469121 0.960784 49 1.029432 0.978050 0.195142
0.75 0.55 1.019324 0.865210 0.496929 0.980392 50 0.900495 0.832073 0.142555
0.75 0.60 1.056104 0.973850 0.510697 0.960784 49 0.995359 0.964467 0.159858
0.75 0.65 1.071723 1.016866 0.475736 0.960784 49 0.934457 0.874790 0.160401
0.75 0.70 1.062181 0.866398 0.525002 0.941176 48 0.987503 0.952625 0.144811
0.75 0.75 1.096914 1.068851 0.483995 0.960784 49 1.027376 1.038104 0.184232
0.75 0.80 1.028690 0.893695 0.486353 0.960784 49 0.932161 0.898231 0.141227
0.75 0.85 1.058971 0.941024 0.493545 0.941176 48 0.997149 0.990047 0.180792
0.75 0.90 1.071222 0.958579 0.482770 0.960784 49 1.093146 0.926169 0.427937
0.75 0.95 1.002610 0.983324 0.401311 0.960784 49 0.978333 0.878725 0.249820
0.75 1.00 1.025453 0.972081 0.447120 0.960784 49 1.031727 0.937208 0.242180
0.80 0.05 1.071470 0.979733 0.459436 0.941176 48 1.015413 0.966051 0.212466
0.80 0.10 0.998821 0.922740 0.470425 0.980392 50 0.955978 0.895743 0.161728
0.80 0.15 1.012009 0.893960 0.392771 0.960784 49 1.010402 0.949298 0.178151
0.80 0.20 0.995587 0.792598 0.485961 0.941176 48 0.989787 0.924011 0.180736
0.80 0.25 1.061382 0.968368 0.502322 0.941176 48 1.034678 0.895439 0.252825
0.80 0.30 1.146465 1.042503 0.404243 0.921569 47 1.066167 1.044626 0.191602
0.80 0.35 1.061357 0.923274 0.464456 0.960784 49 1.076244 1.032711 0.212689
0.80 0.40 1.029500 0.979716 0.484984 0.980392 50 0.993547 0.909928 0.210922
0.80 0.45 1.037586 0.991492 0.497842 0.960784 49 0.969194 0.962637 0.133480
0.80 0.50 1.161302 0.983072 0.509256 0.941176 48 1.118123 1.105576 0.217555
0.80 0.55 0.941283 0.895286 0.420251 0.960784 49 0.997037 0.891632 0.225641
0.80 0.60 1.115798 0.922076 0.664007 0.960784 49 0.980589 0.947882 0.153781
0.80 0.65 1.020184 0.930449 0.401557 0.960784 49 0.999275 0.895022 0.201322
0.80 0.70 1.080400 0.915720 0.588456 0.980392 50 0.944181 0.891301 0.161827
0.80 0.75 1.095528 1.055187 0.464882 0.960784 49 0.970044 0.898061 0.182959
0.80 0.80 1.054363 0.967788 0.465072 0.960784 49 0.999011 1.013232 0.152806
0.80 0.85 1.074115 0.973697 0.433226 0.960784 49 0.989024 0.946841 0.136973
0.80 0.90 1.033465 0.908203 0.450881 0.960784 49 1.029464 0.967754 0.223518
0.80 0.95 1.104086 0.961231 0.614332 0.960784 49 0.986874 0.889790 0.198679
0.80 1.00 1.109566 0.983298 0.517738 0.960784 49 0.987302 0.977525 0.138807
0.85 0.05 1.004809 0.877011 0.489148 0.960784 49 1.053514 0.965641 0.248555
0.85 0.10 1.094108 0.902590 0.598184 0.980392 50 0.981790 0.916761 0.174222
0.85 0.15 0.968537 0.871078 0.382636 0.941176 48 1.053830 0.936198 0.227008
0.85 0.20 0.998979 0.868176 0.473810 0.960784 49 1.019957 1.032368 0.156499
0.85 0.25 1.071060 0.941913 0.479406 0.960784 49 0.984915 0.952051 0.150664
0.85 0.30 0.988463 0.854132 0.521888 0.980392 50 1.001492 0.902585 0.188428
0.85 0.35 1.108220 0.970561 0.463002 0.960784 49 1.078592 1.030013 0.241657
0.85 0.40 1.083051 1.174288 0.508257 0.960784 49 1.017729 0.912009 0.237441
0.85 0.45 1.063270 0.960859 0.457595 0.960784 49 1.082224 1.011470 0.260091
0.85 0.50 1.066719 1.006168 0.487996 0.960784 49 1.000612 0.898675 0.237265
0.85 0.55 1.014986 0.912718 0.504756 0.941176 48 1.056955 0.894721 0.283714
0.85 0.60 1.130352 1.118697 0.472266 0.941176 48 1.014678 0.993224 0.203974
0.85 0.65 1.068423 0.979763 0.515416 0.941176 48 0.980213 0.904465 0.204891
0.85 0.70 1.044254 0.945138 0.479857 0.941176 48 1.031795 0.956447 0.245002
0.85 0.75 0.988645 0.849501 0.500166 0.980392 50 0.947517 0.902460 0.157558
0.85 0.80 1.043476 0.984808 0.437856 0.960784 49 1.016982 0.957858 0.230767
0.85 0.85 1.039507 0.903221 0.476472 0.960784 49 1.019885 1.026149 0.198280
0.85 0.90 1.068893 0.933807 0.520304 0.960784 49 0.974654 0.897478 0.215027
0.85 0.95 1.033664 0.914006 0.499965 0.960784 49 1.011322 0.878313 0.289920
0.85 1.00 1.128471 0.957094 0.422363 0.941176 48 0.983389 0.928387 0.147178
0.90 0.05 1.155776 1.072170 0.662932 0.960784 49 1.004874 0.915127 0.221991
0.90 0.10 1.045305 0.958589 0.474528 0.980392 50 0.951074 0.909724 0.152893
0.90 0.15 1.072540 0.948507 0.457903 0.941176 48 1.098592 1.097321 0.204927
0.90 0.20 1.141539 1.059492 0.402837 0.921569 47 1.148378 1.014427 0.348597
0.90 0.25 1.009988 1.001444 0.439057 0.960784 49 0.983428 0.894199 0.253446
0.90 0.30 0.979568 0.848019 0.474613 0.960784 49 1.055641 0.924748 0.290790
0.90 0.35 1.044505 0.924494 0.505427 0.941176 48 0.998934 0.915447 0.194269
0.90 0.40 1.003811 0.893742 0.521153 0.960784 49 1.054069 0.893570 0.246481
0.90 0.45 1.002691 0.922182 0.470173 0.901961 46 1.092888 1.077454 0.248035
0.90 0.50 1.049082 0.993938 0.484943 0.960784 49 1.022627 0.934294 0.274137
0.90 0.55 1.055201 0.977495 0.531068 0.941176 48 1.094909 0.861085 0.357066
0.90 0.60 1.007693 0.940921 0.493193 0.960784 49 1.040449 0.893886 0.276432
0.90 0.65 1.114867 0.985854 0.471111 0.960784 49 1.053300 0.958255 0.241852
0.90 0.70 0.974513 0.764144 0.507028 0.960784 49 1.056672 0.924608 0.242109
0.90 0.75 1.035525 0.917570 0.495238 0.960784 49 0.996221 0.994660 0.138608
0.90 0.80 0.981154 0.843681 0.520122 0.941176 48 0.999791 0.923799 0.217451
0.90 0.85 1.057338 1.008300 0.462881 0.960784 49 1.012188 0.932844 0.242194
0.90 0.90 1.048345 0.914123 0.463708 0.941176 48 1.092035 1.060991 0.186972
0.90 0.95 1.044398 0.919072 0.486257 0.960784 49 1.008261 0.947836 0.196542
0.90 1.00 1.044231 0.900384 0.461715 0.941176 48 1.115610 1.003741 0.300063
0.95 0.05 1.077637 0.905992 0.657079 0.941176 48 1.109204 1.023931 0.274750
0.95 0.10 1.087325 0.996160 0.479658 0.960784 49 1.049858 0.940477 0.299576
0.95 0.15 1.073042 1.095588 0.451355 0.941176 48 1.070094 1.006373 0.278425
0.95 0.20 1.032645 0.948790 0.469135 0.941176 48 1.078568 0.990707 0.245033
0.95 0.25 1.036329 0.930198 0.462962 0.921569 47 0.990009 0.980938 0.142297
0.95 0.30 0.976137 0.870613 0.507215 0.960784 49 1.070390 0.969823 0.285535
0.95 0.35 1.049234 0.923387 0.525694 0.960784 49 1.062117 1.038713 0.212150
0.95 0.40 1.044768 0.917803 0.487653 0.941176 48 0.999624 0.987325 0.142746
0.95 0.45 1.050739 0.883547 0.437574 0.960784 49 1.069450 1.025730 0.254021
0.95 0.50 1.075960 1.043153 0.511983 0.960784 49 1.080538 0.950994 0.280478
0.95 0.55 1.071743 0.917155 0.497586 0.941176 48 1.003759 0.901738 0.248661
0.95 0.60 1.009405 0.891299 0.513441 0.941176 48 1.044174 0.935710 0.267678
0.95 0.65 1.029233 0.956397 0.484340 0.960784 49 1.022288 0.912703 0.255413
0.95 0.70 0.987223 0.923015 0.361278 0.960784 49 1.003858 0.894745 0.219388
0.95 0.75 1.059503 0.952749 0.541072 0.941176 48 1.031798 0.963530 0.188946
0.95 0.80 1.020293 0.911733 0.456540 0.941176 48 1.130363 1.079701 0.277750
0.95 0.85 1.004482 0.931052 0.387920 0.941176 48 1.018082 0.936437 0.243816
0.95 0.90 0.974792 0.891745 0.299991 0.941176 48 0.979767 0.860079 0.286953
0.95 0.95 1.066102 0.885461 0.465990 0.960784 49 1.018610 1.018250 0.151226
0.95 1.00 1.104742 0.934579 0.648980 0.960784 49 1.025718 0.940891 0.250458
1.00 0.05 0.862485 0.771944 0.445895 0.960784 49 0.960200 0.922365 0.165146
1.00 0.10 1.063706 0.949318 0.537105 0.960784 49 1.023644 0.919921 0.264024
1.00 0.15 1.029281 0.959267 0.479527 0.941176 48 1.133448 1.053229 0.322067
1.00 0.20 0.992742 0.906936 0.489832 0.960784 49 0.935642 0.876672 0.163505
1.00 0.25 1.048385 0.908825 0.460847 0.921569 47 1.135369 1.098468 0.212681
1.00 0.30 1.041732 0.892359 0.483665 0.960784 49 1.043174 0.969545 0.185061
1.00 0.35 1.060433 0.980435 0.511933 0.921569 47 1.023495 0.860655 0.286513
1.00 0.40 1.000393 0.839098 0.543713 0.980392 50 1.012106 0.933239 0.218877
1.00 0.45 1.044488 0.949928 0.486349 0.941176 48 1.097349 1.123215 0.216113
1.00 0.50 1.054945 0.991283 0.455163 0.941176 48 0.964181 0.899445 0.198928
1.00 0.55 1.023574 0.949723 0.477415 0.960784 49 0.986650 0.937157 0.146791
1.00 0.60 1.024596 0.960600 0.457960 0.960784 49 0.997582 0.913036 0.235291
1.00 0.65 1.034490 0.940171 0.467210 0.941176 48 1.066536 1.024612 0.269410
1.00 0.70 1.026237 0.975296 0.496766 0.960784 49 1.053470 0.994485 0.236443
1.00 0.75 0.992616 0.928903 0.481119 0.980392 50 0.995747 0.919679 0.176568
1.00 0.80 0.991358 0.932780 0.516376 0.921569 47 1.033074 0.994323 0.205346
1.00 0.85 0.961909 0.864638 0.479523 0.941176 48 1.048814 0.957209 0.251786
1.00 0.90 0.954433 0.836803 0.448983 0.960784 49 1.024081 0.970035 0.233875
1.00 0.95 1.015698 0.893000 0.509677 0.941176 48 1.099778 1.062006 0.247355
1.00 1.00 0.975522 0.839508 0.476164 0.980392 50 1.001362 0.995975 0.101119