lengthscale l2regularizer rmse_mean rmse_median rmse_std pi_cov pi_sum nll_mean nll_median nll_std

0.45 0.3 1.1656085 1.0772816 0.5621847 0.9411764705882353 48 1.0868622 0.97183865 0.28427812
0.45 0.2 1.1641805 1.127826 0.567227 0.9215686274509803 47 1.0979092 0.96469796 0.30629912
0.45 0.25 1.162987 1.0775404 0.55780005 0.9019607843137255 46 1.101669 0.97520626 0.29457107
0.05 0.45 4.481562 4.1286573 1.8372105 0.9411764705882353 48 1.2852222 1.0372825 0.49992368
0.05 0.4 4.4797077 4.183192 1.6744881 0.8823529411764706 45 1.31862 1.0468931 0.5708658
0.05 0.35 4.266175 3.7272685 1.8611895 0.9607843137254902 49 1.2873918 1.0524642 0.5181038
0.6 0.45 1.066972 1.0222738 0.49345776 0.9411764705882353 48 0.9837781 0.9565668 0.14845875
0.6 0.95 1.064884 1.0201313 0.49133247 0.9411764705882353 48 0.98110545 0.93742716 0.148898
0.65 0.8 1.066154 1.0316381 0.48888323 0.9607843137254902 49 0.974717 0.9351679 0.14847858
0.65 0.05 1.0694683 1.0328937 0.4879452 0.9607843137254902 49 0.9764799 0.9361583 0.14548887
0.6 0.85 1.0665194 1.0294418 0.49051434 0.9411764705882353 48 0.9820925 0.9389405 0.15066963
0.6 1.0 1.065945 1.0246882 0.4918311 0.9411764705882353 48 0.98228645 0.94629216 0.15036339
0.6 0.5 1.0668833 1.0112448 0.49327618 0.9411764705882353 48 0.9780633 0.9379345 0.14796495
0.6 0.75 1.0674329 1.0195714 0.49165633 0.9411764705882353 48 0.9796066 0.93904173 0.15052617
0.7 0.2 1.0594473 1.0165412 0.48832816 0.9607843137254902 49 0.9828232 0.9681195 0.14874268
0.6 0.65 1.0630653 1.0164616 0.49038106 0.9411764705882353 48 0.98219347 0.93751776 0.15079805
0.6 0.55 1.0609975 1.015239 0.49071857 0.9411764705882353 48 0.98385704 0.932569 0.15545918
0.7 0.05 1.0592519 1.0134046 0.48950106 0.9607843137254902 49 0.9816958 0.96709836 0.14924322
0.05 0.5 4.3545117 4.1277394 1.8730745 0.9215686274509803 47 1.3155955 1.0208125 0.6015985
0.6 0.9 1.066957 1.0143064 0.4927259 0.9411764705882353 48 0.98537445 0.95877635 0.1487508
0.6 0.35 1.0659728 1.019383 0.48870227 0.9411764705882353 48 0.9839754 0.9432292 0.15236606
0.7 0.1 1.0600717 1.0182498 0.4883748 0.9607843137254902 49 0.9819563 0.9683843 0.14785746
0.6 0.6 1.0638707 1.014086 0.49249136 0.9411764705882353 48 0.9840661 0.9500781 0.15068515
0.65 0.9 1.0646858 1.0239697 0.48808485 0.9607843137254902 49 0.9767394 0.93647754 0.14914368
0.65 0.65 1.0666025 1.0289176 0.48616838 0.9607843137254902 49 0.97811544 0.9442408 0.14696139
0.6 0.7 1.062982 1.021548 0.49124968 0.9411764705882353 48 0.98674643 0.94884706 0.15276118
0.65 0.85 1.0715665 1.0296578 0.4903857 0.9607843137254902 49 0.977022 0.94109976 0.14587349
0.65 1.0 1.0642135 1.031317 0.4900701 0.9607843137254902 49 0.97404814 0.9394249 0.14605264
0.65 0.6 1.0661683 1.0290897 0.48747045 0.9607843137254902 49 0.9772458 0.9357211 0.1480521
0.65 0.1 1.0711248 1.032433 0.48834008 0.9607843137254902 49 0.98097974 0.9388043 0.14935169
0.65 0.95 1.0651108 1.031518 0.48624787 0.9607843137254902 49 0.9802791 0.944111 0.14701341
0.7 0.15 1.0587982 1.017209 0.491137 0.9607843137254902 49 0.9826759 0.9749085 0.14791773
0.65 0.7 1.0676057 1.0300651 0.4885451 0.9607843137254902 49 0.9832443 0.9461588 0.15159592
0.7 0.25 1.0577452 1.0157421 0.48890263 0.9607843137254902 49 0.9844265 0.97906405 0.14826924
0.6 0.4 1.0617597 1.012723 0.49240917 0.9411764705882353 48 0.98365974 0.9411317 0.14873937
0.65 0.75 1.0693403 1.0340537 0.48825034 0.9607843137254902 49 0.9755699 0.94171596 0.14568056
0.2 0.4 2.2460742 2.357912 0.9670545 0.8823529411764706 45 1.0453966 0.9013858 0.2959322
0.2 0.3 2.2570784 2.1285024 0.8596469 0.8823529411764706 45 1.071379 1.0050418 0.22995219
0.2 0.25 2.1521678 2.2213936 0.96595955 0.8823529411764706 45 1.1355911 0.94765556 0.4753101
0.2 0.35 1.9691026 1.8818747 0.93009174 0.9019607843137255 46 1.1851003 0.9152422 0.5718782
0.2 0.05 2.1820526 2.1014564 1.0267643 0.9019607843137255 46 1.124462 0.9287234 0.48346958
0.15 1.0 1.972106 1.9339349 0.637479 0.9215686274509803 47 1.1238607 1.1314809 0.23746368
0.05 0.55 4.434892 4.230789 1.7597375 0.9215686274509803 47 1.3166856 1.068314 0.52105373
0.05 0.6 4.3628693 3.7535372 1.7978531 0.9019607843137255 46 1.3247515 1.0100902 0.6057856
0.15 0.6 2.0494602 1.8704545 0.7529758 0.9411764705882353 48 1.0718098 1.0687447 0.1615763
0.1 0.55 3.696731 3.8996825 1.9472148 0.8431372549019608 43 1.2910442 1.1224763 0.5830616
0.1 0.15 3.6229415 3.9037828 1.9651977 0.803921568627451 41 1.375664 1.1781615 0.61924565
0.1 0.2 3.7481728 3.9556727 2.038858 0.803921568627451 41 1.3170764 1.2055693 0.5373448
0.1 0.25 3.6187148 3.817747 1.9581363 0.803921568627451 41 1.2327638 1.1506541 0.47599894
0.3 0.4 1.8318317 1.8533171 0.8096211 0.9215686274509803 47 1.0298642 0.87672305 0.34597775
0.15 0.2 2.1307116 1.9606888 0.67461646 0.9019607843137255 46 1.1080885 1.1291798 0.22835214
0.05 1.0 4.361824 3.924528 1.8205447 0.9019607843137255 46 1.2953697 1.0159111 0.535683
0.05 0.95 4.377753 3.97581 1.8873956 0.9411764705882353 48 1.3164655 1.0574353 0.543616
0.05 0.9 4.4081674 3.9512525 1.7505766 0.9215686274509803 47 1.3153136 1.0387506 0.55569875
0.1 0.8 3.561208 3.836474 1.8514205 0.8235294117647058 42 1.313376 1.1162536 0.6209017
0.1 0.6 3.6036327 3.8377557 1.9302958 0.803921568627451 41 1.3166473 1.1448169 0.69775367
0.05 0.65 4.484944 4.277505 1.7751378 0.9411764705882353 48 1.3005764 1.0020254 0.55662036
0.15 0.4 1.9106512 2.0055313 0.51681525 0.9019607843137255 46 1.0991898 1.1294856 0.1999347
0.1 0.85 3.5572543 3.8169637 1.9234388 0.803921568627451 41 1.277344 1.1250722 0.5434521
0.35 0.25 1.4175726 1.3349199 0.66508365 0.9215686274509803 47 1.0240558 0.91260415 0.22650674
0.3 0.7 1.6788514 1.5961267 0.71800053 0.9215686274509803 47 1.0461409 0.90972966 0.34799767
0.05 0.7 4.365503 4.1032996 1.8511403 0.9019607843137255 46 1.3129456 1.0306181 0.5338149
0.05 0.3 4.41422 4.1593485 1.8024464 0.9215686274509803 47 1.2826228 0.98846173 0.53875023
0.85 1.0 1.0274649 0.95411706 0.4829772 0.9607843137254902 49 0.9999628 0.9898538 0.14075074
0.15 0.35 1.9436191 1.8363699 0.5687294 0.9411764705882353 48 1.0329636 0.9810451 0.20295964
0.45 0.35 1.1779578 1.1244495 0.5693284 0.9215686274509803 47 1.1039786 0.9738323 0.30124408
0.15 0.55 1.9172609 1.9279785 0.6529279 0.9411764705882353 48 1.068804 1.0407443 0.23356362
0.15 0.8 1.8765188 1.8837361 0.70622325 0.9607843137254902 49 1.0838786 1.0603101 0.21809867
0.15 0.5 2.150929 2.1806512 0.81456083 0.9019607843137255 46 1.1062028 1.1411626 0.1791626
0.05 0.25 4.3631153 4.0909066 1.8783091 0.9019607843137255 46 1.3304098 1.0576484 0.5676069
0.05 0.8 4.504415 4.0256395 1.7742242 0.9215686274509803 47 1.3223838 1.0345986 0.5795692
0.1 1.0 3.593039 3.8920617 1.9431312 0.803921568627451 41 1.3125775 1.1193674 0.6234713
0.1 0.7 3.6860147 4.0028553 1.9582149 0.803921568627451 41 1.2719905 1.0963163 0.50747526
0.15 0.05 2.0722177 2.1170907 0.6362789 0.8823529411764706 45 1.1069778 1.1282575 0.2367561
0.15 0.75 1.8310636 1.8446076 0.49955046 0.9607843137254902 49 1.0832548 1.087132 0.19915831
0.45 0.1 1.155978 1.1174953 0.56308496 0.9215686274509803 47 1.1006736 0.9631568 0.2993931
0.15 0.45 1.8126857 1.8347348 0.44491723 0.9411764705882353 48 1.0609972 1.1058904 0.17695588
0.15 0.9 1.9563425 2.0847554 0.67453104 0.9215686274509803 47 1.0815585 1.1110357 0.23019695
0.05 0.85 4.4692526 3.9914904 1.8717631 0.9215686274509803 47 1.3044223 0.9936286 0.5599983
0.45 0.05 1.1685135 1.1300926 0.5588994 0.9019607843137255 46 1.0992893 0.9788009 0.29471102
0.55 0.35 1.0609338 1.0211 0.50672084 0.9411764705882353 48 1.0158476 0.94090915 0.17631085
0.45 0.75 1.1507571 1.1161478 0.5435707 0.9215686274509803 47 1.0989107 0.96883905 0.29155406
0.15 0.7 2.1386137 1.9080284 0.7187257 0.9411764705882353 48 1.1507734 1.1052022 0.24713401
0.15 0.85 2.0071783 1.9404932 0.7172565 0.9215686274509803 47 1.0989748 1.1074108 0.18099786
0.45 0.15 1.1567221 1.123615 0.5596104 0.9411764705882353 48 1.0798527 0.96884096 0.28644237
0.15 0.65 1.8403022 1.8801633 0.5008689 0.9607843137254902 49 1.0286853 1.0032344 0.17871092
1.0 0.25 1.0078204 0.9050959 0.47771835 0.9411764705882353 48 1.0129158 0.9909066 0.14657392
0.45 0.7 1.1551671 1.0786629 0.56227 0.9019607843137255 46 1.0941919 0.96989393 0.28292552
0.2 0.2 1.9336246 1.8240051 0.83486205 0.9411764705882353 48 1.1737694 0.9791336 0.419224
0.2 0.8 1.9294043 1.6894139 0.9753649 0.9215686274509803 47 1.1813323 0.90866303 0.6167678
0.2 0.7 2.337113 2.12021 0.9952268 0.9215686274509803 47 1.0542574 0.91517586 0.24516095
0.45 0.4 1.1592867 1.1146405 0.55128086 0.9019607843137255 46 1.096855 0.9730254 0.29358485
0.2 0.75 1.9238548 1.936732 0.79565805 0.9215686274509803 47 1.1825249 1.0275131 0.4918477
0.2 0.65 2.118246 2.0415637 0.92918944 0.8823529411764706 45 1.1745565 0.9351108 0.5937649
0.25 0.8 1.8086706 1.5941317 0.88896835 0.9607843137254902 49 0.9248067 0.8526614 0.1854728
0.3 0.8 1.7331965 1.5456375 0.76897 0.9215686274509803 47 1.0303037 0.8841784 0.3108716
0.1 0.4 3.640452 3.9860072 1.936597 0.8235294117647058 42 1.3782063 1.1556013 0.8127702
0.2 0.45 2.2713537 2.4688282 0.99496084 0.9019607843137255 46 1.1000935 0.9106317 0.35051116
0.9 0.15 1.0227711 0.93627346 0.48171517 0.9607843137254902 49 1.0053332 0.9987081 0.14160302
0.1 0.45 3.705946 4.0913267 2.0044835 0.8235294117647058 42 1.3103502 1.1568837 0.59272456
0.45 0.6 1.1651565 1.1061144 0.56100774 0.9019607843137255 46 1.1126076 0.9736188 0.31517527
0.15 0.95 1.9246264 1.8668911 0.64524686 0.9215686274509803 47 1.0628711 1.1087701 0.16816065
0.1 0.5 3.7116795 3.9933915 1.9652447 0.8235294117647058 42 1.3022082 1.1310983 0.54239595
0.4 0.6 1.3301814 1.0709578 0.674505 0.9215686274509803 47 1.0641887 0.961936 0.2671055
0.3 0.35 1.7859501 1.5214622 0.88947374 0.9215686274509803 47 0.9973062 0.89981604 0.2694921
0.65 0.55 1.0685617 1.0291591 0.48526013 0.9607843137254902 49 0.9786394 0.9398947 0.14620082
0.2 0.15 2.0355556 2.2484293 0.9990125 0.9215686274509803 47 1.0437696 0.87840325 0.345273
0.35 0.3 1.3933506 1.3154798 0.6470814 0.9215686274509803 47 1.0288029 0.90212363 0.2345193
0.15 0.15 1.7950236 1.8561404 0.5755705 0.9411764705882353 48 1.0705347 1.0465189 0.21092753
0.9 0.1 1.0226257 0.93621075 0.4784684 0.9607843137254902 49 1.008016 0.9968478 0.14164758
0.65 0.5 1.06677 1.0317359 0.48798013 0.9607843137254902 49 0.978627 0.94028264 0.1507625
0.2 0.55 2.251169 2.3605082 0.96311593 0.9019607843137255 46 1.076505 0.9458319 0.3125616
0.2 0.6 2.4522567 2.4484143 1.122642 0.9019607843137255 46 1.0404425 0.9545605 0.24326272
0.95 0.75 1.0164006 0.92130065 0.4770051 0.9607843137254902 49 1.0103724 0.9938653 0.14373139
0.45 0.65 1.1764103 1.0961479 0.56473505 0.9019607843137255 46 1.1131027 0.9716701 0.32439134
0.1 0.1 3.632071 3.7030916 1.9616876 0.803921568627451 41 1.318618 1.1481954 0.6075104
0.45 0.85 1.1651345 1.1169467 0.5721737 0.9215686274509803 47 1.0938418 0.9637767 0.3029477
0.1 0.3 3.6582527 3.9122367 2.012653 0.8235294117647058 42 1.4098423 1.140049 0.90616214
0.2 0.1 2.1367674 1.8250434 1.0255749 0.9215686274509803 47 1.1343564 0.97334456 0.41695052
0.95 0.95 1.0144368 0.91530204 0.4787263 0.9607843137254902 49 1.0117502 0.9932201 0.14498223
0.45 0.8 1.1614984 1.0856385 0.5486133 0.9019607843137255 46 1.1129272 0.9670079 0.31970674
0.1 0.75 3.6161277 3.8044019 1.975072 0.8431372549019608 43 1.3772831 1.1389289 0.75472283
0.1 0.65 3.6502514 3.7755358 1.9866613 0.8235294117647058 42 1.3739164 1.1582208 0.71273303
0.95 0.8 1.0113703 0.91650426 0.47685084 0.9607843137254902 49 1.0096115 0.9894389 0.1447689
0.3 0.95 1.7151512 1.6318582 0.76483494 0.9215686274509803 47 1.0430949 0.87656707 0.33908296
0.15 0.25 2.0050442 1.9531434 0.6932606 0.9215686274509803 47 1.1421055 1.1364079 0.22584155
0.1 0.9 3.5919654 3.9327302 1.904505 0.8235294117647058 42 1.2757528 1.1026015 0.54037106
0.1 0.95 3.567479 3.820006 1.9566824 0.8431372549019608 43 1.292569 1.1083555 0.546486
0.05 0.1 4.5414877 4.2367315 1.8068913 0.9215686274509803 47 1.3115213 1.0368631 0.5264985
0.3 1.0 1.6010631 1.3894391 0.7308462 0.9215686274509803 47 1.049541 0.9314965 0.32918873
0.15 0.1 1.87434 1.9143653 0.44143978 0.9019607843137255 46 1.0518546 1.100349 0.14507023
0.15 0.3 1.8829467 1.8447881 0.5919973 0.9019607843137255 46 1.1456342 1.1391191 0.24995214
0.05 0.75 4.4904337 4.2563276 1.8290918 0.9411764705882353 48 1.2754468 1.0390399 0.5260066
0.5 0.2 1.0889167 1.0503454 0.5391601 0.9411764705882353 48 1.0580618 0.9344765 0.2605357
0.2 0.85 2.3903842 2.3460996 1.1266938 0.9019607843137255 46 1.0287077 0.9173 0.2612679
0.95 0.9 1.0143999 0.91714144 0.47904876 0.9607843137254902 49 1.011005 0.99528086 0.14397793
0.95 0.85 1.0149662 0.92111135 0.47809213 0.9411764705882353 48 1.0108076 0.9963542 0.14481069
0.3 0.65 1.5759497 1.5283889 0.68912745 0.9411764705882353 48 0.98981065 0.9295113 0.19755128
0.3 0.45 1.693677 1.3790154 0.8500109 0.9215686274509803 47 1.0406677 0.8998312 0.35287836
0.35 0.2 1.3755537 1.2508628 0.65356994 0.9215686274509803 47 0.99853337 0.8939496 0.21677648
0.9 0.05 1.023916 0.93784136 0.48093042 0.9607843137254902 49 1.0057886 0.9980032 0.14023393
0.65 0.2 1.0638425 1.0308001 0.4879196 0.9607843137254902 49 0.978315 0.9332868 0.15020622
0.35 0.1 1.3965757 1.3118892 0.6041848 0.9411764705882353 48 0.997944 0.90236247 0.22031817
0.7 0.6 1.0591761 1.0173348 0.48981342 0.9607843137254902 49 0.9823117 0.9710499 0.14862499
0.7 0.7 1.0585458 1.0139314 0.48592144 0.9607843137254902 49 0.98219144 0.9696566 0.14897968
0.75 0.6 1.045426 0.99616504 0.48661017 0.9607843137254902 49 0.98802394 0.9879518 0.14297168
0.05 0.05 4.350548 4.205675 1.8412408 0.9411764705882353 48 1.2756288 1.0234599 0.55515313
0.75 0.1 1.047077 0.9976897 0.48799 0.9607843137254902 49 0.98960704 0.9897785 0.14621554
0.55 0.4 1.0592093 0.99783975 0.5102672 0.9411764705882353 48 1.0176972 0.9441258 0.17623237
0.75 0.75 1.0479015 0.994565 0.4880691 0.9607843137254902 49 0.98544645 0.98680764 0.14447333
0.75 0.25 1.0463121 0.99923956 0.4871056 0.9607843137254902 49 0.9869456 0.9837569 0.14719193
0.5 0.3 1.0778673 1.0460446 0.52575386 0.9411764705882353 48 1.0543754 0.93078136 0.25176826
0.7 1.0 1.0605092 1.0151453 0.48846588 0.9607843137254902 49 0.98287475 0.9733956 0.14715946
0.75 0.7 1.0490979 0.9973618 0.485516 0.9607843137254902 49 0.9924574 0.9934503 0.14171916
0.7 0.75 1.059623 1.0168383 0.48641884 0.9607843137254902 49 0.9814943 0.9703701 0.1457543
0.8 0.95 1.039617 0.98087645 0.4839832 0.9607843137254902 49 0.9959499 1.0000535 0.13871184
0.8 0.4 1.0376568 0.9758632 0.48686272 0.9607843137254902 49 0.9916798 0.99079084 0.14224349
0.75 0.8 1.0457671 0.9937842 0.48716027 0.9607843137254902 49 0.98556054 0.98428684 0.14567102
0.7 0.35 1.0565207 1.0145161 0.48685592 0.9607843137254902 49 0.9832738 0.9725537 0.14820796
0.75 0.65 1.0481255 0.9946804 0.48178902 0.9607843137254902 49 0.9946664 0.9900572 0.14234897
0.7 0.65 1.0576804 1.0168377 0.48881006 0.9607843137254902 49 0.9818698 0.971745 0.14892192
0.65 0.15 1.0633838 1.0344391 0.48916274 0.9607843137254902 49 0.9804858 0.9448215 0.14808542
0.7 0.9 1.0580944 1.014954 0.48741558 0.9607843137254902 49 0.98298275 0.97326785 0.14883836
0.45 0.95 1.1488608 1.119589 0.5512434 0.9215686274509803 47 1.0743538 0.9743053 0.27645835
0.75 0.05 1.0486689 0.99588823 0.48676738 0.9607843137254902 49 0.9881544 0.9878033 0.14175056
0.3 0.55 1.7379827 1.4201763 0.907314 0.9215686274509803 47 0.95745164 0.91209674 0.15497415
0.85 0.3 1.0337013 0.95722425 0.47757217 0.9607843137254902 49 1.0027634 0.9954882 0.13767767
0.75 0.85 1.0480143 0.9953748 0.4887425 0.9607843137254902 49 0.9872155 0.99295473 0.14402947
0.85 0.2 1.0334362 0.95910734 0.4784713 0.9607843137254902 49 1.0049146 0.9992427 0.1398591
0.7 0.8 1.0627137 1.0157816 0.48963684 0.9607843137254902 49 0.9802268 0.9676406 0.14746884
0.7 0.55 1.0605471 1.0160854 0.48636773 0.9607843137254902 49 0.979387 0.9664767 0.14638595
0.75 0.3 1.0467993 0.99865746 0.4867971 0.9607843137254902 49 0.9870598 0.98816293 0.14494684
0.8 0.1 1.0366131 0.97787255 0.48596781 0.9607843137254902 49 0.9930771 0.9983798 0.14301053
0.75 0.55 1.0463573 0.9956001 0.48460293 0.9607843137254902 49 0.9910712 0.9867135 0.14137429
0.7 0.95 1.0585973 1.014389 0.48863935 0.9607843137254902 49 0.9819137 0.96872485 0.14870769
0.65 0.3 1.0662553 1.0278994 0.48833224 0.9607843137254902 49 0.9796375 0.94681036 0.14972384
0.8 0.8 1.040798 0.97896147 0.4816606 0.9607843137254902 49 0.9967756 0.9982765 0.13720523
0.7 0.45 1.0571601 1.0159664 0.48879275 0.9607843137254902 49 0.9806736 0.9743701 0.14757912
0.8 0.75 1.0381733 0.97664857 0.48404324 0.9607843137254902 49 0.99630135 0.99666214 0.13981211
0.75 0.35 1.0509033 0.9981952 0.48232812 0.9607843137254902 49 0.9939205 0.9852611 0.14067191
0.8 0.15 1.0376384 0.97705954 0.48247817 0.9607843137254902 49 0.99596614 0.99536955 0.14049557
0.75 0.4 1.0468274 0.99576926 0.4881647 0.9607843137254902 49 0.98793936 0.992977 0.1453124
0.7 0.5 1.0606127 1.0186323 0.488843 0.9607843137254902 49 0.9794418 0.96754134 0.1465399
0.6 0.25 1.0623857 1.0154607 0.4904241 0.9411764705882353 48 0.9889132 0.9710111 0.15117429
0.65 0.4 1.072409 1.0344063 0.48896325 0.9607843137254902 49 0.9757593 0.94295645 0.14053558
0.75 0.9 1.0461735 0.9963442 0.48796782 0.9607843137254902 49 0.9869642 0.9877159 0.14709628
0.75 0.45 1.0463634 0.99581414 0.48722672 0.9607843137254902 49 0.98851144 0.98374087 0.14508605
0.7 0.3 1.0572064 1.0179282 0.48672453 0.9607843137254902 49 0.9821228 0.97047496 0.15034361
0.8 0.05 1.0396463 0.9770561 0.48062667 0.9607843137254902 49 0.9981388 0.9931415 0.13835351
0.75 0.15 1.0466316 0.9966451 0.48676944 0.9607843137254902 49 0.9892198 0.9939618 0.14342828
0.7 0.85 1.0578954 1.0114467 0.48940578 0.9607843137254902 49 0.9819201 0.9727694 0.14801164
0.85 0.05 1.0322677 0.9597943 0.47974014 0.9607843137254902 49 1.0014666 0.9923544 0.13905737
0.75 1.0 1.0455592 0.9954814 0.48657063 0.9607843137254902 49 0.98438424 0.98237073 0.14481959
0.8 0.5 1.0393846 0.9777775 0.47916088 0.9607843137254902 49 0.9980014 0.9878459 0.13774022
0.8 0.7 1.0416254 0.9787837 0.48259774 0.9607843137254902 49 0.9977075 0.9995308 0.13802975
0.75 0.2 1.0468857 0.99500406 0.485219 0.9607843137254902 49 0.99025506 0.99218464 0.14201105
0.75 0.95 1.0489115 0.99810827 0.48544854 0.9607843137254902 49 0.9906648 0.98987716 0.14080738
0.55 0.8 1.0725813 1.014125 0.5040707 0.9411764705882353 48 1.0091448 0.9441697 0.17980763
0.85 0.15 1.0278623 0.95715016 0.48672467 0.9607843137254902 49 0.99905014 0.99802583 0.14418212
0.8 0.2 1.0406557 0.9786538 0.48305434 0.9607843137254902 49 0.9950923 0.9954107 0.13519454
0.85 0.1 1.0309398 0.9536942 0.4809244 0.9607843137254902 49 1.002632 0.9978498 0.13953808
0.9 0.95 1.0222081 0.93557155 0.480403 0.9607843137254902 49 1.0067997 1.001247 0.14240482
0.85 0.25 1.0324414 0.9546654 0.478514 0.9607843137254902 49 1.0022392 0.9959078 0.13880178
0.95 0.15 1.0136337 0.91532934 0.4804116 0.9607843137254902 49 1.009315 0.98791516 0.14517865
0.55 0.5 1.0677121 1.0165308 0.5062883 0.9411764705882353 48 1.0073988 0.9433675 0.16716649
0.8 0.6 1.0413167 0.97810626 0.48214063 0.9607843137254902 49 0.9963187 0.9965395 0.13648687
0.55 0.75 1.0627143 1.0184739 0.5090724 0.9411764705882353 48 1.0148121 0.9442352 0.17517054
0.35 1.0 1.398253 1.3399844 0.6537656 0.9215686274509803 47 1.0570333 0.9099883 0.27965668
0.8 1.0 1.0390428 0.97484326 0.48079482 0.9607843137254902 49 0.9965665 0.9921557 0.13715231
0.4 1.0 1.3127209 1.0864422 0.59221536 0.9215686274509803 47 1.0327114 0.96710515 0.22930391
0.8 0.3 1.0393808 0.97576535 0.48432976 0.9607843137254902 49 0.9959179 0.9993551 0.13925445
0.85 0.35 1.0301346 0.95594597 0.4821621 0.9607843137254902 49 1.0010655 0.9950452 0.14023057
0.8 0.25 1.0368195 0.97543156 0.48367143 0.9607843137254902 49 0.99739724 0.998226 0.14151369
0.6 0.1 1.0691981 1.0214307 0.4907438 0.9411764705882353 48 0.97624314 0.93964255 0.14768249
0.8 0.45 1.0387555 0.97657096 0.4831086 0.9607843137254902 49 0.9957005 0.9975583 0.13803384
0.85 0.45 1.0339661 0.9560163 0.47664085 0.9607843137254902 49 1.0059994 1.0023227 0.13899015
0.8 0.35 1.0371048 0.9736014 0.48349175 0.9607843137254902 49 0.99652416 0.99320793 0.13847625
0.85 0.9 1.0297089 0.9584409 0.48263365 0.9607843137254902 49 0.9996005 0.99791163 0.1393706
0.55 0.65 1.0723513 1.0074216 0.50053966 0.9411764705882353 48 1.0081098 0.94506586 0.17691457
0.95 0.2 1.0147406 0.92171943 0.47834086 0.9607843137254902 49 1.0097295 0.99013937 0.14483607
0.8 0.85 1.041005 0.97634685 0.4817414 0.9607843137254902 49 1.0001137 0.9962513 0.13849773
0.6 0.05 1.0649593 1.0224733 0.48979256 0.9411764705882353 48 0.98364794 0.9500364 0.15187146
0.55 0.55 1.0802467 1.0338244 0.4996355 0.9411764705882353 48 1.0090355 0.94357467 0.1773893
0.95 0.7 1.0142353 0.9158378 0.4783061 0.9607843137254902 49 1.0112364 0.99312353 0.14488117
0.8 0.55 1.0371943 0.97584695 0.48679432 0.9607843137254902 49 0.99267197 0.9932903 0.14296591
0.8 0.9 1.0386101 0.976105 0.48149216 0.9607843137254902 49 0.9984372 0.9973357 0.13977055
0.85 0.95 1.0295292 0.9554221 0.4861804 0.9607843137254902 49 1.0007665 1.0025542 0.14068641
0.9 1.0 1.0240526 0.93706083 0.47683197 0.9607843137254902 49 1.0071603 0.9975386 0.14075099
0.95 0.4 1.0151937 0.91987824 0.47853965 0.9607843137254902 49 1.009691 0.9935703 0.14415053
0.85 0.65 1.0303257 0.95700514 0.4814482 0.9607843137254902 49 1.0014961 0.99421626 0.13864969
0.3 0.75 1.8231903 1.8137653 0.86011684 0.9215686274509803 47 1.0109868 0.9243633 0.2627771
0.6 0.15 1.0646336 1.019387 0.49187803 0.9411764705882353 48 0.98174936 0.9533298 0.14630225
0.55 0.9 1.0774066 1.0228788 0.4993601 0.9411764705882353 48 1.0080906 0.94614106 0.17787746
1.0 0.3 1.0081562 0.9044329 0.48052275 0.9411764705882353 48 1.0117428 0.98495317 0.14654471
0.55 0.85 1.0729555 1.0101281 0.50236386 0.9411764705882353 48 1.0038441 0.94284165 0.17138645
0.95 0.3 1.0165184 0.91544867 0.47966957 0.9607843137254902 49 1.0094433 0.993857 0.14376436
1.0 0.8 1.008862 0.9041315 0.47875717 0.9411764705882353 48 1.0126508 0.9903899 0.14689973919
0.95 0.1 1.0160433 0.91971004 0.48026082 0.9607843137254902 49 1.0090191 0.9883614 0.1427072
0.95 0.55 1.0156116 0.9183211 0.47621232 0.9607843137254902 49 1.0106677 0.9946035 0.14464964
0.95 0.6 1.0157217 0.920004 0.4804885 0.9607843137254902 49 1.0082685 0.9920614 0.14248718
0.95 0.25 1.0154897 0.9159614 0.47831285 0.9607843137254902 49 1.0082287 0.9910267 0.14220375
0.85 0.85 1.0335786 0.95630646 0.47974646 0.9607843137254902 49 1.0035186 1.0005007 0.13890015
0.95 0.65 1.0134364 0.9170869 0.47823015 0.9607843137254902 49 1.0094984 0.99156904 0.14425883
0.85 0.55 1.0292906 0.9575136 0.48313153 0.9607843137254902 49 1.0007108 1.0022743 0.14000684
1.0 0.35 1.0096388 0.9026197 0.47742793 0.9411764705882353 48 1.012152 0.988863 0.14448766
0.55 1.0 1.0788076 1.022314 0.5015424 0.9411764705882353 48 1.0044903 0.94406754 0.17354077
0.95 0.35 1.0139539 0.91972 0.47914234 0.9607843137254902 49 1.0093684 0.9906684 0.14434955
1.0 0.95 1.0070916 0.9022399 0.47578052 0.9411764705882353 48 1.0143281 0.9927028 0.14725336
0.95 0.45 1.0146053 0.9181495 0.47868294 0.9607843137254902 49 1.0099001 0.9886639 0.14381818
0.9 0.2 1.0231645 0.9365112 0.48107323 0.9607843137254902 49 1.0054938 0.9920259 0.14277422
0.9 0.35 1.0241978 0.9371263 0.47676754 0.9607843137254902 49 1.0062902 0.99449605 0.13987143
0.55 0.7 1.0708933 1.0002482 0.4998299 0.9411764705882353 48 1.0096911 0.948321 0.17520598
1.0 0.85 1.0073651 0.9000219 0.47715732 0.9411764705882353 48 1.0138366 0.990029 0.14738016
0.65 0.45 1.0638853 1.0290359 0.48484164 0.9607843137254902 49 0.9804179 0.941559 0.1473043
0.55 0.6 1.0630747 1.0217896 0.5105131 0.9411764705882353 48 1.0096515 0.9422865 0.16825736
0.95 0.5 1.013675 0.9189335 0.48077145 0.9411764705882353 48 1.0113034 0.99143803 0.14740488
0.8 0.65 1.0377572 0.97570455 0.48549923 0.9607843137254902 49 0.9957615 0.99730575 0.13969296
0.85 0.4 1.0286919 0.9579005 0.48288158 0.9607843137254902 49 1.0013419 0.99617517 0.1412601
0.85 0.5 1.0334806 0.9583013 0.47733748 0.9607843137254902 49 0.99999017 0.99018854 0.13641709
0.85 0.6 1.0329584 0.95465326 0.4786838 0.9607843137254902 49 1.0042486 1.0016866 0.13780409
0.45 0.5 1.1676979 1.1009414 0.5617189 0.9019607843137255 46 1.1251658 0.9702798 0.33489752
0.55 0.95 1.0747365 1.0319536 0.5064201 0.9411764705882353 48 1.0088545 0.93959117 0.16928135
0.4 0.7 1.3365047 1.1303258 0.62822586 0.9411764705882353 48 1.0656358 0.97237176 0.26667413
0.95 0.05 1.0136718 0.9150707 0.47905302 0.9607843137254902 49 1.0107667 0.9942881 0.1447006
1.0 0.9 1.0084454 0.90090346 0.4783138 0.9411764705882353 48 1.0134113 0.9879124 0.14782703
0.9 0.85 1.0211585 0.93810296 0.48340786 0.9607843137254902 49 1.0046638 0.9969207 0.1419581
0.9 0.3 1.0198386 0.9352001 0.4817566 0.9607843137254902 49 1.005919 0.9943731 0.14328396
1.0 0.4 1.0091465 0.90044963 0.47816023 0.9411764705882353 48 1.0141556 0.99131143 0.14650127
1.0 1.0 1.0081314 0.9005186 0.47680616 0.9411764705882353 48 1.0143373 0.99068975 0.14758506
0.4 0.8 1.2961736 1.0766064 0.5966086 0.9019607843137255 46 1.0843434 0.9747099 0.27211922
0.9 0.45 1.0244523 0.9373244 0.47838923 0.9607843137254902 49 1.0080292 0.99958426 0.14150484
0.9 0.75 1.021545 0.9374263 0.4810868 0.9607843137254902 49 1.0055306 0.99507785 0.14310168
0.85 0.7 1.0287534 0.95518833 0.48325154 0.9607843137254902 49 1.0010903 0.99509794 0.14042073
0.9 0.4 1.0218723 0.93784976 0.48228788 0.9607843137254902 49 1.0065111 0.9975305 0.14322881
0.9 0.8 1.022122 0.9355049 0.48082152 0.9607843137254902 49 1.0059023 0.9971458 0.14303203
0.9 0.5 1.0224273 0.9356861 0.4802311 0.9607843137254902 49 1.0064516 0.9959141 0.1412028
1.0 0.55 1.0086138 0.9036853 0.48080188 0.9411764705882353 48 1.0140944 0.9913623 0.14834975
0.9 0.65 1.0213784 0.9363655 0.47895554 0.9607843137254902 49 1.0060823 0.991616 0.14132039
0.65 0.25 1.0696173 1.0284181 0.48946428 0.9607843137254902 49 0.97502327 0.9407528 0.14356813
0.9 0.6 1.0230885 0.93481934 0.47890678 0.9607843137254902 49 1.0067478 0.99927783 0.14056104
0.9 0.55 1.0206283 0.9390754 0.48221418 0.9607843137254902 49 1.004068 0.9893762 0.14266685
1.0 0.6 1.008618 0.89911866 0.47723776 0.9411764705882353 48 1.014176 0.9929927 0.14549454
1.0 0.5 1.00877 0.9042429 0.47673103 0.9411764705882353 48 1.0129012 0.98980373 0.14623731
1.0 0.65 1.0090296 0.9070504 0.47475454 0.9411764705882353 48 1.0118846 0.98682064 0.14566652
0.85 0.75 1.0330384 0.9594073 0.4792482 0.9607843137254902 49 1.003483 1.0055473 0.1386962
0.9 0.7 1.0226644 0.93589556 0.47969162 0.9607843137254902 49 1.0067152 0.99831903 0.14195746
1.0 0.75 1.0090659 0.9044474 0.4787575 0.9411764705882353 48 1.014408 0.99141777 0.14674658
1.0 0.45 1.0060779 0.9024353 0.47419986 0.9411764705882353 48 1.0108504 0.9891411 0.14561331
0.9 0.9 1.0229309 0.9371736 0.48119125 0.9607843137254902 49 1.0054783 0.99471873 0.1415738
1.0 0.7 1.0082625 0.90416133 0.4781027 0.9411764705882353 48 1.013767 0.9906671 0.14655505
0.6 0.3 1.0687497 1.0248576 0.49029627 0.9411764705882353 48 0.9797826 0.9299902 0.15074751
0.35 0.05 1.3613234 1.2247534 0.64597046 0.9215686274509803 47 1.0010593 0.91475904 0.20852004
0.45 0.55 1.1670724 1.1248348 0.555768 0.9215686274509803 47 1.0942363 0.9689925 0.29721078
0.85 0.8 1.0300732 0.9576021 0.4813815 0.9607843137254902 49 1.0009404 0.9966891 0.13960437
0.3 0.9 1.6482904 1.5951856 0.7872749 0.9215686274509803 47 1.0348152 0.94829655 0.28961414
0.95 1.0 1.0149021 0.92089725 0.47944146 0.9607843137254902 49 1.0101259 0.99342716 0.1441593
0.6 0.2 1.064838 1.0228136 0.49077606 0.9411764705882353 48 0.9845934 0.94655967 0.1514803
0.1 0.35 3.570825 3.9556143 1.9512541 0.803921568627451 41 1.35483 1.1439638 0.65223366
0.2 0.5 2.1133869 2.00761 1.055806 0.9215686274509803 47 1.1757257 0.9062767 0.6047396
0.45 0.45 1.1512123 1.1255355 0.5528717 0.9215686274509803 47 1.097422 0.96697795 0.296015
0.1 0.05 3.7050672 3.9479961 1.9019481 0.803921568627451 41 1.3329705 1.0938294 0.619539
0.4 0.65 1.3391908 1.1303148 0.62657875 0.9215686274509803 47 1.0615122 0.96318114 0.25567022
0.4 0.3 1.3591568 1.1185184 0.6524688 0.9019607843137255 46 1.0772084 0.9696866 0.27606755
0.4 0.45 1.3627018 1.1497697 0.6043468 0.9215686274509803 47 1.0269653 0.96361464 0.22875272
0.4 0.4 1.3293512 1.0908551 0.66388017 0.9215686274509803 47 1.0726081 0.9709636 0.27153692
0.9 0.25 1.0231378 0.93789744 0.4798474 0.9607843137254902 49 1.0071374 0.9977854 0.14151102
0.3 0.5 1.8162909 1.4813161 0.91355884 0.9019607843137255 46 0.9958724 0.9043423 0.23756981
0.55 0.1 1.0698904 1.0223377 0.5039407 0.9411764705882353 48 1.0107305 0.94140863 0.17738952
0.4 0.5 1.3511456 1.0952275 0.6560504 0.9215686274509803 47 1.0684856 0.96600556 0.26786986
0.5 0.9 1.0782342 1.0483623 0.5250574 0.9411764705882353 48 1.0515867 0.9324566 0.2478385
0.3 0.6 1.6017573 1.4810464 0.7366018 0.9215686274509803 47 1.0421972 0.9680162 0.30129766
0.4 0.35 1.3446624 1.1296034 0.64291745 0.9019607843137255 46 1.0771353 0.965776 0.26891875
0.05 0.2 4.42467 4.112259 1.6748544 0.9215686274509803 47 1.3071811 1.0473102 0.52665985
0.5 0.45 1.0707432 1.0467151 0.52178764 0.9411764705882353 48 1.0484648 0.92355675 0.24769872
0.25 0.2 1.8985771 1.7517092 1.0299537 0.8823529411764706 45 1.06155 0.941975 0.26855066
0.25 0.5 1.870931 1.6076493 1.0794544 0.9607843137254902 49 1.0021739 0.87136626 0.22088219
0.35 0.45 1.4442207 1.2378225 0.72068447 0.9019607843137255 46 1.0028548 0.9103993 0.23065157
0.35 0.75 1.3111675 1.1998682 0.6053726 0.9215686274509803 47 1.0050335 0.8992774 0.2161826
1.0 0.2 1.0085576 0.9039507 0.47759822 0.9411764705882353 48 1.0126194 0.9888747 0.14673254
0.5 0.4 1.0789559 1.05316 0.52795 0.9411764705882353 48 1.0508995 0.9312409 0.2489051
0.35 0.85 1.5051594 1.2147808 0.8981397 0.9215686274509803 47 0.9713656 0.9147774 0.18043722
1.0 0.1 1.0102742 0.90421015 0.47781092 0.9411764705882353 48 1.0120583 0.98956466 0.14509721
0.3 0.3 1.7153746 1.6911309 0.73906696 0.9215686274509803 47 1.0165063 0.87746257 0.27662343
0.25 0.3 1.8377091 1.831337 0.92147714 0.9411764705882353 48 1.0460991 0.92465436 0.29910752
0.35 0.35 1.4378827 1.3346987 0.6690243 0.9215686274509803 47 1.0699993 0.9453944 0.26821673
0.5 0.65 1.0780047 1.0465908 0.5290083 0.9411764705882353 48 1.057201 0.92562515 0.26590493
1.0 0.05 1.0080575 0.90468806 0.4750566 0.9411764705882353 48 1.0138458 0.99022394 0.14688791
0.2 0.9 1.9539589 1.8656058 1.0278267 0.9215686274509803 47 1.1735566 0.8711092 0.63705945
0.35 0.55 1.4005438 1.277584 0.658736 0.9215686274509803 47 1.0148349 0.9303067 0.22005549
0.25 0.65 1.9484894 1.7372217 1.0293663 0.9215686274509803 47 1.0469646 0.95254743 0.22163443
0.4 0.55 1.3686528 1.1587163 0.6602549 0.9215686274509803 47 1.0664436 0.9648178 0.27088535
0.25 0.25 1.9653218 1.7444923 1.1107366 0.9215686274509803 47 0.9930644 0.9227729 0.19412836
0.5 0.6 1.0819832 1.0383165 0.5326612 0.9411764705882353 48 1.053008 0.92277706 0.25413194
0.25 0.4 1.9006627 1.6618052 1.0532117 0.9215686274509803 47 0.9896474 0.89104176 0.20490581
0.35 0.15 1.392529 1.2226251 0.6475907 0.9215686274509803 47 0.9960386 0.9060746 0.21214667
0.5 0.05 1.0860751 1.0470936 0.53559744 0.9411764705882353 48 1.0606182 0.9234203 0.26757443
0.25 0.7 1.9206775 1.6842301 0.9789933 0.9215686274509803 47 1.0061166 0.8923886 0.2183964
0.3 0.2 1.5249643 1.4450164 0.62588286 0.9215686274509803 47 1.0547335 0.93224394 0.30515382
0.25 0.9 1.7393109 1.6977994 0.9148667 0.9607843137254902 49 0.93554384 0.8565834 0.15908608
0.25 0.1 1.9818909 2.2097297 1.0582418 0.9411764705882353 48 0.99940366 0.92069685 0.21089096
0.5 0.5 1.0763206 1.0479028 0.5274759 0.9411764705882353 48 1.049252 0.91512465 0.25534794
0.2 1.0 2.3537822 2.4244382 1.1296408 0.9019607843137255 46 1.0292943 0.91354394 0.2647849
0.4 0.85 1.3519272 1.1254481 0.6465797 0.9215686274509803 47 1.0692881 0.97434473 0.25877845
0.3 0.05 1.7607019 1.9247674 0.7225039 0.9215686274509803 47 1.0033927 0.8784022 0.2631293
0.4 0.15 1.3453531 1.1152492 0.6260005 0.9215686274509803 47 1.0662229 0.96550673 0.26901653
0.05 0.15 4.488108 4.305622 1.7957499 0.9411764705882353 48 1.3100386 1.0185614 0.56330407
0.4 0.25 1.3144709 1.1095715 0.60925704 0.9215686274509803 47 1.057082 0.9684542 0.24517909
0.4 0.75 1.3456007 1.1231256 0.63571864 0.9215686274509803 47 1.0798362 0.9733598 0.2820157
0.2 0.95 2.368959 2.4620824 1.1800017 0.9411764705882353 48 1.0621368 0.94349575 0.2604475
0.35 0.5 1.3618739 1.2684822 0.6268383 0.9215686274509803 47 1.0540309 0.9278849 0.26713467
0.3 0.85 1.7443653 1.5783368 0.8986332 0.9215686274509803 47 1.0476172 0.9333955 0.30834693
0.25 0.6 1.9160821 1.4509796 1.1009305 0.9019607843137255 46 1.0975423 1.005347 0.3314003
0.25 0.55 2.01461 1.8687816 0.98584044 0.9215686274509803 47 0.97175854 0.8943011 0.18875247
0.25 0.95 1.854665 1.6208854 1.0821887 0.9411764705882353 48 0.9916628 0.895205 0.21156877
0.35 0.9 1.2825757 1.2022564 0.57273257 0.9215686274509803 47 1.0267692 0.90651536 0.22868097
0.5 0.95 1.0740826 1.050982 0.521726 0.9411764705882353 48 1.0482526 0.9220847 0.24446607
0.3 0.1 1.8834041 1.8374159 0.9247036 0.9215686274509803 47 0.99358064 0.86346537 0.27582318
0.35 0.4 1.4167746 1.219908 0.7210347 0.9215686274509803 47 0.9884346 0.92935395 0.1955613
0.5 0.35 1.0928686 1.0471095 0.53023964 0.9411764705882353 48 1.0522902 0.9383125 0.24971536
0.25 0.85 1.9521118 1.8591046 1.0833893 0.9411764705882353 48 0.99914044 0.9356688 0.18588035
0.45 1.0 1.1608336 1.1250933 0.56113 0.9019607843137255 46 1.1063017 0.9711874 0.31236285
0.4 0.95 1.3379585 1.1098658 0.6327318 0.9019607843137255 46 1.0783623 0.9725319 0.27729696
0.35 0.8 1.3904736 1.2765306 0.6254342 0.9215686274509803 47 0.9995726 0.9188057 0.21163754
0.25 0.15 2.0133765 2.279512 1.042795 0.9411764705882353 48 0.9771282 0.8730946 0.20781617
0.55 0.2 1.0634215 1.0032516 0.5050972 0.9411764705882353 48 1.0125353 0.94413316 0.1716879
0.5 0.85 1.0898684 1.0335641 0.5429036 0.9411764705882353 48 1.0572355 0.93426204 0.25343964
0.25 0.05 2.0247204 1.9609227 0.99544376 0.9215686274509803 47 1.0552166 0.93143487 0.2622175
0.35 0.95 1.3975935 1.315995 0.6558192 0.9215686274509803 47 1.0641203 0.9492843 0.2659457
0.4 0.9 1.3658757 1.1455162 0.6512054 0.9215686274509803 47 1.0694444 0.9687693 0.27345023
0.55 0.05 1.0782107 1.015271 0.50144804 0.9411764705882353 48 1.0066257 0.941548 0.17658548
0.4 0.05 1.3574526 1.138659 0.66276085 0.9019607843137255 46 1.0644472 0.9625592 0.25469288
0.5 0.25 1.073951 1.0401082 0.5265402 0.9411764705882353 48 1.0570354 0.92744195 0.26115844
0.5 0.75 1.0952929 1.041681 0.54868597 0.9411764705882353 48 1.0538347 0.91684186 0.2570729
0.55 0.3 1.0728775 1.0167878 0.5028277 0.9411764705882353 48 1.009518 0.94220304 0.17486078
0.35 0.7 1.3795474 1.2564396 0.624351 0.9215686274509803 47 0.9962513 0.90495086 0.20788585
0.35 0.6 1.4258118 1.3323059 0.6527454 0.9215686274509803 47 1.0585002 0.8975866 0.28523117
0.35 0.65 1.3187892 1.3229675 0.5489913 0.9411764705882353 48 1.0422665 0.9028661 0.244644
0.4 0.2 1.2986169 1.0818683 0.6260259 0.9215686274509803 47 1.0730131 0.9705649 0.26681373
0.25 1.0 1.980053 2.0140224 1.0857222 0.9411764705882353 48 0.99446326 0.8858391 0.2169292
0.5 0.8 1.0879321 1.0392556 0.5391146 0.9411764705882353 48 1.0548564 0.9286536 0.25299758
0.3 0.15 1.7361133 1.6173891 0.80153835 0.9215686274509803 47 1.0289719 0.9029327 0.2942058
0.3 0.25 1.6286176 1.4601529 0.6916017 0.9215686274509803 47 1.0237195 0.8994098 0.27925637
0.4 0.1 1.3688816 1.13324 0.6982057 0.9019607843137255 46 1.0574038 0.97320163 0.24678308
0.5 1.0 1.0857372 1.0543859 0.5322118 0.9411764705882353 48 1.0550853 0.92740846 0.25805318
0.55 0.15 1.0734255 1.0039841 0.5073372 0.9411764705882353 48 1.0086194 0.94382215 0.1717641
0.5 0.1 1.0826538 1.0504329 0.52900565 0.9411764705882353 48 1.0505816 0.92292494 0.2510447
1.0 0.15 1.0076979 0.9043254 0.47610655 0.9411764705882353 48 1.0137085 0.9917686 0.14652604
0.25 0.35 1.9154806 1.6548792 1.0694573 0.9411764705882353 48 0.97619903 0.86989474 0.21512114
0.25 0.45 1.9877828 1.8098671 1.1079049 0.9215686274509803 47 0.99834824 0.9261533 0.19882098
0.25 0.75 1.7931551 1.4790604 0.92566645 0.9215686274509803 47 0.9444585 0.91297704 0.14043239
0.55 0.25 1.0622141 1.0258664 0.5076322 0.9411764705882353 48 1.0121802 0.94099915 0.17212011
0.5 0.7 1.0950408 1.0578598 0.5451761 0.9411764705882353 48 1.0508817 0.9152857 0.25396872
0.5 0.55 1.0876939 1.0456166 0.54003716 0.9411764705882353 48 1.0536635 0.9315312 0.24929842
0.65 0.35 1.0669434 1.0326091 0.48627567 0.9607843137254902 49 0.97919035 0.94095194 0.14905174
0.5 0.15 1.0945851 1.0569711 0.5405061 0.9411764705882353 48 1.0527478 0.9270499 0.25099665