lengthscale l2regularizer rmse_mean rmse_median rmse_std pi_cov pi_sum nll_mean nll_median nll_std

0.5 0.75 0.9139673 0.7415558 0.48543844 0.9411764705882353 48 1.0337012 0.97061074 0.27735683
0.5 0.7 0.91017705 0.7392261 0.48797315 0.9411764705882353 48 1.0320542 0.9697516 0.27733412
0.5 0.8 0.9127637 0.74238944 0.48622167 0.9411764705882353 48 1.0347131 0.97182757 0.27707824
0.05 0.4 1.2411505 0.9196681 0.6354483 0.9019607843137255 46 1.3342586 1.0107931 0.6185754
0.15 0.1 0.9975945 0.81256634 0.5890456 0.9411764705882353 48 1.1478689 0.95584023 0.49578506
0.05 0.35 1.2452413 0.9710051 0.59744346 0.9019607843137255 46 1.3241495 0.96624565 0.61479175
0.7 0.4 0.9552065 0.8258381 0.48219985 0.9215686274509803 47 1.0313631 0.95910823 0.25203997
0.7 0.05 0.96730566 0.8262423 0.47008047 0.9215686274509803 47 1.037173 0.9629057 0.24635734
0.65 0.75 0.964865 0.82589775 0.47656947 0.9215686274509803 47 1.0334404 0.9593234 0.25122127
0.65 0.85 0.9674495 0.8253114 0.47409132 0.9215686274509803 47 1.0343952 0.9593116 0.25157064
0.7 0.35 0.9675995 0.8257643 0.4700563 0.9215686274509803 47 1.0374398 0.96151817 0.24777907
0.7 0.1 0.9532038 0.82635283 0.483249 0.9215686274509803 47 1.0303622 0.96233094 0.25194818
0.7 0.25 0.9676158 0.825721 0.47077388 0.9215686274509803 47 1.0370239 0.9619354 0.24687093
0.65 0.8 0.9575628 0.7891365 0.47791252 0.9215686274509803 47 1.0282171 0.9592902 0.25089595
0.7 0.3 0.9653436 0.8259008 0.47225088 0.9215686274509803 47 1.036203 0.9601984 0.24752143
0.65 0.95 0.96537226 0.8258836 0.47527108 0.9215686274509803 47 1.034463 0.96014297 0.25256056
0.7 0.15 0.9536327 0.8266766 0.4834217 0.9215686274509803 47 1.0311925 0.95994943 0.24965921
0.75 0.7 0.966774 0.8263943 0.47190228 0.9215686274509803 47 1.0385983 0.95963097 0.25197038
0.05 0.45 1.2487593 1.0066123 0.60667855 0.8823529411764706 45 1.3375283 0.9808508 0.61361897
0.65 1.0 0.968701 0.8261161 0.4745864 0.9215686274509803 47 1.0352197 0.96086764 0.25222933
0.65 0.9 0.96778476 0.8254806 0.4739147 0.9215686274509803 47 1.0347604 0.95971906 0.25221553
0.05 0.3 1.2292433 0.9488853 0.6035031 0.9019607843137255 46 1.328339 0.99974275 0.6051654
0.65 0.65 0.96373415 0.8248084 0.4761589 0.9215686274509803 47 1.032818 0.9590406 0.2505281
0.75 0.15 0.96508515 0.8260474 0.4721425 0.9215686274509803 47 1.0371507 0.96197474 0.24819021
0.05 0.5 1.2087632 0.9136682 0.60289913 0.9019607843137255 46 1.3179548 0.96100235 0.6259524
0.7 0.95 0.9566838 0.8264195 0.4815068 0.9215686274509803 47 1.0332733 0.9613184 0.2556532
0.8 0.05 0.9650877 0.8261544 0.47234938 0.9215686274509803 47 1.037183 0.95977813 0.24955079
0.65 0.7 0.9669592 0.82518864 0.4742656 0.9215686274509803 47 1.0337552 0.9592943 0.25036618
0.7 1.0 0.95972407 0.8265748 0.4793349 0.9215686274509803 47 1.0342216 0.96207124 0.25530827
0.75 0.05 0.96501446 0.8262508 0.47225583 0.9215686274509803 47 1.0369483 0.96122086 0.24792524
0.75 0.75 0.96696156 0.8262801 0.4717445 0.9215686274509803 47 1.0389825 0.96002996 0.25239557
0.75 1.0 0.9711727 0.82722265 0.46802187 0.9215686274509803 47 1.0414326 0.9649282 0.2528113
0.75 0.95 0.96814215 0.82703847 0.47061732 0.9215686274509803 47 1.0404873 0.9636762 0.2532884
0.7 0.2 0.96505034 0.82659817 0.47215602 0.9215686274509803 47 1.0368986 0.96226394 0.24703972
0.75 0.85 0.9704796 0.826923 0.46883976 0.9215686274509803 47 1.0403783 0.96179485 0.25229305
0.75 0.8 0.96725637 0.8264674 0.47152004 0.9215686274509803 47 1.039336 0.9607215 0.2526865
0.75 0.1 0.9649445 0.82618153 0.4722555 0.9215686274509803 47 1.0368807 0.96082914 0.248114
0.75 0.9 0.967827 0.82697505 0.47100863 0.9215686274509803 47 1.040081 0.962674 0.25308007
0.8 0.1 0.96372527 0.82604 0.4735905 0.9215686274509803 47 1.0372565 0.9604771 0.24965985
0.05 0.6 1.2389336 0.94124 0.6210486 0.9019607843137255 46 1.3369347 0.97256804 0.63142854
0.1 0.35 1.1949866 0.98846316 0.5865326 0.9019607843137255 46 1.2216346 0.96245575 0.5119346
0.15 0.5 0.95774335 0.7955278 0.5147712 0.9411764705882353 48 1.1481266 0.9531585 0.5033801
0.05 0.65 1.2161573 0.9018879 0.6119772 0.9019607843137255 46 1.3350308 0.97943443 0.6323722
0.05 0.8 1.2366002 0.92121226 0.64097023 0.9019607843137255 46 1.328973 0.9647299 0.6240237
0.1 0.4 1.1687996 1.0153203 0.5434142 0.9019607843137255 46 1.2087777 0.954046 0.48730728
0.15 0.3 0.9764379 0.7924373 0.53262913 0.9411764705882353 48 1.1448753 0.95550346 0.49381706
0.15 0.45 0.96678984 0.7764834 0.53433186 0.9411764705882353 48 1.1330242 0.9600398 0.44529065
0.15 0.55 0.9697076 0.7944013 0.52387536 0.9411764705882353 48 1.1636314 0.9580318 0.54064703
0.15 0.6 0.9523696 0.778304 0.51192456 0.9411764705882353 48 1.1353029 0.9546066 0.46088865
0.1 0.15 1.1893597 0.99100715 0.5960636 0.9019607843137255 46 1.2427619 0.971657 0.54333365
0.15 0.75 0.9726585 0.7706123 0.5050841 0.9411764705882353 48 1.1302897 0.9647308 0.45221162
0.05 0.95 1.2362993 0.89992297 0.6349024 0.9019607843137255 46 1.3521096 0.99037254 0.6288474
0.1 0.05 1.1698916 0.9879058 0.55108196 0.9215686274509803 47 1.2067075 0.9305204 0.49387226
0.15 0.4 0.97623396 0.7926514 0.5462481 0.9411764705882353 48 1.1321776 0.9575695 0.44500312
0.2 0.15 1.0187706 0.83116275 0.4443837 0.9019607843137255 46 1.2375988 0.97112906 0.55732954
0.15 0.35 0.98007596 0.8252146 0.51324564 0.9411764705882353 48 1.1426876 0.95154285 0.5001487
0.15 0.7 0.98088866 0.80158603 0.49557105 0.9411764705882353 48 1.1276109 0.95749176 0.45026803
0.1 0.2 1.1876302 1.0347395 0.5595309 0.9019607843137255 46 1.2225368 0.948459 0.51629025
0.2 0.1 0.997636 0.86059546 0.4566722 0.9215686274509803 47 1.2555535 0.9292281 0.59918123
0.2 0.05 0.9979254 0.8444838 0.46300912 0.9411764705882353 48 1.2219287 0.9320827 0.5823247
0.05 0.75 1.2548468 0.96340686 0.62270933 0.9019607843137255 46 1.3424885 0.96811044 0.63122356
0.2 0.5 0.99688816 0.8396424 0.4459993 0.9019607843137255 46 1.2358072 0.98349226 0.5368918
0.2 0.4 0.9995812 0.8255703 0.46153152 0.9215686274509803 47 1.2067053 0.9460045 0.5290872
0.1 0.8 1.1457658 1.001938 0.5196601 0.9019607843137255 46 1.2169346 0.98841 0.49390236
0.15 1.0 0.97288764 0.8145428 0.46536797 0.9215686274509803 47 1.1338013 0.9841641 0.45160046
0.05 0.85 1.2440617 0.96303236 0.6226975 0.9019607843137255 46 1.3632871 0.96873784 0.6704676
0.1 0.75 1.1394956 1.0113451 0.4974713 0.9019607843137255 46 1.1966792 0.9499198 0.46327585
0.1 0.9 1.146274 1.0050919 0.51828516 0.9019607843137255 46 1.2085874 0.96930146 0.47095466
0.1 0.65 1.1496294 1.00683 0.52366936 0.9019607843137255 46 1.2066367 0.9599352 0.48819607
0.1 0.45 1.1643207 0.9917815 0.53823423 0.9019607843137255 46 1.1865413 0.97533315 0.44043505
0.1 0.1 1.1905744 1.0076599 0.5779636 0.9019607843137255 46 1.2443836 0.9522049 0.56384665
0.1 0.5 1.1758223 1.012248 0.5444588 0.9019607843137255 46 1.2000631 0.9596096 0.4706646
0.1 0.6 1.1554868 0.994539 0.51921284 0.9019607843137255 46 1.2329931 0.9840402 0.51242137
0.15 0.2 0.9655296 0.80076915 0.5479172 0.9411764705882353 48 1.1574252 0.96938086 0.4971111
0.15 0.05 0.96734416 0.81045604 0.5348925 0.9411764705882353 48 1.1502035 0.9567586 0.50897115
0.1 0.7 1.1607236 0.9998824 0.5352311 0.9215686274509803 47 1.2282984 0.9867625 0.496145
0.5 0.65 0.9105238 0.73629355 0.4873823 0.9411764705882353 48 1.0333203 0.9688598 0.27715847
0.2 0.45 0.9958329 0.83318037 0.4598344 0.9215686274509803 47 1.2116973 0.9553459 0.54335254
0.05 1.0 1.2773666 0.9902418 0.6396835 0.8823529411764706 45 1.3561517 0.9696392 0.6249472
0.15 0.15 0.9697424 0.78896165 0.5594655 0.9215686274509803 47 1.1570092 1.0005642 0.47440487
0.1 0.55 1.1669002 1.0169065 0.524154 0.9019607843137255 46 1.2247512 0.99204385 0.48236993
0.2 0.35 0.9853034 0.8088646 0.45173198 0.8823529411764706 45 1.2474499 1.0033822 0.57239336
0.1 0.95 1.1566842 1.0119449 0.513931 0.9019607843137255 46 1.2151207 0.98162687 0.47509718
0.95 1.0 0.9869844 0.8295443 0.45686236 0.9215686274509803 47 1.0591544 1.007683 0.25355333
0.05 0.55 1.2215912 0.9082125 0.60577685 0.9019607843137255 46 1.3364624 0.983379 0.6242585
0.15 0.25 0.98416346 0.7986063 0.55058396 0.9411764705882353 48 1.1467693 0.9575999 0.50648695
0.4 0.45 0.94550955 0.81540906 0.47375646 0.9607843137254902 49 1.0003034 0.94046617 0.20508283
0.1 1.0 1.1565441 1.0067289 0.53105503 0.9019607843137255 46 1.1920252 0.96387464 0.44948122
0.35 0.75 0.9194263 0.7900534 0.42609555 0.9411764705882353 48 1.044255 0.9506217 0.23206082
0.05 0.9 1.2344059 0.93050617 0.624077 0.9019607843137255 46 1.3516569 0.96860856 0.65568507
0.1 0.85 1.1509209 1.0142517 0.5005529 0.9019607843137255 46 1.2171804 0.95480967 0.48921442
0.4 0.75 0.92389643 0.79942775 0.42651045 0.9607843137254902 49 1.0442951 0.96680963 0.26280385
0.4 0.1 0.94623506 0.81770915 0.4727421 0.9607843137254902 49 0.9965819 0.9408208 0.19400652
0.5 0.1 0.90757877 0.7238418 0.48910922 0.9411764705882353 48 1.0332177 0.96550286 0.27315176
0.6 0.5 0.9292563 0.8058403 0.4798494 0.9411764705882353 48 1.0198182 0.91403437 0.26568136
0.45 1.0 0.929989 0.730274 0.47760442 0.9411764705882353 48 1.0277731 0.9299789 0.28010932
0.05 0.25 1.2149357 0.9527404 0.58660674 0.9019607843137255 46 1.3042796 0.981391 0.5983946
0.5 0.6 0.9092779 0.73331285 0.4880342 0.9411764705882353 48 1.033107 0.9687757 0.27680674
0.05 0.2 1.2355987 0.95353687 0.6359621 0.9019607843137255 46 1.2940677 0.9683601 0.59969234
0.5 0.55 0.9091474 0.7276925 0.4877855 0.9411764705882353 48 1.0318633 0.9673229 0.27608874
0.75 0.2 0.9651036 0.8262548 0.47221237 0.9215686274509803 47 1.0371187 0.9610097 0.24847516
0.45 0.95 0.93835604 0.77059937 0.47482488 0.9607843137254902 49 1.0282096 0.92749476 0.2789265
0.35 0.9 0.91931885 0.78165865 0.4253827 0.9411764705882353 48 1.0482786 0.958354 0.2387292
0.35 0.25 0.92895985 0.80323696 0.41968733 0.9607843137254902 49 1.059387 0.94754773 0.26270905
0.35 0.2 0.97143537 0.83033895 0.4126352 0.9411764705882353 48 1.0695696 0.9492484 0.2788826
0.75 0.25 0.9650866 0.8259535 0.47218847 0.9215686274509803 47 1.0371792 0.9612404 0.24863654
0.4 0.2 0.9260011 0.81748736 0.4225339 0.9607843137254902 49 1.0430033 0.9631078 0.2578473
0.2 0.25 1.0042651 0.8429316 0.4543836 0.9411764705882353 48 1.2303841 0.93265164 0.5706381
0.15 0.85 0.97262114 0.7949009 0.48579836 0.9411764705882353 48 1.1251482 0.95809805 0.43869284
0.15 0.8 0.9639732 0.7708665 0.4846736 0.9411764705882353 48 1.1263596 0.95572424 0.45227194
0.55 0.95 0.9219948 0.75459284 0.482095 0.9411764705882353 48 1.0222318 0.92308795 0.26502708
0.35 0.95 0.9193859 0.7809354 0.42532602 0.9411764705882353 48 1.0519773 0.9637815 0.24323751
0.35 0.85 0.9196817 0.78002477 0.42511797 0.9607843137254902 49 1.0536793 0.9544275 0.25040066
0.75 0.5 0.9657947 0.8257307 0.47223264 0.9215686274509803 47 1.0375509 0.9592359 0.25029406
0.05 0.7 1.2347416 0.89682055 0.6283619 0.9019607843137255 46 1.3141245 0.9754899 0.598738
0.75 0.6 0.96630365 0.8260205 0.47215074 0.9215686274509803 47 1.0379566 0.95883334 0.25118175
0.75 0.45 0.96557033 0.8257265 0.4722443 0.9215686274509803 47 1.0373266 0.9594557 0.24988233
0.2 0.3 0.9949767 0.8108127 0.4703374 0.9019607843137255 46 1.2276497 0.9648918 0.57204515
0.15 0.9 1.0076959 0.8238 0.47962737 0.9411764705882353 48 1.1209425 0.9549643 0.4525229
0.75 0.55 0.96608174 0.8260135 0.47228137 0.9215686274509803 47 1.0376213 0.95874214 0.25070214
0.55 0.9 0.915744 0.724506 0.48468885 0.9411764705882353 48 1.026395 0.9582523 0.2644993
0.75 0.65 0.96655196 0.8262117 0.47208586 0.9215686274509803 47 1.0383108 0.9592259 0.25159106
0.75 0.35 0.96383095 0.8263571 0.4735112 0.9215686274509803 47 1.0372745 0.96055806 0.24939677
0.7 0.85 0.9697565 0.8261349 0.46935865 0.9215686274509803 47 1.0393002 0.9603902 0.25135574
0.7 0.9 0.9700202 0.82646513 0.4691701 0.9215686274509803 47 1.0395381 0.9607693 0.25147435
0.35 1.0 0.91999483 0.7770643 0.42593232 0.9607843137254902 49 1.045172 0.94515 0.24402286
0.15 0.65 0.98217696 0.7918552 0.51331943 0.9411764705882353 48 1.1244515 0.95872444 0.43983483
0.75 0.4 0.9653698 0.8257519 0.47216797 0.9215686274509803 47 1.0373396 0.96008325 0.24947931
0.5 0.9 0.9127325 0.74617994 0.48630282 0.9411764705882353 48 1.0348499 0.97318804 0.2768354
0.1 0.3 1.1971853 1.0303788 0.5805399 0.9019607843137255 46 1.2078073 0.9654958 0.47793072
0.5 0.85 0.9126565 0.7458388 0.48625168 0.9411764705882353 48 1.0369709 0.97212625 0.27644166
0.4 0.7 0.954343 0.8017837 0.4674799 0.9607843137254902 49 1.0278655 0.9395086 0.27228612
1.0 0.05 0.9952773 0.85534066 0.45481855 0.9215686274509803 47 1.0554132 0.9715556 0.25374126
0.1 0.25 1.1920726 1.0112227 0.5769146 0.9215686274509803 47 1.2407014 0.9835224 0.5282062
0.75 0.3 0.9651145 0.82577515 0.47220546 0.9215686274509803 47 1.0371733 0.9608753 0.24888016
0.6 0.65 0.9213931 0.7487725 0.4836135 0.9411764705882353 48 1.0160432 0.91801 0.26015362
0.55 0.2 0.900339 0.68844986 0.49252772 0.9607843137254902 49 1.0236413 0.9237718 0.28176263
0.7 0.45 0.9539425 0.8253417 0.48341033 0.9215686274509803 47 1.0300871 0.95908594 0.25238794
0.7 0.5 0.96792287 0.82515144 0.46994984 0.9215686274509803 47 1.0376705 0.96078646 0.24853554
0.85 0.45 0.96719456 0.8263128 0.4711991 0.9215686274509803 47 1.0387707 0.9595174 0.25251222
0.8 0.95 0.9714839 0.827513 0.46745154 0.9215686274509803 47 1.0424743 0.96729076 0.25330675
0.6 0.7 0.9472681 0.7687262 0.4839221 0.9411764705882353 48 1.0131081 0.91592574 0.25168434
0.85 0.1 0.96624327 0.82615614 0.4715303 0.9215686274509803 47 1.0379356 0.95947516 0.2511567
0.8 0.75 0.967563 0.82698345 0.4710512 0.9215686274509803 47 1.0400169 0.9623912 0.2532582
0.7 0.8 0.95592463 0.82626593 0.4820689 0.9215686274509803 47 1.0323738 0.9596772 0.25486892
0.7 0.65 0.9688099 0.8255458 0.46997824 0.9215686274509803 47 1.0380852 0.9590802 0.2497753
0.8 0.55 0.964826 0.8262926 0.47357735 0.9215686274509803 47 1.038066 0.9591567 0.25226244
0.85 0.55 0.96764547 0.82641816 0.47074187 0.9215686274509803 47 1.0395215 0.96090114 0.25308952
0.8 0.8 0.9686023 0.8270966 0.47012132 0.9215686274509803 47 1.0405722 0.96315014 0.2533157
0.6 0.9 0.9443285 0.7524775 0.48547283 0.9411764705882353 48 1.0138285 0.91957974 0.2532
0.8 0.2 0.963614 0.8258157 0.4736879 0.9215686274509803 47 1.0371827 0.959613 0.25002554
0.85 0.05 0.9662321 0.826226 0.47150847 0.9215686274509803 47 1.0379235 0.95921135 0.2511944
0.7 0.75 0.9554553 0.8261667 0.482458 0.9215686274509803 47 1.031749 0.95944464 0.2544924
0.8 0.3 0.9655039 0.82592344 0.4721713 0.9215686274509803 47 1.0375688 0.96011835 0.25022155
0.65 0.3 0.9625599 0.8256918 0.47687975 0.9215686274509803 47 1.0315775 0.9599651 0.24844007
0.8 0.85 0.9710001 0.8272721 0.4681525 0.9215686274509803 47 1.0414748 0.96422946 0.25308895
0.6 0.95 0.9394348 0.8088792 0.47881332 0.9411764705882353 48 1.0155075 0.9248051 0.24498083
0.8 0.45 0.9642358 0.8259989 0.47350538 0.9215686274509803 47 1.0377183 0.95955384 0.25140828
0.65 0.05 0.943511 0.7476853 0.48566526 0.9411764705882353 48 1.0131109 0.92503107 0.2501756
0.85 0.85 0.97223806 0.82780796 0.46683106 0.9215686274509803 47 1.0430449 0.9677315 0.25360116
0.4 0.35 0.9281681 0.81704175 0.42386535 0.9607843137254902 49 1.0449396 0.9663607 0.2596808
0.85 0.35 0.96671855 0.82600677 0.47126967 0.9215686274509803 47 1.0384176 0.95957553 0.25199005
0.85 0.65 0.9683358 0.8270525 0.47032943 0.9215686274509803 47 1.0403969 0.96229357 0.25354323
0.85 0.4 0.9669913 0.82626903 0.47131318 0.9215686274509803 47 1.0386932 0.95944655 0.2524338
0.8 0.6 0.96502304 0.82643414 0.4734801 0.9215686274509803 47 1.0382705 0.95923567 0.25261974
0.9 0.3 0.96697915 0.8261409 0.4711739 0.9215686274509803 47 1.0380658 0.9591564 0.25107366
0.8 1.0 0.9718897 0.82778466 0.46718493 0.9215686274509803 47 1.0428602 0.96820104 0.25349656
0.8 0.9 0.9712793 0.82755125 0.46778935 0.9215686274509803 47 1.0419328 0.96592647 0.25312045
0.8 0.65 0.9699192 0.8266958 0.46926445 0.9215686274509803 47 1.0395899 0.95987463 0.25213805
0.6 0.8 0.9322771 0.7873131 0.4802737 0.9411764705882353 48 1.0146469 0.91749954 0.2523992
0.65 0.45 0.9656498 0.823347 0.47434908 0.9215686274509803 47 1.0327183 0.95957637 0.24844038
0.8 0.35 0.9638548 0.82596904 0.4735536 0.9215686274509803 47 1.0374644 0.95948803 0.25086117
0.9 1.0 0.9739032 0.829008 0.46508202 0.9215686274509803 47 1.046991 0.975885 0.25401548
0.6 1.0 0.9405041 0.81252015 0.47774655 0.9411764705882353 48 1.0126257 0.92145526 0.24339132
0.65 0.15 0.9638113 0.8205334 0.47583634 0.9215686274509803 47 1.0315406 0.96039903 0.24783243
0.85 0.5 0.9674468 0.82643664 0.47119808 0.9215686274509803 47 1.039057 0.9592123 0.25300062
0.85 0.25 0.9664915 0.82602715 0.47145054 0.9215686274509803 47 1.0380784 0.95960367 0.251397
0.9 0.9 0.9708703 0.82856345 0.46767974 0.9215686274509803 47 1.0440114 0.9722438 0.25451192
0.65 0.25 0.96518296 0.82379997 0.4753995 0.9215686274509803 47 1.0322788 0.96027315 0.2477154
0.9 0.4 0.9675296 0.82628906 0.47096106 0.9215686274509803 47 1.0409852 0.9600556 0.25462788
0.9 0.2 0.9667972 0.8258951 0.47132498 0.9215686274509803 47 1.0386736 0.9589479 0.25297838
0.9 0.25 0.9667119 0.8260894 0.4712869 0.9215686274509803 47 1.0377849 0.9586277 0.25078198
0.8 0.15 0.9635865 0.8257861 0.4736796 0.9215686274509803 47 1.0371912 0.9596465 0.24994126
0.65 0.4 0.962824 0.82477 0.47719523 0.9215686274509803 47 1.0317099 0.9588061 0.24908265
0.8 0.25 0.966081 0.8259827 0.47141302 0.9215686274509803 47 1.0378342 0.9611089 0.24997272
0.3 0.5 0.9008107 0.7638291 0.44500798 0.9607843137254902 49 1.0295346 0.9490892 0.22012663
0.45 0.5 0.918225 0.7389436 0.48478186 0.9607843137254902 49 1.0235132 0.92897314 0.27780005
0.85 0.75 0.9689329 0.8273742 0.4695681 0.9215686274509803 47 1.0414212 0.96498835 0.25398108
0.85 0.2 0.96616876 0.82594573 0.4714788 0.9215686274509803 47 1.0372702 0.95904964 0.24976459
0.85 0.8 0.97131383 0.8276116 0.46761093 0.9215686274509803 47 1.0423626 0.96617746 0.25359556
0.9 0.65 0.96895945 0.82729256 0.4694653 0.9215686274509803 47 1.0424467 0.9651152 0.2547862
0.85 0.15 0.9662312 0.8262816 0.4714072 0.9215686274509803 47 1.0379125 0.9594238 0.25114992
0.6 0.85 0.9317878 0.78089494 0.48060638 0.9411764705882353 48 1.0143527 0.91865516 0.2503257
0.9 0.05 0.9669803 0.8259076 0.4710396 0.9215686274509803 47 1.0380962 0.9585486 0.251638683
0.85 0.6 0.9679963 0.8267957 0.47069958 0.9215686274509803 47 1.0398971 0.96102 0.25339416
0.95 0.9 0.97561854 0.82900906 0.46389243 0.9215686274509803 47 1.0540808 0.98161453 0.25824082
0.95 0.25 0.97454464 0.8261612 0.46523288 0.9215686274509803 47 1.0435236 0.95910263 0.2535875
0.85 0.95 0.97219306 0.82821435 0.46670514 0.9215686274509803 47 1.0437071 0.970484 0.25377896
0.95 0.05 0.9920963 0.8336892 0.4556443 0.9215686274509803 47 1.0511191 0.97881246 0.24816954
0.9 0.45 0.96990615 0.82656866 0.46919957 0.9215686274509803 47 1.0407945 0.95996463 0.2537611
1.0 0.85 0.9973227 0.85051864 0.4528267 0.9215686274509803 47 1.0652473 1.008014 0.25499734
0.45 0.85 0.93314 0.7482804 0.47599462 0.9411764705882353 48 1.0286992 0.9322835 0.27761185
0.8 0.4 0.96572715 0.82576716 0.47214374 0.9215686274509803 47 1.0378019 0.9593326 0.25104022
0.9 0.1 0.96881676 0.8261646 0.46911305 0.9215686274509803 47 1.0406692 0.9600524 0.25304374
0.9 0.85 0.97047424 0.82833564 0.4680019 0.9215686274509803 47 1.0434456 0.9706993 0.25412923
0.8 0.5 0.9668964 0.8261306 0.47146904 0.9215686274509803 47 1.0381612 0.95871747 0.25155964
0.9 0.5 0.97074336 0.8266899 0.46817124 0.9215686274509803 47 1.0407873 0.96124434 0.2533592
0.9 0.15 0.9667429 0.8260849 0.47128984 0.9215686274509803 47 1.0400805 0.95898646 0.25382894
0.7 0.55 0.96828747 0.82574093 0.47032607 0.9215686274509803 47 1.0373508 0.95856285 0.24882935
0.35 0.4 0.9267699 0.79969376 0.4215894 0.9411764705882353 48 1.0580027 0.95036685 0.25707728
0.9 0.75 0.9695486 0.8278754 0.4689021 0.9215686274509803 47 1.0426018 0.9678447 0.25439307
0.4 0.8 0.9231755 0.7949862 0.42647257 0.9607843137254902 49 1.043712 0.9648111 0.2640323
0.85 0.3 0.9665124 0.82605034 0.4713611 0.9215686274509803 47 1.0381861 0.95927703 0.25167227
0.65 0.35 0.9632767 0.8263208 0.47628936 0.9215686274509803 47 1.0319881 0.95951605 0.24828754
0.65 0.1 0.9588378 0.82321477 0.47934228 0.9215686274509803 47 1.030759 0.9609489 0.24860132
0.85 0.7 0.96854115 0.8271525 0.47002482 0.9215686274509803 47 1.040815 0.9635079 0.25375938
0.95 0.1 0.99649537 0.8550705 0.4546517 0.9215686274509803 47 1.0524167 0.9719113 0.24975634
0.9 0.35 0.9978693 0.8552693 0.45370594 0.9215686274509803 47 1.0455716 0.96019447 0.24834132
0.8 0.7 0.9701967 0.8266934 0.46913797 0.9215686274509803 47 1.040018 0.9606285 0.25249562
0.95 0.15 0.97058326 0.82607436 0.46786052 0.9215686274509803 47 1.0452454 0.9593469 0.25541237
0.65 0.2 0.9649126 0.82379556 0.4752649 0.9215686274509803 47 1.0319289 0.96056485 0.24750075
1.0 0.1 0.9955573 0.85541 0.4550737 0.9215686274509803 47 1.0554826 0.97093284 0.25340864
0.9 0.95 0.9709548 0.8287876 0.46751314 0.9215686274509803 47 1.0443994 0.9736744 0.25444052
1.0 0.95 0.9973566 0.84767336 0.45208815 0.9215686274509803 47 1.0667117 1.0184262 0.25453767
0.3 0.1 0.897764 0.77917063 0.43834147 0.9215686274509803 47 1.1410216 0.94373596 0.53360045
0.85 0.9 0.97199315 0.82798487 0.46706754 0.9215686274509803 47 1.0431907 0.96894026 0.25369447
0.2 0.55 0.99399406 0.8116889 0.4544089 0.8823529411764706 45 1.2312917 1.0028052 0.5104407
0.9 0.55 0.965645 0.82697415 0.47258106 0.9215686274509803 47 1.0400575 0.96215427 0.25454083
0.95 0.4 0.9669837 0.82653844 0.47111222 0.9215686274509803 47 1.0441186 0.9605807 0.2562024
0.95 0.35 0.96452844 0.82636863 0.47339165 0.9215686274509803 47 1.0471029 0.97682303 0.25615454
1.0 1.0 0.9975683 0.8461269 0.45194522 0.9215686274509803 47 1.0681213 1.0200087 0.2557207
0.9 0.8 0.9697291 0.82804275 0.46870977 0.9215686274509803 47 1.0436623 0.96913326 0.25500345
0.5 0.95 0.884858 0.75084996 0.44108334 0.9411764705882353 48 1.0559098 0.9874637 0.26531407
1.0 0.7 0.9971935 0.8534281 0.45355842 0.9215686274509803 47 1.061388 0.9962021 0.2540336
0.95 0.45 0.9974119 0.85553026 0.4540052 0.9215686274509803 47 1.0535514 0.9649229 0.25318345
0.95 0.3 0.98623055 0.8263097 0.45839837 0.9215686274509803 47 1.0448492 0.95951676 0.24964531
0.7 0.6 0.9664712 0.8256347 0.47186214 0.9215686274509803 47 1.0372267 0.9587084 0.24983408
0.95 0.85 0.9703965 0.8287351 0.4678266 0.9215686274509803 47 1.0556185 0.9906136 0.25973347
0.4 0.4 0.9453707 0.8140326 0.47368467 0.9607843137254902 49 1.0002501 0.93935025 0.20286994
0.95 0.95 0.99708784 0.8506954 0.45302606 0.9215686274509803 47 1.0574133 0.9837149 0.25317702
0.95 0.65 0.9796442 0.8277453 0.46161234 0.9215686274509803 47 1.0474662 0.968075 0.25318766
0.95 0.55 0.9975282 0.8553809 0.45375717 0.9215686274509803 47 1.0528077 0.9690075 0.25170845
0.9 0.7 0.9689619 0.8276317 0.46929002 0.9215686274509803 47 1.0412834 0.9657503 0.25300565
0.6 0.75 0.9494473 0.7801062 0.48310554 0.9411764705882353 48 1.0151682 0.92028594 0.2513637
0.9 0.6 0.9684766 0.82710147 0.4698548 0.9215686274509803 47 1.0422674 0.963305 0.2542444
0.5 0.15 0.9089595 0.72687256 0.48792848 0.9411764705882353 48 1.029272 0.96336746 0.2747553
1.0 0.45 0.9967477 0.85542625 0.4546441 0.9215686274509803 47 1.0596712 0.982294 0.25553071
0.3 0.05 0.9302126 0.7687767 0.48364335 0.9803921568627451 50 1.0217259 0.91343254 0.24318022
0.35 0.45 0.95693266 0.79777956 0.46451297 0.9607843137254902 49 1.0358711 0.92562044 0.2666385
1.0 0.9 0.997512 0.84915024 0.45248917 0.9215686274509803 47 1.0667922 1.0141889 0.25543466
0.05 0.05 1.2115978 0.88220704 0.6030811 0.9019607843137255 46 1.3096182 1.0104606 0.6016005
1.0 0.6 0.99704945 0.8545842 0.45392022 0.9215686274509803 47 1.0630658 0.99580425 0.25556117
1.0 0.65 0.99693555 0.85393417 0.45383054 0.9215686274509803 47 1.0608344 0.9897243 0.25452724
0.4 0.05 0.9575676 0.81947416 0.4653614 0.9607843137254902 49 1.0269848 0.94049203 0.26508863
1.0 0.35 0.9965164 0.85552746 0.45481575 0.9215686274509803 47 1.0602043 0.99166024 0.25351042
0.4 0.5 0.9263258 0.81415313 0.42237785 0.9607843137254902 49 1.0438068 0.9638941 0.26144248
1.0 0.2 0.99579066 0.85542405 0.4546557 0.9215686274509803 47 1.0595853 0.97905934 0.25582707
1.0 0.3 0.995993 0.8555385 0.45502093 0.9215686274509803 47 1.057638 0.98045903 0.25344363
1.0 0.5 0.99665534 0.8552991 0.45440856 0.9215686274509803 47 1.0585082 0.9766917 0.25547764
1.0 0.8 0.99729043 0.8515729 0.45301208 0.9215686274509803 47 1.0653596 1.002955 0.25618148
0.95 0.6 0.96778154 0.8275334 0.4701996 0.9215686274509803 47 1.0469643 0.9852854 0.2537572
0.95 0.75 0.9970991 0.8540871 0.45370764 0.9215686274509803 47 1.0555562 0.9718833 0.253824
1.0 0.4 0.9963371 0.8554714 0.45492464 0.9215686274509803 47 1.0571144 0.97191185 0.255122
1.0 0.15 0.99570113 0.8553969 0.45515093 0.9215686274509803 47 1.0566974 0.9733214 0.2545942
0.25 0.5 0.9114205 0.7712387 0.4470444 0.9019607843137255 46 1.3021148 0.9506993 0.8931016
0.2 0.2 1.00673 0.8423917 0.45416912 0.8823529411764706 45 1.2685595 1.0095404 0.5483395
1.0 0.55 0.99694073 0.8550401 0.45409647 0.9215686274509803 47 1.062278 0.9945027 0.2546325
1.0 0.75 0.9972555 0.8525572 0.45325693 0.9215686274509803 47 1.0643101 1.0045679 0.25472423
1.0 0.25 0.9956484 0.85546887 0.45489752 0.9215686274509803 47 1.0560181 0.9736646 0.25366402
0.95 0.5 0.99669826 0.8555186 0.45444524 0.9215686274509803 47 1.0557206 0.9806385 0.25135985
0.95 0.8 0.9745432 0.82859033 0.4647463 0.9215686274509803 47 1.0539365 0.9738995 0.25994593
0.65 0.5 0.96363515 0.82535625 0.47678682 0.9215686274509803 47 1.032214 0.9586376 0.24936524
0.3 0.45 0.928201 0.77450407 0.4886795 0.9803921568627451 50 1.0037603 0.90692455 0.23300102
0.35 0.7 0.9190089 0.7918268 0.42678872 0.9411764705882353 48 1.0286559 0.9449636 0.20806584
0.55 0.3 0.9185279 0.76123106 0.4839769 0.9607843137254902 49 1.0243012 0.9171485 0.2784261
0.65 0.6 0.9634241 0.82491654 0.47638473 0.9215686274509803 47 1.0324454 0.95870245 0.2502435
0.4 0.3 0.9278585 0.8171618 0.42155373 0.9607843137254902 49 1.0454633 0.9679429 0.25669652
0.3 0.75 0.90210354 0.77833873 0.44101602 0.9803921568627451 50 1.0225893 0.9447663 0.22499985
0.6 0.05 0.94178736 0.742628 0.48713076 0.9411764705882353 48 1.0107467 0.9129145 0.25005168
0.55 1.0 0.9290144 0.78731453 0.47935295 0.9411764705882353 48 1.0236981 0.9236442 0.26279366
0.45 0.8 0.90177584 0.732777 0.43414447 0.9607843137254902 49 1.044274 0.9696282 0.26820582
0.15 0.95 0.98736304 0.82473344 0.47773674 0.9411764705882353 48 1.1261353 0.9618886 0.44940433
0.35 0.35 0.9290711 0.8018149 0.4195047 0.9607843137254902 49 1.060235 0.94617134 0.2645712
0.55 0.55 0.91497886 0.73198724 0.4839662 0.9607843137254902 49 1.0285912 0.9454193 0.27679777
0.4 0.6 0.91629946 0.8098666 0.43084615 0.9607843137254902 49 1.0224538 0.966079 0.2048572
0.35 0.8 0.9665179 0.81504846 0.41565695 0.9411764705882353 48 1.0653126 0.94746053 0.27772772
0.5 0.5 0.9094537 0.72990453 0.487839 0.9411764705882353 48 1.029886 0.967835 0.27638018
0.3 0.6 0.8957795 0.7568897 0.44835782 0.9215686274509803 47 1.1249962 0.95028174 0.5027426
0.65 0.55 0.9636072 0.8251663 0.47697803 0.9215686274509803 47 1.0322833 0.9588956 0.2498218
0.3 0.55 0.9055973 0.7900162 0.43641782 0.9411764705882353 48 1.0576618 0.9839115 0.2527515
0.3 0.8 0.90451336 0.77753687 0.43837002 0.9803921568627451 50 1.0305197 0.94499314 0.23972023
0.5 0.05 0.9071655 0.72486883 0.48947495 0.9411764705882353 48 1.0304397 0.9658605 0.27291477
0.85 1.0 0.9724377 0.8284477 0.46642274 0.9215686274509803 47 1.0440891 0.97195697 0.2538414
0.35 0.5 0.91859114 0.7968695 0.42605165 0.9607843137254902 49 1.0507123 0.94497013 0.25336465
0.4 0.15 0.9571964 0.82038045 0.4652967 0.9607843137254902 49 1.0265956 0.93984157 0.26648754
0.35 0.3 0.99340266 0.8192694 0.45822737 0.9411764705882353 48 1.0283263 0.92377543 0.2591267
0.2 0.95 1.0034721 0.8182324 0.44855726 0.9019607843137255 46 1.2105263 1.0046916 0.48872542
0.4 0.55 0.927268 0.8072276 0.4237742 0.9607843137254902 49 1.0457786 0.9686928 0.26176533
0.45 0.9 0.9382574 0.77158904 0.47469005 0.9411764705882353 48 1.0284219 0.9278197 0.27818814
0.55 0.85 0.92041856 0.7523824 0.4818755 0.9411764705882353 48 1.0248202 0.9381682 0.2675211
0.6 0.25 0.94829434 0.77791524 0.4837438 0.9411764705882353 48 1.0129986 0.9158176 0.24926794
0.45 0.1 0.8912121 0.73955417 0.44053096 0.9607843137254902 49 1.0390861 0.9692805 0.265694
0.3 0.9 0.90263826 0.78843665 0.44008562 0.9411764705882353 48 1.0590327 0.9718913 0.2872301
0.45 0.25 0.9374119 0.7651378 0.4742427 0.9607843137254902 49 1.0243162 0.9286381 0.27316108
0.25 0.4 0.91771823 0.80782175 0.45027322 0.9215686274509803 47 1.2874506 0.9487628 0.85772145
0.3 0.2 0.8933298 0.7618242 0.44127947 0.9215686274509803 47 1.1434684 0.94368374 0.5368418
0.25 0.6 0.9200382 0.7882849 0.4464955 0.9019607843137255 46 1.2974367 0.9517499 0.8718744
0.2 0.8 0.9867026 0.8096805 0.46160817 0.9019607843137255 46 1.2298887 0.96899337 0.52953064
0.5 0.35 0.8756898 0.7271669 0.44624877 0.9411764705882353 48 1.0461235 0.9687955 0.2662261
0.25 0.55 0.9228821 0.78206885 0.4351708 0.9215686274509803 47 1.2379062 0.91570437 0.8766767
0.25 0.3 0.9104552 0.78620255 0.44752812 0.9019607843137255 46 1.3212385 0.9490851 0.9542019
0.05 0.15 1.2524638 0.94483244 0.65572375 0.9019607843137255 46 1.3213716 0.99823344 0.6085082
0.55 0.45 0.903613 0.7029729 0.4912099 0.9607843137254902 49 1.0216115 0.9178326 0.2809867
0.25 0.35 0.9043938 0.750018 0.45340422 0.9411764705882353 48 1.288801 0.91335917 0.90974504
0.2 0.65 0.9915248 0.83017296 0.46152967 0.9019607843137255 46 1.2165229 0.9696989 0.5234907
0.6 0.2 0.95397073 0.8055204 0.4817316 0.9411764705882353 48 1.0131093 0.912477 0.24864075
0.55 0.5 0.9044331 0.7055526 0.49072018 0.9607843137254902 49 1.0204432 0.91830814 0.27862978
0.25 0.05 0.91215247 0.7914942 0.4494352 0.9411764705882353 48 1.271182 0.9176745 0.9054164
0.45 0.65 0.8870512 0.73212695 0.4429806 0.9607843137254902 49 1.0395612 0.96709096 0.26973704
0.35 0.1 0.96504843 0.8311021 0.4174543 0.9411764705882353 48 1.038379 0.9461997 0.23681036
0.25 0.2 0.9088489 0.7924915 0.44954872 0.9215686274509803 47 1.3214489 0.98964703 0.8969915
0.4 0.9 0.94844246 0.7878603 0.4707066 0.9607843137254902 49 1.0261309 0.9364708 0.2714947
0.35 0.15 0.9227363 0.8002281 0.42473057 0.9607843137254902 49 1.0306051 0.9449445 0.21739139
0.5 1.0 0.9168488 0.7563646 0.48341662 0.9215686274509803 47 1.038283 0.9747182 0.27444738
0.2 1.0 0.9839845 0.81624424 0.45490608 0.9215686274509803 47 1.203026 0.9687469 0.50660354
0.45 0.05 0.9270073 0.7399502 0.48071092 0.9607843137254902 49 1.0206282 0.9260464 0.27452317
0.45 0.6 0.93552315 0.7538104 0.47536886 0.9607843137254902 49 1.0261856 0.9289553 0.2758735
0.2 0.75 0.9968985 0.80726135 0.4823177 0.9215686274509803 47 1.1972389 0.9663404 0.52458483
0.25 0.1 0.91627437 0.8023499 0.46022514 0.9411764705882353 48 1.2851632 0.91913974 0.89000696
0.6 0.35 0.94094956 0.7396945 0.48712078 0.9411764705882353 48 1.0116693 0.91454256 0.25114584
0.3 0.85 0.9035576 0.7681587 0.43545946 0.9411764705882353 48 1.0317925 0.9834529 0.2060587
0.25 0.75 0.92776597 0.7995733 0.4314516 0.9215686274509803 47 1.2011354 0.95046437 0.70092595
0.3 0.15 0.9326415 0.7810856 0.48329037 0.9607843137254902 49 1.0298054 0.94359636 0.24172454
0.25 0.9 0.9389551 0.81728315 0.43944755 0.9411764705882353 48 1.1522857 0.95787394 0.6017788
0.2 0.9 0.9898942 0.81491745 0.46127668 0.9019607843137255 46 1.2103114 1.0061224 0.4930818
0.4 0.65 0.92648447 0.8070154 0.4240953 0.9607843137254902 49 1.0452688 0.96612775 0.26232758
0.55 0.35 0.9105011 0.7200848 0.48707476 0.9607843137254902 49 1.0238967 0.9174177 0.2809037
0.5 0.4 0.9089836 0.7258765 0.48749214 0.9411764705882353 48 1.0320251 0.96705127 0.27458495
0.25 1.0 0.9447449 0.7964657 0.42092615 0.8823529411764706 45 1.3185953 0.9541906 0.71453255
0.35 0.05 0.9294878 0.8062961 0.4201678 0.9607843137254902 49 1.0581329 0.9480318 0.2597313
0.25 0.8 0.93477917 0.80454165 0.43979815 0.9215686274509803 47 1.1733539 0.95751643 0.6648661
0.4 0.25 0.9267486 0.81524277 0.42377383 0.9607843137254902 49 1.0450308 0.9727289 0.25645146
0.25 0.65 0.9321297 0.7914424 0.43089652 0.9215686274509803 47 1.2001474 0.9496846 0.749176
0.3 0.65 0.8944249 0.75827575 0.4407275 0.9607843137254902 49 1.0478116 0.94444 0.2962711
0.5 0.45 0.9090403 0.7324889 0.48795336 0.9411764705882353 48 1.0328575 0.964874 0.2759683
0.45 0.75 0.91638994 0.7322179 0.48601943 0.9607843137254902 49 1.0227867 0.92954683 0.2799908
0.3 0.95 0.8966101 0.75205886 0.44147953 0.9803921568627451 50 1.0230411 0.94524705 0.24381185
0.3 0.7 0.8973483 0.76646 0.43806735 0.9411764705882353 48 1.0619816 0.944638 0.2991086
0.45 0.2 0.92361754 0.74197316 0.48153818 0.9607843137254902 49 1.0224593 0.9254736 0.274814
0.7 0.7 0.9580008 0.82599515 0.4805304 0.9215686274509803 47 1.0321352 0.95929885 0.25371394
0.35 0.65 0.9486581 0.79487884 0.4700238 0.9607843137254902 49 1.0123459 0.94285357 0.21765816
0.2 0.6 0.9873017 0.8095405 0.45910296 0.9215686274509803 47 1.2267581 1.0000374 0.52226996
0.45 0.7 0.9199001 0.7300787 0.48393762 0.9607843137254902 49 1.022826 0.9289707 0.2784307
0.35 0.55 0.9255994 0.7977529 0.42205656 0.9607843137254902 49 1.0512214 0.9494543 0.25188914
0.3 1.0 0.8977438 0.7691983 0.443266 0.9803921568627451 50 1.0322864 0.9435071 0.26693285
0.45 0.4 0.94743365 0.7935959 0.4714371 0.9607843137254902 49 1.0264264 0.92918706 0.273187
0.25 0.7 0.9130313 0.7700838 0.44425473 0.9411764705882353 48 1.2532749 0.9512438 0.7568426
0.5 0.3 0.90820235 0.7219895 0.4878643 0.9411764705882353 48 1.0301092 0.96801335 0.27241546
0.6 0.1 0.94932735 0.7811631 0.48329505 0.9411764705882353 48 1.0122385 0.91247207 0.24892034
0.55 0.6 0.9049118 0.7104472 0.48930886 0.9411764705882353 48 1.0183846 0.9191785 0.27600372
0.35 0.6 0.92426956 0.794043 0.42264253 0.9607843137254902 49 1.0546498 0.9558175 0.25467744
0.6 0.3 0.9184472 0.7565093 0.48341694 0.9411764705882353 48 1.0207216 0.91270435 0.27078158
0.45 0.15 0.91870624 0.7373978 0.48618928 0.9607843137254902 49 1.01981 0.9269818 0.27357945
0.5 0.25 0.9099394 0.7288059 0.4870016 0.9411764705882353 48 1.0294011 0.96502054 0.2746301
0.45 0.3 0.92179203 0.74260217 0.4828986 0.9607843137254902 49 1.0215367 0.9272542 0.27694649
0.2 0.85 0.9928832 0.82266045 0.4601217 0.9215686274509803 47 1.205622 0.9711374 0.5029653
0.25 0.45 0.9203747 0.7964657 0.43958163 0.9019607843137255 46 1.3133129 0.97476137 0.91141975
0.6 0.45 0.941175 0.7416262 0.48694345 0.9411764705882353 48 1.0114492 0.9150785 0.25079486
0.55 0.1 0.9097959 0.7133006 0.48889565 0.9607843137254902 49 1.0223244 0.917061 0.28073457
0.55 0.65 0.90676844 0.7153115 0.48919252 0.9411764705882353 48 1.0187645 0.9269049 0.27357662
0.55 0.25 0.9105159 0.7203648 0.48714834 0.9607843137254902 49 1.0220661 0.917695 0.27990642
0.25 0.15 0.91463804 0.7932768 0.44769937 0.9019607843137255 46 1.3364815 0.99206257 0.92150986
0.25 0.25 0.91942704 0.78840005 0.44111672 0.9411764705882353 48 1.2022976 0.9197246 0.8035881
0.55 0.8 0.9357951 0.7208168 0.48977345 0.9411764705882353 48 1.0098059 0.9212322 0.25052425
0.45 0.35 0.88966084 0.74065125 0.44195968 0.9607843137254902 49 1.0395148 0.9725745 0.26767686
0.3 0.4 0.92659366 0.7396183 0.49256587 0.9803921568627451 50 1.0156035 0.90976477 0.24493992
0.25 0.85 0.9311144 0.790817 0.44401556 0.9215686274509803 47 1.1857387 0.9571647 0.70209956
0.6 0.15 0.94119817 0.738538 0.4871202 0.9411764705882353 48 1.0116836 0.91234654 0.25156257
0.45 0.45 0.9475325 0.79174995 0.47071224 0.9607843137254902 49 1.0283356 0.9306989 0.27357614
0.55 0.75 0.9083533 0.72040474 0.48839226 0.9411764705882353 48 1.0196254 0.920856 0.2731143
0.3 0.3 0.8986823 0.77885246 0.43949914 0.9607843137254902 49 1.0194196 0.9439509 0.20585538
0.4 0.95 0.9403885 0.7866497 0.47579402 0.9607843137254902 49 1.0152006 0.9354683 0.24357945
0.2 0.7 0.98865783 0.80929226 0.46387103 0.9019607843137255 46 1.225066 1.001503 0.5039965
0.45 0.55 0.937092 0.7554672 0.47490343 0.9607843137254902 49 1.0250294 0.93020976 0.27542233
0.4 0.85 0.9125732 0.7922635 0.43289444 0.9607843137254902 49 1.0288528 0.96711427 0.22446868
0.6 0.4 0.9538435 0.80364406 0.48144868 0.9411764705882353 48 1.0134766 0.9125233 0.24929205
0.55 0.4 0.9187149 0.7639246 0.48318845 0.9607843137254902 49 1.0230901 0.91775876 0.27701807
0.55 0.05 0.9099472 0.71317685 0.48851246 0.9607843137254902 49 1.0233188 0.9171947 0.28129098
0.3 0.25 0.8992321 0.7769152 0.43987012 0.9803921568627451 50 1.0227294 0.94319934 0.20740582
0.4 1.0 0.919536 0.7856289 0.42865267 0.9607843137254902 49 1.0435498 0.96600336 0.26530457
0.3 0.35 0.9247845 0.770506 0.4823699 0.9803921568627451 50 1.013551 0.9101543 0.2297309
0.25 0.95 0.9159169 0.80501854 0.44868308 0.9215686274509803 47 1.2185984 0.9563179 0.66134346
0.55 0.7 0.90591335 0.72058284 0.49042127 0.9411764705882353 48 1.0205882 0.92030585 0.27561408
0.6 0.55 0.95350397 0.80216765 0.4816495 0.9411764705882353 48 1.0141438 0.9144215 0.2500274
0.55 0.15 0.91716117 0.7501242 0.48453635 0.9607843137254902 49 1.0268133 0.9176501 0.28107414
0.6 0.6 0.95370483 0.8032409 0.48159158 0.9411764705882353 48 1.0146191 0.9168693 0.25005296
0.5 0.2 0.9099573 0.72875416 0.4870801 0.9411764705882353 48 1.029914 0.9638144 0.2746495
0.05 0.1 1.2613347 1.0378504 0.61618334 0.9215686274509803 47 1.3219707 0.9975787 0.60108614