lengthscale l2regularizer bne_rmse_mean bne_rmse_median bne_std bne_cov nll_bne_mean nll_bne_median
0.05 0.9 1.220198 1.2384052 0.29530895 0.9803921568627451 0.9182089 0.9027178
0.05 0.3 2.1636357 1.8432833 1.3212451 0.9411764705882353 0.9530749 0.9467979
0.05 0.5 1.4732379 1.5199571 0.44242713 0.9803921568627451 0.9388671 0.9304536
0.05 0.4 2.120454 1.5819142 1.5224015 0.9607843137254902 0.93484396 0.92791265
0.05 0.8 1.3645868 1.42853 0.2945451 0.9803921568627451 0.937787 0.92002165
0.05 0.7 2.1464615 1.5733128 1.7560946 0.9803921568627451 0.9441778 0.9314877
0.05 0.05 2.1362019 2.2119431 0.8063692 0.9215686274509803 0.9016102 0.9057853
0.05 0.2 3.4028776 1.6268141 4.3373613 0.9215686274509803 1.0364121 1.0610982
0.05 0.6 1.6750027 1.6842288 0.40528396 0.9803921568627451 1.114762 0.957754
0.05 1.5 1.1823145 1.0789045 0.39222732 1.0 0.96449614 0.9150574
0.05 1.3 1.1920803 1.0001198 0.35638934 0.9803921568627451 0.9816776 0.96833235
0.05 1.4 1.1326243 1.0076172 0.3530046 1.0 0.9781293 0.98410773
0.05 1.2 1.1770785 1.0228773 0.313003 0.9803921568627451 0.9475511 0.9122404
0.05 1.1 1.3142835 1.3469417 0.3509215 1.0 0.908752 0.91453826
0.05 1.0 1.2329665 1.1460989 0.36274064 1.0 0.9359661 0.92034453
0.05 0.1 2.5577152 1.5836623 1.883424 0.9411764705882353 0.9713678 0.91157985
0.05 1.8 1.0928975 0.9941623 0.39143565 1.0 0.98612803 0.93996567
0.05 1.7 1.1045705 0.99542487 0.39186358 1.0 0.99185306 0.91634166
0.05 3.0 1.077321 1.0569785 0.505653 0.9803921568627451 1.0686256 0.96727014
0.05 4.25 1.0697792 1.0750961 0.51719916 0.9803921568627451 1.1172076 1.0050905
0.05 2.75 1.0877106 1.0699301 0.47152504 1.0 1.0688037 0.9510966
0.05 1.9 1.1352664 1.0135944 0.4405008 1.0 0.994205 0.9495561
0.05 3.5 1.0717369 1.063391 0.5208722 0.9803921568627451 1.0872141 0.97200453
0.05 2.5 1.0967264 1.0542343 0.45001826 1.0 1.0633742 0.94864583
0.05 3.25 1.0774802 1.0938799 0.5074308 1.0 1.1076351 0.97323745
0.05 1.6 1.1244832 1.0073702 0.33934924 1.0 1.0339738 0.90625983
0.05 2.25 1.0958701 1.0531235 0.45807764 0.9607843137254902 1.1074489 0.9737125
0.1 0.3 2.236471 2.0245252 1.1542577 0.9215686274509803 1.2197218 0.96131814
0.05 4.5 1.0721215 1.0868351 0.5166649 0.9607843137254902 1.1120905 0.99827087
0.1 0.5 2.1810634 2.1948013 0.83624 0.9019607843137255 1.3604865 1.0423055
0.05 4.0 1.0823816 1.0975367 0.51049095 0.9803921568627451 1.1259009 1.0030606
0.05 3.75 1.0976173 1.1096984 0.5289379 0.9803921568627451 1.1301483 0.9851924
0.1 0.6 1.865266 1.8111827 0.7293267 0.8823529411764706 1.2348336 0.9873956
0.1 0.05 3.0165272 2.454389 1.5478851 0.9019607843137255 1.1390496 1.0049646
0.1 0.2 2.5954223 2.3224273 0.91432834 0.9215686274509803 1.0725808 0.9596266
0.05 5.0 1.0708952 1.0858091 0.5165619 0.9607843137254902 1.1109048 0.9963058
0.05 4.75 1.0782853 1.1020331 0.5248624 0.9607843137254902 1.1216314 1.0036879
0.05 2.0 1.0768117 1.0595037 0.4134183 1.0 1.0516587 0.92265165
0.1 0.4 3.2166498 2.4164639 2.1003022 0.8431372549019608 1.4695129 1.0167651
0.1 3.0 1.2041512 1.1145396 0.36581606 0.9607843137254902 1.1356353 1.0274693
0.1 0.9 2.0114434 1.9279497 0.62600493 0.9215686274509803 1.0659895 0.9195429
0.1 1.5 1.4534373 1.3304609 0.5102591 0.9607843137254902 1.0552043 1.0045698
0.1 3.25 1.1923468 1.1049447 0.3589743 0.9607843137254902 1.1682523 0.9916276
0.1 0.1 2.311413 1.9648254 0.95846564 0.9803921568627451 1.0864996 0.9660298
0.1 0.8 1.8456348 1.8895769 0.7101656 0.9215686274509803 1.0738875 0.9204841
0.1 1.0 1.779055 1.6531107 0.5801398 0.9607843137254902 1.0588907 0.92195
0.1 3.5 1.1635476 1.1067412 0.35226643 0.9607843137254902 1.1847838 0.98976207
0.1 2.75 1.2205725 1.1005995 0.38073695 0.9607843137254902 1.1213651 1.027464
0.1 1.2 1.5549461 1.5300058 0.5903702 0.9607843137254902 1.0422661 0.98019385
0.1 1.3 1.5493364 1.4764218 0.601919 0.9411764705882353 1.0595082 0.9205781
0.1 0.7 2.063296 2.1104994 0.6953751 0.9803921568627451 1.049517 0.9417356
0.1 2.25 1.2879909 1.1616213 0.3932113 0.9411764705882353 1.1030228 1.1056924
0.1 1.8 1.377788 1.2375835 0.45338774 0.9607843137254902 1.0139638 1.0207667
0.2 0.05 14.592038 5.651416 16.380941 0.8823529411764706 1.477409 0.94150984
0.2 0.3 4.69665 3.949758 2.691541 0.7058823529411765 2.7240028 1.14228324
0.1 1.9 1.3358592 1.2197845 0.4032542 0.9411764705882353 1.0452403 1.091864
0.1 4.25 1.120413 1.0510184 0.33629254 0.9411764705882353 1.23471 0.98454
0.1 1.1 1.6969486 1.6788092 0.5905278 0.9607843137254902 1.022962 0.9884109
0.1 4.0 1.1400174 1.0757003 0.34071952 0.9411764705882353 1.2305692 0.9703233
0.2 2.25 1.5980722 1.4479003 0.594068 0.8235294117647058 2.0818174 1.3937027
0.1 1.7 1.3638829 1.2826242 0.42076632 0.9215686274509803 1.0877076 1.0696325
0.1 2.5 1.2469459 1.1414294 0.37895447 0.9411764705882353 1.0799559 1.0611732
0.2 2.5 1.5491759 1.3796268 0.6127338 0.8431372549019608 1.8067964 1.4245436
0.2 2.75 1.5021116 1.3289778 0.6063819 0.8431372549019608 1.6898693 1.4508641
0.1 1.6 1.430312 1.3421426 0.53347117 0.9411764705882353 1.0206695 1.0020654
0.2 0.1 17.415625 5.479649 24.457945 0.8627450980392157 1.6770849 1.1172091
0.1 3.75 1.1458682 1.0904603 0.3317959 0.9607843137254902 1.2117041 1.0031114
0.1 2.0 1.3625344 1.2937059 0.42011404 0.9607843137254902 1.0724813 1.0913199
0.2 1.1 2.350293 2.2904768 0.64123297 0.6666666666666666 4.0423036 1.3437792
0.1 1.4 1.5069054 1.4422274 0.5303596 0.9411764705882353 1.1256667 1.0951099
0.2 0.7 3.286391 3.1202178 1.3713405 0.7254901960784313 2.7045648 1.199321
0.2 0.4 5.328319 3.430598 4.294242 0.803921568627451 1.8990854 1.0644875
0.1 5.0 1.1025971 1.0137118 0.33235696 0.9215686274509803 1.2987682 1.0065333
0.2 0.8 2.6967366 2.401432 1.1116738 0.6862745098039216 3.0662928 1.1719348
0.1 4.5 1.1118084 1.0421486 0.32964805 0.9411764705882353 1.2746233 0.9936134
0.2 0.5 4.4101415 3.4957871 2.6130936 0.8431372549019608 2.074175 1.186762
0.2 0.9 2.9456618 2.787941 1.1175379 0.6862745098039216 3.124754 1.248953
0.1 4.75 1.1085421 1.0339975 0.32879767 0.9411764705882353 1.2804722 1.0079527
0.2 1.3 2.0691955 1.9396842 0.52475876 0.7058823529411765 4.8634143 1.4721999
0.2 1.2 2.1989868 1.9929138 0.6371569 0.6666666666666666 5.10894 1.3341305
0.2 3.0 1.4661397 1.2816355 0.5972196 0.8431372549019608 1.5488664 1.4300725
0.2 0.6 3.8716452 3.2240934 1.9609953 0.7450980392156863 2.5624418 1.122961
0.2 1.0 2.7356327 2.7321262 0.91051036 0.6666666666666666 3.6715457 1.311959
0.3 1.8 1.2729789 1.162804 0.39464688 0.8431372549019608 1.4842869 1.1947105
0.3 1.9 1.2612218 1.1473825 0.38321745 0.8431372549019608 1.5034853 1.184046
0.2 1.4 1.9748703 1.9049183 0.5235289 0.7058823529411765 4.4754014 1.4768252
0.3 1.6 1.3233021 1.2335682 0.44031978 0.8627450980392157 1.4824182 1.2407278
0.3 1.7 1.2982372 1.2044909 0.4238659 0.8627450980392157 1.4628803 1.2558017
0.2 1.7 1.791109 1.6520078 0.5329825 0.7254901960784313 3.7894392 1.4860065
0.2 1.9 1.695488 1.5134346 0.5678435 0.7058823529411765 2.8153677 1.4053273
0.2 1.6 1.8302088 1.7085543 0.52055806 0.7254901960784313 4.1297355 1.4895892
0.3 2.0 1.2293824 1.1321912 0.34871277 0.8627450980392157 1.4323541 1.119591
0.2 2.0 1.6658163 1.5027344 0.580283 0.7254901960784313 2.8313324 1.4001377
0.2 1.5 1.9103504 1.8753037 0.51389986 0.7058823529411765 4.523683 1.5058956
0.2 1.8 1.7282044 1.5703459 0.5407005 0.7058823529411765 3.3397515 1.4679427
0.3 3.75 1.0207676 0.854152 0.33253896 0.9019607843137255 1.2102767 0.9248686
0.3 4.25 1.0000881 0.82266927 0.34585497 0.9019607843137255 1.1533014 0.92007375
0.3 2.75 1.0958697 0.97018534 0.30988804 0.9215686274509803 1.3055 0.9746448
0.3 1.5 1.3444017 1.228062 0.46578088 0.8431372549019608 1.5410494 1.3011317
0.2 3.5 1.3843442 1.1877459 0.5671405 0.8823529411764706 1.4139156 1.3869572
0.2 3.75 1.3534122 1.1660104 0.54332024 0.8823529411764706 1.3789753 1.3712931
0.3 0.5 1.6896335 1.4633181 0.67778707 0.7058823529411765 3.1786373 1.6542606
0.3 0.05 1.7963343 1.4833478 0.80294377 0.6470588235294118 3.354102 1.7171369
0.3 4.75 0.98477894 0.80381817 0.34922025 0.9215686274509803 1.1436018 0.91606
0.3 0.9 1.5006043 1.3546181 0.6572926 0.8627450980392157 1.7284678 1.5057168
0.2 4.0 1.3240358 1.1294856 0.529036 0.8823529411764706 1.3429579 1.340802
0.3 0.6 1.6007977 1.3919694 0.6747919 0.7450980392156863 2.6472247 1.6203778
0.3 2.25 1.1681619 1.0593994 0.31366295 0.9019607843137255 1.390224 1.0295728
0.3 0.8 1.5472636 1.3788801 0.69363487 0.7647058823529411 1.9977823 1.5449535
0.3 4.0 1.0099301 0.8407271 0.34060854 0.9019607843137255 1.1748492 0.92435527
0.4 0.2 1.3950988 1.4515662 0.43856812 0.8823529411764706 1.1932361 1.0198339
0.2 5.0 1.2225362 1.0294404 0.46468437 0.9215686274509803 1.2440438 1.2233708
0.3 3.0 1.0679342 0.92990124 0.32082662 0.9215686274509803 1.2422705 0.9547633
0.4 0.7 1.2192307 1.2252889 0.2835882 0.9019607843137255 1.2667218 1.0199153
0.2 3.25 1.4206156 1.2254808 0.5884694 0.8431372549019608 1.464304 1.4056928
0.4 0.6 1.2831213 1.385088 0.2958221 0.8823529411764706 1.1883897 0.9927261
0.4 0.05 1.383093 1.3659148 0.42878443 0.8431372549019608 1.4389172 1.0775092
0.2 4.25 1.291442 1.0958979 0.50831246 0.9215686274509803 1.3138757 1.3011966
0.4 0.3 1.3524957 1.4048023 0.38401762 0.8823529411764706 1.1907253 0.981414
0.4 0.1 1.3483862 1.3552533 0.38490388 0.8823529411764706 1.3881928 1.0346558
0.4 0.4 1.3326215 1.4123464 0.37624416 0.9019607843137255 1.1502018 0.98190606
0.3 0.3 1.6982187 1.4661521 0.6746337 0.6862745098039216 3.1634057 1.5964617
0.3 1.2 1.4328645 1.3156409 0.5622381 0.8431372549019608 1.631587 1.392144
0.3 1.1 1.4556197 1.3054295 0.61128426 0.8627450980392157 1.6801466 1.4442014
0.4 0.5 1.2942315 1.2991652 0.34555548 0.8823529411764706 1.2077545 1.0246769
0.3 0.4 1.7470113 1.5767195 0.7015665 0.7058823529411765 3.1730874 1.7370061
0.3 0.2 1.7709004 1.5431833 0.6477681 0.6666666666666666 3.4275067 1.6504673
0.3 3.5 1.0340288 0.878662 0.3287442 0.9019607843137255 1.2124984 0.934759
0.3 1.3 1.3987128 1.258258 0.54022104 0.8431372549019608 1.604801 1.3211801
0.3 2.5 1.1257025 1.0126411 0.3104428 0.9019607843137255 1.328232 1.0028431
0.2 4.5 1.2691852 1.0746226 0.4947031 0.9215686274509803 1.2925898 1.2824306
0.3 0.1 1.7438349 1.5020113 0.67504996 0.6666666666666666 2.9432356 1.5757508
0.4 1.2 1.1468174 1.0522912 0.32850978 0.9019607843137255 1.2453032 1.0309942
0.3 1.4 1.3714715 1.2446423 0.502597 0.8431372549019608 1.568106 1.3067553
0.4 0.8 1.237861 1.2128792 0.2962019 0.9019607843137255 1.2623235 1.062525
0.4 1.4 1.1044637 0.96576566 0.34664297 0.9411764705882353 1.1941429 0.98823595
0.3 1.0 1.4934586 1.3531102 0.63584685 0.8627450980392157 1.7047638 1.4148566
0.3 0.7 1.602407 1.3914557 0.6889488 0.7254901960784313 2.7825193 1.6364908
0.4 1.7 1.0380014 0.8566581 0.37881204 0.9607843137254902 1.0909003 0.9245683
0.4 1.6 1.0612162 0.8916131 0.37558636 0.9607843137254902 1.1231449 0.9439587
0.4 1.0 1.1786457 1.139261 0.29298854 0.9215686274509803 1.2449472 1.0413103
0.4 1.5 1.0761486 0.9068582 0.3642054 0.9411764705882353 1.1587118 0.9614994
0.4 1.1 1.1489779 1.0541803 0.31438503 0.9215686274509803 1.2358333 1.0229588
0.2 4.75 1.2443041 1.0467227 0.47727004 0.9215686274509803 1.2730713 1.2412965
0.4 3.25 0.94924253 0.7501317 0.38402554 0.9411764705882353 1.0209951 0.9070618
0.4 3.0 0.95736605 0.75817406 0.383717 0.9411764705882353 1.0288818 0.9076201
0.4 2.75 0.96745247 0.7653221 0.38703465 0.9411764705882353 1.0305742 0.90546143
0.4 3.75 0.9376815 0.74234396 0.38458234 0.9411764705882353 1.0172569 0.91231596
0.4 1.9 1.0280137 0.8408935 0.3877087 0.9607843137254902 1.0734779 0.92343223
0.5 0.2 1.2407 1.1441832 0.48661864 0.9411764705882353 1.1211152 1.1401702
0.4 1.3 1.1095786 0.9956043 0.3293223 0.9215686274509803 1.2100803 0.9958166
0.5 0.4 1.219566 1.0868752 0.5353588 0.9019607843137255 1.1502973 1.1776748
0.5 0.1 1.2713867 1.1589708 0.54210955 0.9215686274509803 1.1187391 1.143045
0.4 2.25 0.9960792 0.7967292 0.3886521 0.9411764705882353 1.0546664 0.9100573
0.4 2.5 0.981211 0.7818699 0.387865 0.9411764705882353 1.0385388 0.90707254
0.4 5.0 0.9208858 0.73498166 0.3905597 0.9215686274509803 1.016455 0.9318576
0.4 3.5 0.9423848 0.74557245 0.38297725 0.9411764705882353 1.0203485 0.9092685
0.4 2.0 1.013923 0.8229946 0.3872373 0.9607843137254902 1.0606261 0.91611767
0.5 2.75 0.9323201 0.7390292 0.40580928 0.9215686274509803 1.0047854 0.9295536
0.5 2.5 0.9405248 0.74035573 0.41329834 0.9215686274509803 1.0068885 0.9244141
0.5 0.3 1.246584 1.141876 0.5155815 0.9215686274509803 1.1221534 1.1736257
0.4 1.8 1.0311165 0.8389061 0.38410187 0.9607843137254902 1.0829132 0.92173934
0.5 2.25 0.95147943 0.7420579 0.42291614 0.9215686274509803 1.0015247 0.91759527
0.4 4.0 0.9315429 0.74036384 0.38252476 0.9411764705882353 1.0194564 0.9173453
0.5 0.05 1.2620795 1.1960421 0.49354824 0.9215686274509803 1.110038 1.1391084
0.4 4.25 0.92901665 0.73855424 0.3864625 0.9215686274509803 1.0178727 0.9227878
0.4 4.75 0.9228211 0.73442495 0.38886324 0.9215686274509803 1.0175539 0.92746806
0.4 4.5 0.9256441 0.73759305 0.3868251 0.9215686274509803 1.0204316 0.92693603
0.6 1.1 1.008941 0.7533895 0.5183439 0.9411764705882353 0.9884884 0.92109644
0.6 1.0 1.0194143 0.75656426 0.52405274 0.9411764705882353 0.995831 0.934381
0.6 0.9 1.043222 0.76020205 0.55854034 0.9215686274509803 0.9967379 0.9487361
0.6 0.8 1.0650302 0.7659395 0.5867526 0.9215686274509803 0.9877648 0.96205986
0.5 1.3 1.0476822 0.7756031 0.5179043 0.9411764705882353 1.0310214 0.95396864
0.5 0.7 1.149892 0.9170507 0.53584164 0.9411764705882353 1.0933915 1.0779922
0.5 1.1 1.0862997 0.8092889 0.55229425 0.9411764705882353 1.0452698 0.9799699
0.5 0.8 1.1244075 0.8972287 0.5146206 0.9607843137254902 1.0993754 1.0557823
0.5 1.0 1.0936133 0.82173 0.53828806 0.9411764705882353 1.0682966 1.0049442
0.5 0.6 1.1637205 0.95206046 0.5303943 0.9411764705882353 1.1036323 1.1084328
0.5 1.2 1.0464064 0.7895942 0.4950816 0.9411764705882353 1.0375348 0.9590122
0.5 0.9 1.1161395 0.8381413 0.56154716 0.9411764705882353 1.0848376 1.0358374
0.5 0.5 1.1891948 1.0065382 0.5210072 0.9411764705882353 1.120107 1.13819
0.6 2.0 0.943367 0.7407558 0.43622708 0.9215686274509803 1.0160731 0.93006635
0.6 2.25 0.93222237 0.73944974 0.4244851 0.9019607843137255 1.0178131 0.93833053
0.5 1.7 0.9915679 0.75299394 0.45774361 0.9411764705882353 1.0164558 0.90858644
0.5 1.6 1.0003524 0.75595075 0.47072765 0.9411764705882353 1.0206003 0.9199381
0.5 1.8 0.98035574 0.749465 0.44766247 0.9411764705882353 1.0092756 0.9024873
0.5 1.9 0.9703476 0.7472726 0.43897203 0.9411764705882353 1.004547 0.9068211
0.5 2.0 0.9640224 0.7468646 0.43238834 0.9215686274509803 1.0033039 0.9094792
0.5 1.5 1.0103477 0.7611621 0.47752264 0.9411764705882353 1.0364665 0.9321332
0.5 3.75 0.9171882 0.73704606 0.40197852 0.9019607843137255 1.0141631 0.94914496
0.5 3.5 0.9189243 0.73763365 0.40072802 0.9019607843137255 1.0093275 0.94391525
0.3 3.25 1.0486704 0.90237606 0.32575548 0.9019607843137255 1.2201374 0.9433713
0.5 3.25 0.9217289 0.7377044 0.40011808 0.9019607843137255 1.0080966 0.9409394
0.5 1.4 1.0267006 0.77472615 0.4850888 0.9411764705882353 1.0365962 0.93614155
0.3 4.5 0.99222255 0.812739 0.34905618 0.9215686274509803 1.144071 0.92003816
0.6 0.5 1.1327777 0.78418523 0.6742167 0.9215686274509803 0.9874553 0.9815352
0.6 0.4 1.1367105 0.7883249 0.67640984 0.9215686274509803 0.99187595 0.99154353
0.6 0.6 1.1015097 0.77567184 0.6323238 0.9215686274509803 0.99144244 0.988204
0.6 0.3 1.1257129 0.80503136 0.62270564 0.9215686274509803 0.99856836 0.98041415
0.6 0.2 1.1418537 0.8035258 0.6452026 0.9411764705882353 0.9929252 0.9519838
0.3 5.0 0.9785371 0.79400194 0.35374027 0.9215686274509803 1.1410952 0.9151075
0.6 1.6 0.96273905 0.74346805 0.45438072 0.9215686274509803 1.0182527 0.9234594
0.6 1.7 0.95310163 0.7411574 0.4441562 0.9215686274509803 1.0067931 0.9220797
0.6 1.8 0.9494376 0.7410135 0.44198585 0.9215686274509803 1.0068814 0.92203486
0.6 1.3 0.9860342 0.74556494 0.4899939 0.9215686274509803 1.0027462 0.9146571
0.6 1.4 0.978424 0.74419683 0.47992668 0.9215686274509803 1.0046103 0.91747594
0.6 1.5 0.9698698 0.7432846 0.47006005 0.9215686274509803 1.004295 0.9214974
0.6 0.1 1.1888797 0.82268363 0.71578085 0.9215686274509803 0.99577904 0.946222
0.4 0.9 1.2079651 1.1990764 0.28569755 0.9019607843137255 1.2639804 1.0602963
0.6 1.2 0.9980438 0.74957114 0.5068617 0.9411764705882353 0.997559 0.9128409
0.6 0.7 1.0783752 0.7712864 0.5994338 0.9215686274509803 0.9884143 0.96804
0.6 4.25 0.9036488 0.7455484 0.405229 0.9215686274509803 1.0299658 0.91202587
0.7 0.7 1.0079049 0.74681383 0.5279566 0.9411764705882353 0.98185444 0.91905135
0.6 4.0 0.9054306 0.7440163 0.40455064 0.9215686274509803 1.0302793 0.9146713
0.6 3.0 0.9150167 0.7394091 0.40764782 0.9019607843137255 1.0236748 0.9298867
0.6 4.5 0.90254754 0.74721813 0.40552297 0.9215686274509803 1.0311369 0.9091526
0.6 3.5 0.9091229 0.7414116 0.4054452 0.9215686274509803 1.0272118 0.92256486
0.6 3.75 0.907624 0.74275506 0.4053823 0.9215686274509803 1.0294515 0.9182979
0.6 2.75 0.91962457 0.7395776 0.41048747 0.9019607843137255 1.0224576 0.93607354
0.6 3.25 0.9118824 0.74031126 0.40711054 0.9019607843137255 1.0257753 0.92582417
0.7 0.8 0.99402744 0.7436149 0.51063824 0.9019607843137255 0.98127604 0.9100559
0.7 0.6 1.020866 0.7443706 0.54978275 0.9215686274509803 0.97983646 0.9273001
0.5 5.0 0.9075472 0.74066377 0.4029564 0.9215686274509803 1.0209317 0.92600685
0.5 4.75 0.90841895 0.7405786 0.4003465 0.9019607843137255 1.021504 0.9297371
0.5 4.5 0.9107751 0.7399726 0.4022859 0.9019607843137255 1.0169346 0.9329618
0.6 0.05 1.148245 0.8250159 0.6404343 0.9411764705882353 0.99059796 0.96457916
0.5 4.25 0.91281515 0.7391707 0.4020015 0.9019607843137255 1.0174217 0.9379246
0.7 0.1 1.0622002 0.7490604 0.58908516 0.9019607843137255 0.9550418 0.9224247
0.5 4.0 0.915013 0.7374904 0.40153265 0.9019607843137255 1.0166994 0.9470682
0.7 0.5 1.0243279 0.74527276 0.5480137 0.9215686274509803 0.97118545 0.93156177
0.6 1.9 0.947128 0.7413489 0.44042408 0.9215686274509803 1.012571 0.92571896
0.7 0.2 1.0458436 0.7477995 0.56504077 0.9019607843137255 0.9564336 0.9213013
0.7 0.05 1.0549161 0.7444248 0.57571673 0.9019607843137255 0.9448953 0.9161637
0.7 0.3 1.0441507 0.7502421 0.5620579 0.9019607843137255 0.9535056 0.9162695
0.7 1.8 0.93387055 0.7403996 0.43403286 0.8823529411764706 1.0271719 0.9347956
0.8 1.4 0.93545914 0.7417909 0.4378645 0.8823529411764706 1.0291767 0.92928016
0.7 1.5 0.9475551 0.7414551 0.45006108 0.9019607843137255 1.0178865 0.9296597
0.8 1.5 0.9323732 0.7422017 0.43445185 0.8823529411764706 1.0319455 0.93167484
0.6 5.0 0.90036446 0.7500797 0.405082 0.9215686274509803 1.0318947 0.9048574
0.7 1.6 0.9424944 0.7405506 0.44485015 0.9019607843137255 1.020949 0.92737186
0.7 1.7 0.93675154 0.7407998 0.4354943 0.8823529411764706 1.0264437 0.933684
0.7 0.4 1.0438656 0.7495196 0.57302046 0.9019607843137255 0.96552306 0.93017745
0.7 1.3 0.9609885 0.7413997 0.46876085 0.9019607843137255 1.0137225 0.92355835
0.7 1.4 0.9522806 0.74158525 0.45573717 0.9019607843137255 1.0142838 0.9272268
0.7 1.2 0.9615152 0.74159324 0.46513948 0.9019607843137255 1.0072117 0.9184221
0.8 1.3 0.9408886 0.74329937 0.44443867 0.8823529411764706 1.0280946 0.928178
0.8 2.75 0.9036601 0.74771214 0.40739477 0.9215686274509803 1.0406286 0.90508187
0.7 0.9 0.9860776 0.742532 0.50117904 0.9019607843137255 0.99239945 0.9147186
0.7 4.0 0.9003134 0.7523401 0.4029867 0.9215686274509803 1.0429963 0.9015986
0.8 3.0 0.90194106 0.75068104 0.40478745 0.9215686274509803 1.0435002 0.90585184
0.8 3.25 0.9004324 0.7526605 0.40299895 0.9215686274509803 1.0525208 0.90417874
0.7 3.75 0.9026267 0.7506584 0.4042785 0.9215686274509803 1.0429404 0.90288377
0.6 2.5 0.92538357 0.739945 0.41637647 0.9019607843137255 1.0189813 0.9423586
0.7 2.75 0.91046524 0.7419531 0.41169536 0.9215686274509803 1.0334674 0.9179375
0.7 1.1 0.9674468 0.7426013 0.47444382 0.9019607843137255 1.0028038 0.9202316
0.7 3.5 0.90360117 0.7485341 0.40612212 0.9215686274509803 1.0425588 0.9040506
0.7 3.25 0.9057167 0.7459743 0.40660098 0.9215686274509803 1.0410773 0.9056876
0.7 3.0 0.9077644 0.7442139 0.40924653 0.9215686274509803 1.0383035 0.91163063
0.8 0.4 1.0089425 0.74533296 0.53790426 0.9019607843137255 0.983161 0.9142693
0.7 4.25 0.89889455 0.7532594 0.40224004 0.9215686274509803 1.0429889 0.90095127
0.8 0.05 1.0132476 0.7454325 0.5407352 0.9215686274509803 0.96637136 0.9126849
0.6 4.75 0.90152603 0.7489352 0.40526962 0.9215686274509803 1.0314914 0.9065617
0.7 4.5 0.8980946 0.75606966 0.40216368 0.9215686274509803 1.0446733 0.900366
0.7 4.75 0.89735883 0.75808895 0.40145543 0.9215686274509803 1.0460869 0.9004351
0.7 1.0 0.97354984 0.7421183 0.48017615 0.9019607843137255 0.99402857 0.91526365
0.8 0.1 1.0225754 0.74469733 0.559463 0.9215686274509803 0.96902084 0.90915453
0.7 2.25 0.92014426 0.740643 0.41885686 0.8823529411764706 1.0294487 0.9262738
0.8 0.5 0.9926595 0.7468275 0.5102191 0.9019607843137255 0.97959167 0.90936905
0.8 0.3 1.0158423 0.7460519 0.5474714 0.9019607843137255 0.9729001 0.90598273
0.7 2.5 0.9151074 0.74181986 0.41406277 0.9215686274509803 1.0333687 0.9236909
0.8 0.2 1.0077666 0.74684334 0.534981 0.9215686274509803 0.97002316 0.9129631
0.7 5.0 0.89654154 0.7597763 0.40059462 0.9215686274509803 1.0489415 0.9006995
0.7 2.0 0.9271775 0.7407881 0.4253661 0.8823529411764706 1.0273676 0.9297778
0.8 2.25 0.9103691 0.74243295 0.41343534 0.9019607843137255 1.040325 0.9120078
0.8 0.7 0.97862077 0.7455653 0.4940568 0.9019607843137255 0.9979725 0.91499525
0.8 1.0 0.95090884 0.7432213 0.45366776 0.9215686274509803 1.0176824 0.91981506
0.9 1.1 0.9363048 0.7430843 0.44075084 0.8823529411764706 1.0304427 0.9201361
0.8 0.6 0.9909901 0.7453772 0.5136513 0.9019607843137255 0.99492604 0.9138887
0.8 4.0 0.898225 0.7603146 0.399518 0.9215686274509803 1.0556053 0.89814305
0.8 0.9 0.9572498 0.74446374 0.4639284 0.9019607843137255 1.0070232 0.91894555
0.8 1.2 0.94149345 0.7429124 0.44228065 0.8823529411764706 1.0224688 0.9266176
0.8 0.8 0.9699871 0.74574184 0.48408523 0.9019607843137255 1.0002275 0.91662085
0.8 2.5 0.90656877 0.745422 0.40957618 0.9019607843137255 1.0421047 0.90737486
0.7 1.9 0.928073 0.74090314 0.42508683 0.8823529411764706 1.0298601 0.93687737
0.8 4.25 0.89739615 0.7623675 0.39877623 0.9215686274509803 1.0571607 0.89808536
0.8 2.0 0.9158292 0.7426087 0.41764328 0.9019607843137255 1.0394468 0.91835004
0.8 1.1 0.94946545 0.7425818 0.4554229 0.9019607843137255 1.0202376 0.92312205
0.8 4.5 0.8963985 0.7643306 0.39779088 0.9215686274509803 1.0574771 0.8991683
0.9 1.4 0.9240115 0.7431598 0.4272195 0.8823529411764706 1.0484486 0.91895205
0.9 2.0 0.90868384 0.74463785 0.41193372 0.9019607843137255 1.0521921 0.90720654
0.9 1.6 0.9177775 0.7444821 0.41920048 0.9019607843137255 1.0532538 0.9199735
0.9 2.25 0.9060533 0.7493105 0.40858594 0.9019607843137255 1.0559562 0.9061264
0.9 1.5 0.91975695 0.74326515 0.42190087 0.8823529411764706 1.0512829 0.9179092
0.9 1.8 0.912647 0.74476767 0.41518822 0.9019607843137255 1.0529488 0.9141902
0.9 2.5 0.9028034 0.75195694 0.40617657 0.9019607843137255 1.0558163 0.9053402
0.9 0.2 1.0055388 0.75291556 0.5380768 0.9019607843137255 1.013537 0.9139322
0.9 1.2 0.93140244 0.7422848 0.4351027 0.8823529411764706 1.0331683 0.9233695
0.9 1.9 0.9108677 0.74499834 0.41279665 0.9019607843137255 1.0544213 0.90979457
0.9 1.0 0.94380814 0.74388385 0.45085073 0.8823529411764706 1.0298766 0.9249883
0.9 4.75 0.89407015 0.7750071 0.39629808 0.9215686274509803 1.0606338 0.9085205
0.9 3.5 0.89779204 0.7635395 0.40024224 0.9215686274509803 1.0592152 0.90187305
0.9 2.75 0.902483 0.75512445 0.4043428 0.9215686274509803 1.057672 0.9037038
0.9 3.25 0.8984657 0.7600081 0.40237245 0.9215686274509803 1.0578097 0.9030607
0.9 3.75 0.8964586 0.76641536 0.40006074 0.9215686274509803 1.0596703 0.9032382
0.9 4.0 0.89647347 0.76837456 0.3981484 0.9215686274509803 1.0604097 0.90597475
0.9 4.5 0.894967 0.77372706 0.39660564 0.9215686274509803 1.0619687 0.90803355
0.8 1.9 0.9178717 0.74247974 0.41920686 0.8823529411764706 1.039828 0.92132175
0.9 4.25 0.89570683 0.77099407 0.39713454 0.9215686274509803 1.0604906 0.90726423
0.8 5.0 0.8951166 0.76920396 0.39658862 0.9215686274509803 1.0580311 0.90120256
0.9 3.0 0.8995436 0.75765043 0.40413326 0.9215686274509803 1.058215 0.9031241
0.9 0.3 0.9996008 0.7581762 0.52161497 0.9019607843137255 0.9986698 0.9091979
0.8 1.8 0.9212161 0.74203277 0.4202845 0.8823529411764706 1.0447994 0.9229894
0.8 3.75 0.8986713 0.75774175 0.4003517 0.9215686274509803 1.054901 0.8999933
0.9 0.1 1.0028917 0.75439316 0.5279386 0.9019607843137255 1.0036976 0.9119493
0.9 1.7 0.914823 0.7443636 0.417075 0.9019607843137255 1.0543824 0.91827625
0.9 1.3 0.9280005 0.742666 0.4319018 0.8823529411764706 1.036604 0.9238209
0.8 3.5 0.89899737 0.75459325 0.40207675 0.9215686274509803 1.0521878 0.8987357
0.9 0.05 1.0114307 0.75543964 0.54303 0.9019607843137255 1.0059057 0.9118383
0.9 0.9 0.94741154 0.74522734 0.45461854 0.8823529411764706 1.0219938 0.9216914
0.9 5.0 0.8928983 0.77611315 0.39548308 0.9215686274509803 1.0597653 0.90896046
0.9 0.8 0.95470333 0.74621123 0.4650534 0.8823529411764706 1.0132961 0.9115218
0.8 1.6 0.9262011 0.74158365 0.4267156 0.8823529411764706 1.0335445 0.9290994
0.8 1.7 0.92424655 0.7420509 0.42284438 0.8823529411764706 1.0447226 0.923928
0.9 0.5 0.97333163 0.7488692 0.4831477 0.8823529411764706 1.0159031 0.9147122
0.9 0.6 0.96741533 0.7474327 0.47872648 0.8823529411764706 1.0159804 0.9168863
0.8 4.75 0.89573574 0.76674736 0.39703694 0.9215686274509803 1.058051 0.9006343
0.9 0.4 0.98490816 0.7556335 0.4975076 0.9019607843137255 1.0090703 0.91321856
0.9 0.7 0.9609547 0.7457554 0.4702275 0.8823529411764706 1.019606 0.9084677
1.0 0.3 0.97851294 0.7548243 0.49094626 0.8823529411764706 1.0197958 0.9057529
1.0 0.4 0.973355 0.7544286 0.4828931 0.8823529411764706 1.018931 0.9004464
1.0 0.1 0.979635 0.75684667 0.4890737 0.8823529411764706 1.016791 0.9066687
1.0 0.2 0.9872441 0.75742614 0.50506353 0.8823529411764706 1.0193733 0.9130062
1.0 0.6 0.95941335 0.74924374 0.46647027 0.8823529411764706 1.027567 0.91289973
1.0 0.05 0.98535067 0.7569827 0.4995055 0.8823529411764706 1.0183212 0.91084874
1.0 0.7 0.94782495 0.7477719 0.44790623 0.8823529411764706 1.036971 0.907825
1.0 0.5 0.96694636 0.7515477 0.47673205 0.8823529411764706 1.024269 0.9121469
1.0 0.8 0.9415757 0.7458855 0.44148836 0.8823529411764706 1.0414075 0.9119688
1.0 1.7 0.9082856 0.74513954 0.41332483 0.9019607843137255 1.0539885 0.90405965
1.0 1.6 0.91085607 0.74432683 0.4150655 0.9019607843137255 1.0544473 0.90546334
1.0 1.8 0.9064464 0.74621147 0.41160622 0.9019607843137255 1.0543104 0.9018811
1.0 1.9 0.9055187 0.74679875 0.41049325 0.9019607843137255 1.0569183 0.90125215
1.0 1.5 0.91281086 0.742778 0.41696674 0.9019607843137255 1.0551528 0.9086263
1.0 1.4 0.91539025 0.7420491 0.41809487 0.9019607843137255 1.0560608 0.91311204
1.0 0.9 0.9367444 0.7444379 0.43702605 0.8823529411764706 1.047391 0.9167731
1.0 1.1 0.92642015 0.74249077 0.42832556 0.8823529411764706 1.0525595 0.9278592
1.0 1.2 0.92110425 0.7418231 0.42408615 0.8823529411764706 1.0481666 0.9243159
1.0 1.3 0.9181128 0.7416295 0.42020112 0.8823529411764706 1.0558809 0.91687644
1.0 3.25 0.8963001 0.7665665 0.3998401 0.9215686274509803 1.0586452 0.9006834
1.0 3.0 0.89698696 0.76238453 0.40079263 0.9215686274509803 1.0562555 0.89846516
1.0 2.5 0.8987382 0.75521076 0.4023582 0.9215686274509803 1.057738 0.89715
1.0 3.75 0.8947782 0.7727611 0.39667737 0.9215686274509803 1.0601836 0.9046813
1.0 4.0 0.8943441 0.7749054 0.39717597 0.9215686274509803 1.0609787 0.9055217
1.0 3.5 0.895209 0.76889646 0.39735737 0.9215686274509803 1.0593916 0.903177
1.0 2.75 0.89759445 0.7591382 0.4007511 0.9215686274509803 1.055211 0.8972151
1.1 1.7 0.90384936 0.7502912 0.40799522 0.9019607843137255 1.0594784 0.9025773
1.1 2.5 0.897893 0.7636666 0.40088218 0.9215686274509803 1.0636716 0.9045291
1.1 1.9 0.9010578 0.7538121 0.4056279 0.9019607843137255 1.0597899 0.90301305
1.0 2.0 0.90384513 0.74790776 0.40800497 0.9019607843137255 1.0555291 0.90018946
1.1 2.25 0.89921546 0.75841975 0.4024976 0.9215686274509803 1.0614784 0.9003032
1.1 2.0 0.9002312 0.7552698 0.4046024 0.9215686274509803 1.0601443 0.9024876
1.1 1.0 0.9212263 0.74094886 0.42408645 0.8823529411764706 1.0520147 0.91501313
1.0 4.25 0.89300805 0.7759888 0.3967831 0.9215686274509803 1.0613927 0.9040136
1.1 1.8 0.90232915 0.752197 0.40658483 0.9019607843137255 1.0595635 0.9031093
1.1 1.1 0.91661114 0.7404449 0.42044097 0.8823529411764706 1.0540133 0.9174826
1.0 2.25 0.9025286 0.75365806 0.40512404 0.9019607843137255 1.0583173 0.89927435
1.0 4.5 0.89242077 0.7778053 0.39640146 0.9215686274509803 1.0609196 0.9052124
1.0 4.75 0.8916662 0.77918 0.396297 0.9215686274509803 1.0600699 0.9055626
1.1 0.2 0.96644765 0.75717074 0.46378186 0.8823529411764706 1.0461003 0.91599804
1.1 0.5 0.9500496 0.7505007 0.449468 0.8823529411764706 1.0389661 0.90724725
1.1 0.6 0.94380754 0.7463285 0.4436543 0.8823529411764706 1.0421002 0.9146391
1.0 5.0 0.89008665 0.7797569 0.39692634 0.9215686274509803 1.0564688 0.90411806
1.1 0.05 0.97367954 0.76173526 0.47028184 0.8823529411764706 1.0494581 0.9167181
1.1 0.1 0.9714079 0.75827205 0.4703744 0.8823529411764706 1.0439328 0.9166173
1.1 0.3 0.962224 0.75510776 0.45915955 0.8823529411764706 1.0428543 0.9110905
1.1 1.3 0.91084075 0.74376357 0.4143934 0.9019607843137255 1.055238 0.9070033
1.1 1.6 0.9045318 0.7479864 0.40918902 0.9019607843137255 1.0569116 0.90018535
1.1 0.8 0.93153304 0.7420335 0.43361425 0.8823529411764706 1.0458374 0.9208683
1.1 0.4 0.9550841 0.753417 0.45309985 0.8823529411764706 1.0400065 0.9075061
1.1 0.9 0.9256305 0.74154174 0.42757285 0.8823529411764706 1.0474904 0.91951406
1.1 0.7 0.9368836 0.74408007 0.4380167 0.8823529411764706 1.0424988 0.9148445
1.1 1.5 0.9075306 0.7465066 0.41238642 0.9019607843137255 1.0546057 0.9018296
1.2 0.1 0.9558103 0.7534432 0.45355892 0.9019607843137255 1.0592208 0.917832
1.1 1.4 0.90858084 0.7452125 0.41207033 0.9019607843137255 1.0564519 0.90375257
1.1 4.5 0.8895943 0.7811538 0.39701623 0.9215686274509803 1.0574304 0.90526795
1.1 5.0 0.88814765 0.7825548 0.39674932 0.9215686274509803 1.0544254 0.90375686
1.2 0.05 0.9543607 0.7545051 0.45193258 0.8823529411764706 1.0492767 0.9186094
1.2 0.2 0.9536085 0.75376225 0.45029333 0.9019607843137255 1.056515 0.9179921
1.2 0.3 0.94899726 0.7496172 0.44836715 0.9019607843137255 1.0540394 0.9181259
1.1 1.2 0.91560155 0.736753 0.41728488 0.9019607843137255 1.0463055 0.9066147
1.2 1.1 0.9106459 0.7419936 0.4162261 0.9019607843137255 1.0508118 0.9077499
1.2 1.9 0.8990403 0.7587175 0.40355194 0.9215686274509803 1.0652733 0.8979573
1.2 1.2 0.90771246 0.7434632 0.41344714 0.9019607843137255 1.0529904 0.90385735
1.1 4.75 0.8888278 0.7822237 0.39708093 0.9215686274509803 1.0562544 0.90517354
1.2 1.3 0.90620995 0.7454835 0.4109656 0.9019607843137255 1.0562707 0.89979553
1.2 0.5 0.9388787 0.74691474 0.4393823 0.8823529411764706 1.0523559 0.9186983
1.2 1.7 0.9004807 0.75447917 0.40502077 0.9019607843137255 1.0620148 0.8978382
1.2 0.8 0.9223117 0.7411492 0.4272792 0.8823529411764706 1.0472338 0.91410935
1.2 1.5 0.90271544 0.7486478 0.40807843 0.9019607843137255 1.0587399 0.89908886
1.2 0.7 0.9273576 0.7413579 0.4329633 0.8823529411764706 1.0445548 0.9200468
1.2 0.6 0.93325657 0.7443085 0.43416408 0.8823529411764706 1.0515534 0.9195013
1.2 1.6 0.9013769 0.7510724 0.4070323 0.9019607843137255 1.0586965 0.898594
1.2 2.75 0.8942311 0.7729291 0.39747682 0.9215686274509803 1.0628932 0.90610564
1.2 0.4 0.9433234 0.7486818 0.44326183 0.8823529411764706 1.0478666 0.9177158
1.2 2.5 0.89587903 0.76972693 0.39785987 0.9215686274509803 1.0645088 0.90529466
1.2 1.8 0.9000323 0.75670135 0.403982 0.9215686274509803 1.0635777 0.89785063
1.2 1.4 0.9048124 0.7472451 0.41005573 0.9019607843137255 1.058199 0.8991784
1.3 0.05 0.94448614 0.7532918 0.44128376 0.9019607843137255 1.0463338 0.9164095
1.2 4.75 0.8861825 0.78354335 0.39788306 0.9215686274509803 1.0515581 0.90255785
1.2 3.0 0.8925974 0.7753338 0.39751413 0.9215686274509803 1.0601788 0.90577877
1.2 2.25 0.895536 0.7644905 0.39990425 0.9215686274509803 1.0564438 0.90119195
1.2 5.0 0.88538814 0.78336656 0.3979029 0.9215686274509803 1.0514709 0.90202963
1.2 4.25 0.88766986 0.78192747 0.39733732 0.9215686274509803 1.0543486 0.90599775
1.2 3.25 0.89159244 0.77670944 0.39756072 0.9215686274509803 1.0584017 0.9064253
1.2 0.9 0.9174966 0.74087155 0.42322317 0.8823529411764706 1.0460416 0.91100633
1.2 1.0 0.9140379 0.7417923 0.41864535 0.9019607843137255 1.0510957 0.91108596
1.2 2.0 0.89717054 0.7609677 0.40290546 0.9215686274509803 1.0569457 0.89832395
1.2 3.5 0.8905289 0.77888215 0.39819205 0.9215686274509803 1.0572445 0.9051464
1.2 4.0 0.88860184 0.7815775 0.3969028 0.9215686274509803 1.0560371 0.9066846
1.2 3.75 0.8898687 0.78051007 0.39761338 0.9215686274509803 1.0573629 0.90719086
1.1 4.0 0.89153963 0.7800234 0.39685726 0.9215686274509803 1.0601274 0.9097618
1.3 0.2 0.94207925 0.74770725 0.44110784 0.9019607843137255 1.0437185 0.92029005
1.3 0.7 0.9174753 0.7412225 0.42314273 0.8823529411764706 1.0410094 0.9181101
1.3 0.6 0.9206107 0.7410262 0.4263291 0.8823529411764706 1.037299 0.9267057
1.3 0.3 0.93689924 0.7466816 0.43728805 0.9019607843137255 1.0456845 0.91966736
1.3 1.0 0.9077365 0.74253714 0.4141894 0.9019607843137255 1.0472966 0.9030889
1.3 0.9 0.910544 0.7405131 0.41719326 0.9019607843137255 1.0454289 0.90720266
1.3 0.8 0.9142415 0.7414559 0.42070955 0.9019607843137255 1.0433066 0.91167927
1.1 2.75 0.8957384 0.76588035 0.39876834 0.9215686274509803 1.0622929 0.9055605
1.1 3.75 0.8928902 0.77847457 0.3967853 0.9215686274509803 1.0612255 0.91040576
1.4 0.7 0.91068107 0.73940253 0.41896513 0.9019607843137255 1.0448765 0.91503394
1.4 0.2 0.92949003 0.74302053 0.4297346 0.9019607843137255 1.0566322 0.9227198
1.4 0.5 0.91828465 0.7403325 0.42295825 0.8823529411764706 1.0499185 0.9341111
1.4 0.1 0.9307385 0.74326193 0.43017107 0.9019607843137255 1.0572462 0.92228603
1.1 3.25 0.89424545 0.7727264 0.39687526 0.9215686274509803 1.0605874 0.9110558
1.1 3.0 0.8949563 0.77013105 0.39784783 0.9215686274509803 1.0615894 0.91015816
1.1 3.5 0.89346975 0.77545977 0.39675388 0.9215686274509803 1.0610344 0.91155016
1.1 4.25 0.89074 0.78134215 0.39709285 0.9215686274509803 1.0597886 0.90928495
1.4 1.7 0.89612556 0.7643256 0.3998057 0.9215686274509803 1.0600817 0.9073242
1.4 1.5 0.8978572 0.7602656 0.40188414 0.9215686274509803 1.0592049 0.9026704
1.4 0.05 0.9318641 0.7435479 0.4301557 0.9019607843137255 1.0621766 0.922883
1.3 1.2 0.90518266 0.7469529 0.41004485 0.9019607843137255 1.0574011 0.89852875
1.3 1.7 0.897561 0.758618 0.40231356 0.9215686274509803 1.0606295 0.8977427
1.4 1.4 0.89887506 0.7576047 0.40480116 0.9215686274509803 1.0556751 0.90140545
1.4 1.6 0.896625 0.76240104 0.40070838 0.9215686274509803 1.0595095 0.9042138
1.3 1.8 0.8970628 0.7613959 0.4022717 0.9215686274509803 1.061352 0.89874995
1.3 1.3 0.90156394 0.74913955 0.40801933 0.9019607843137255 1.049447 0.89815474
1.3 1.5 0.8989237 0.7537608 0.4049248 0.9215686274509803 1.0532851 0.89793503
1.3 1.6 0.89823216 0.7559351 0.403321 0.9215686274509803 1.0565338 0.8976068
1.3 1.4 0.90049 0.75177073 0.40670478 0.9215686274509803 1.0518243 0.89821786
1.3 1.9 0.89655703 0.763765 0.40103677 0.9215686274509803 1.0627642 0.89966774
1.4 0.6 0.91471815 0.7405146 0.4209446 0.8823529411764706 1.0468367 0.9237968
1.4 2.75 0.8899966 0.77948487 0.39798698 0.9215686274509803 1.0585034 0.91020584
1.4 0.3 0.9275808 0.74217707 0.42586353 0.9019607843137255 1.063687 0.92440253
1.4 0.4 0.92226213 0.74000037 0.42495906 0.9019607843137255 1.0574962 0.9333103
1.3 1.1 0.90615106 0.7454982 0.412418 0.9019607843137255 1.0494446 0.9002354
1.2 4.5 0.8870072 0.7830094 0.397783 0.9215686274509803 1.052719 0.90303034
1.4 1.3 0.89966935 0.7551579 0.40609694 0.9215686274509803 1.0538234 0.9016731
1.4 3.5 0.8869826 0.7823491 0.3984436 0.9215686274509803 1.0523854 0.9088522
1.3 4.25 0.88622874 0.7839464 0.39856637 0.9215686274509803 1.0520648 0.90373343
1.3 2.0 0.89577883 0.765653 0.40076393 0.9215686274509803 1.0582913 0.902483
1.4 3.0 0.88903475 0.78131807 0.3981156 0.9215686274509803 1.0572351 0.9101211
1.4 3.75 0.885742 0.78251266 0.398709 0.9215686274509803 1.0509342 0.90770924
1.4 3.25 0.8881531 0.7827983 0.39829746 0.9215686274509803 1.0557448 0.9093201
1.3 3.75 0.8877022 0.7827019 0.3980691 0.9215686274509803 1.0550433 0.9050568
1.3 3.0 0.89015454 0.77753395 0.3982771 0.9215686274509803 1.0581714 0.9051064
1.3 4.0 0.8866522 0.78295135 0.3981153 0.9215686274509803 1.0530548 0.90395737
1.3 2.5 0.8930135 0.7730596 0.39807674 0.9215686274509803 1.0606669 0.90580577
1.3 3.25 0.8897142 0.7799967 0.39780498 0.9215686274509803 1.0579652 0.905475
1.4 4.25 0.884006 0.7837687 0.39901787 0.9215686274509803 1.0480809 0.90665734
1.3 2.75 0.89139813 0.77558506 0.39812484 0.9215686274509803 1.0588825 0.90487635
1.3 3.5 0.8888099 0.78156346 0.39821658 0.9215686274509803 1.0570197 0.9052067
1.4 4.75 0.88204485 0.7835939 0.39909828 0.9215686274509803 1.044994 0.9050392
1.3 2.25 0.8936 0.76918167 0.3987138 0.9215686274509803 1.0566709 0.90480155
1.5 0.05 0.9236436 0.7394527 0.42838043 0.9019607843137255 1.0518996 0.92680734
1.5 0.3 0.9202754 0.7421043 0.42255065 0.9019607843137255 1.0547193 0.92173064
1.5 0.1 0.9236805 0.73982227 0.42807662 0.9019607843137255 1.053263 0.9280416
1.4 5.0 0.88133234 0.7835834 0.3992204 0.9215686274509803 1.043849 0.90467167
1.4 4.0 0.8848495 0.7831382 0.39896405 0.9215686274509803 1.0490869 0.90704155
1.4 1.0 0.90268064 0.7449821 0.41144547 0.9019607843137255 1.0496967 0.89896333
1.4 0.9 0.90496796 0.7429074 0.41319755 0.9019607843137255 1.0447882 0.900648
1.4 1.2 0.9004173 0.75095665 0.40833527 0.9215686274509803 1.0508256 0.89847684
1.4 1.1 0.90162873 0.7481332 0.40955254 0.9019607843137255 1.0496353 0.8977363
1.5 0.2 0.921088 0.73852 0.4266896 0.9019607843137255 1.0554298 0.93146074
1.3 4.5 0.8853035 0.7846067 0.39832684 0.9215686274509803 1.0502818 0.9027795
1.5 0.4 0.917044 0.7400464 0.42184857 0.9019607843137255 1.0623125 0.9432137
1.4 0.8 0.90752524 0.74105644 0.4153988 0.9019607843137255 1.0437697 0.90430665
1.4 4.5 0.8830514 0.78353703 0.3990222 0.9215686274509803 1.0464166 0.90564424
1.3 4.75 0.88435507 0.7846698 0.39846325 0.9215686274509803 1.0486348 0.9019003
1.3 5.0 0.8832113 0.784037 0.39863208 0.9215686274509803 1.046919 0.9010344
1.5 1.4 0.8972938 0.7617098 0.4008902 0.9215686274509803 1.0625341 0.90030456
1.4 1.8 0.89506745 0.7659764 0.39926746 0.9215686274509803 1.0599394 0.90398914
1.4 2.5 0.8905465 0.7757649 0.39832908 0.9215686274509803 1.0574199 0.9036594
1.4 2.0 0.89267373 0.7695031 0.39888355 0.9215686274509803 1.0584186 0.9037924
1.5 5.0 0.8797849 0.7827646 0.39962232 0.9215686274509803 1.0414749 0.9046556
1.6 0.1 0.9170198 0.7455986 0.41830602 0.9019607843137255 1.0506526 0.9151216
1.4 2.25 0.8918295 0.7732861 0.39871794 0.9215686274509803 1.0589535 0.90527344
1.5 4.5 0.88124126 0.78338337 0.39943916 0.9215686274509803 1.043363 0.9052998
1.6 0.05 0.91666794 0.74333817 0.41894332 0.9019607843137255 1.0521699 0.9197285
1.5 4.75 0.8801822 0.7831348 0.3999123 0.9215686274509803 1.0400006 0.90493625
1.6 1.0 0.8982505 0.75558317 0.40653136 0.9215686274509803 1.0523051 0.9011606
1.5 0.9 0.9019635 0.7456506 0.41114593 0.9019607843137255 1.0524026 0.8975744
1.5 1.1 0.8987837 0.7516635 0.40765986 0.9215686274509803 1.0514928 0.89730704
1.5 1.2 0.897214 0.75572264 0.40587607 0.9215686274509803 1.0522548 0.8973055
1.5 1.0 0.899929 0.7492239 0.40893406 0.9215686274509803 1.0508723 0.8971449
1.5 0.6 0.90874505 0.73977435 0.41499546 0.9019607843137255 1.0595769 0.91365457
1.5 0.7 0.90588313 0.7404603 0.41570124 0.9019607843137255 1.046358 0.9062071
1.5 0.8 0.90207356 0.7420459 0.4135919 0.9019607843137255 1.0424396 0.90135235
1.5 0.5 0.91292566 0.7387039 0.41836524 0.8823529411764706 1.0632526 0.92693913
1.6 1.1 0.8966965 0.75684273 0.40534663 0.9215686274509803 1.052534 0.900164
1.5 1.3 0.8967643 0.759107 0.4043152 0.9215686274509803 1.0555805 0.89752436
1.5 4.0 0.8824505 0.7827256 0.39883107 0.9215686274509803 1.0443004 0.9009795
1.5 1.6 0.89544296 0.7664045 0.39968297 0.9215686274509803 1.0614278 0.90281343
1.5 2.25 0.8902412 0.7771777 0.39802745 0.9215686274509803 1.0579137 0.9063268
1.5 1.7 0.8943148 0.76888025 0.39958772 0.9215686274509803 1.0612806 0.9025953
1.5 2.0 0.8915903 0.77389455 0.39798462 0.9215686274509803 1.0599247 0.90515757
1.5 1.8 0.8933764 0.7706026 0.3987661 0.9215686274509803 1.0606948 0.90390056
1.5 1.9 0.89237636 0.7720655 0.39732295 0.9215686274509803 1.0610766 0.90692604
1.5 3.0 0.88633513 0.78164065 0.398671 0.9215686274509803 1.0498819 0.9032146
1.5 2.75 0.8874 0.7808125 0.39758664 0.9215686274509803 1.054942 0.9054042
1.6 1.8 0.891851 0.77493656 0.3984751 0.9215686274509803 1.061095 0.91108024
1.5 2.5 0.8887041 0.7790016 0.39821944 0.9215686274509803 1.056496 0.90714914
1.6 2.25 0.88881403 0.78046024 0.3984522 0.9215686274509803 1.0553697 0.90954494
1.6 1.6 0.8938884 0.77174133 0.39767423 0.9215686274509803 1.0629573 0.91259164
1.6 0.2 0.913876 0.73852134 0.4191402 0.9019607843137255 1.0593678 0.94721746
1.6 1.7 0.8927967 0.7736438 0.39865786 0.9215686274509803 1.0616544 0.9112433
1.6 2.0 0.89039844 0.7770945 0.39841172 0.9215686274509803 1.0606123 0.910293
1.6 0.3 0.9117916 0.73805976 0.41875234 0.8823529411764706 1.0550054 0.9251454
1.6 1.4 0.8946805 0.76689804 0.39988208 0.9215686274509803 1.0602224 0.9061338
1.5 1.5 0.8954256 0.76379913 0.3998402 0.9215686274509803 1.061289 0.90119773
1.6 0.5 0.90853167 0.73996055 0.41722777 0.9019607843137255 1.0553755 0.91218936
1.6 4.75 0.87967443 0.7840176 0.39963114 0.9215686274509803 1.0417997 0.90460205
1.6 0.4 0.9098942 0.7386848 0.41756836 0.9019607843137255 1.0592932 0.9294033
1.6 0.6 0.90403324 0.7410637 0.41474372 0.9019607843137255 1.0480112 0.90682626
1.4 1.9 0.89399713 0.7675035 0.3987007 0.9215686274509803 1.059882 0.905005
1.6 3.5 0.88364553 0.78376794 0.39901796 0.9215686274509803 1.0479319 0.9056066
1.6 1.5 0.8940267 0.76884675 0.39846283 0.9215686274509803 1.0599657 0.90712243
1.5 3.5 0.88470984 0.78243005 0.39854378 0.9215686274509803 1.0472977 0.9027985
1.7 0.8 0.89979523 0.75175047 0.40777183 0.9215686274509803 1.0529103 0.9004371
1.6 1.9 0.8910715 0.775114 0.3982048 0.9215686274509803 1.0612618 0.91163087
1.5 3.75 0.88378054 0.78297067 0.39864784 0.9215686274509803 1.0460767 0.9018334
1.6 4.25 0.88088375 0.7835916 0.3994771 0.9215686274509803 1.043438 0.90507436
1.6 1.3 0.89466006 0.7620859 0.40191314 0.9215686274509803 1.0559815 0.9002086
1.6 4.5 0.8804299 0.78462183 0.3995311 0.9215686274509803 1.0432016 0.90478444
1.6 4.0 0.8809827 0.78330696 0.39981222 0.9215686274509803 1.0408947 0.9054442
1.5 3.25 0.8853008 0.7821169 0.39867225 0.9215686274509803 1.0482073 0.90284634
1.6 3.75 0.8825958 0.78358024 0.39927474 0.9215686274509803 1.0463824 0.9056976
1.6 1.2 0.8955936 0.76032746 0.40316686 0.9215686274509803 1.0538036 0.8971351
1.6 0.7 0.90234566 0.7440123 0.41185397 0.9019607843137255 1.0465375 0.900135
1.6 0.9 0.89959043 0.7506288 0.40839335 0.9019607843137255 1.0536095 0.8971287
1.6 0.8 0.90178925 0.74626887 0.40943158 0.9019607843137255 1.0529376 0.897071
1.6 2.75 0.8864576 0.7820523 0.39838114 0.9215686274509803 1.0514933 0.9038539
1.8 0.5 0.9016711 0.7460257 0.4113815 0.9019607843137255 1.0519528 0.89978343
1.8 0.1 0.9064037 0.74081653 0.41817713 0.9019607843137255 1.0455265 0.9124265
1.8 0.4 0.90287775 0.74411887 0.41268352 0.9019607843137255 1.0527194 0.903565
1.8 0.3 0.9042909 0.7431693 0.41576898 0.9019607843137255 1.0504557 0.90630436
1.8 0.2 0.9050126 0.74171937 0.41639265 0.9019607843137255 1.048935 0.9105003
1.6 3.0 0.8847389 0.78092265 0.3986189 0.9215686274509803 1.0473655 0.9030732
1.6 3.25 0.884129 0.7830949 0.39875826 0.9215686274509803 1.0483655 0.90229946
1.8 1.4 0.8922562 0.77414536 0.39856735 0.9215686274509803 1.0618995 0.911621
1.6 2.5 0.8870089 0.78078055 0.39846548 0.9215686274509803 1.0513469 0.90453446
1.7 4.5 0.87899834 0.78369343 0.4000202 0.9215686274509803 1.0405823 0.9049049
1.7 4.0 0.8801146 0.7833091 0.39992666 0.9215686274509803 1.0412743 0.90516233
1.7 0.5 0.90549374 0.74383104 0.4149006 0.9019607843137255 1.0554198 0.9060756
1.7 0.3 0.907083 0.73912776 0.41787034 0.9019607843137255 1.0545901 0.92499864
1.7 0.7 0.8999112 0.7462337 0.40977016 0.9019607843137255 1.0514313 0.89734006
1.7 0.4 0.9067443 0.741974 0.41463712 0.9019607843137255 1.0500518 0.90801394
1.7 0.6 0.9021912 0.74488604 0.41209763 0.9019607843137255 1.0467132 0.8986275
1.7 0.2 0.9094518 0.7399194 0.41696995 0.9019607843137255 1.0602038 0.9234743
1.6 5.0 0.878575 0.78294003 0.3993475 0.9215686274509803 1.0392054 0.9002019
1.7 0.1 0.9111969 0.73788893 0.4199303 0.8823529411764706 1.0582427 0.9289645
1.7 1.3 0.8936358 0.76618993 0.39933938 0.9215686274509803 1.0603184 0.90321445
1.7 1.8 0.8902829 0.77681047 0.39808175 0.9215686274509803 1.0565851 0.9088164
1.7 1.7 0.89119714 0.77550256 0.39825886 0.9215686274509803 1.0574597 0.9091981
1.7 1.6 0.8917293 0.7732098 0.39822873 0.9215686274509803 1.0623426 0.907079
1.7 0.05 0.91105586 0.73844117 0.41957712 0.8823529411764706 1.0554606 0.92510235
1.7 1.4 0.893243 0.76942277 0.3987335 0.9215686274509803 1.0600034 0.90593666
1.8 1.2 0.8933293 0.7674168 0.3992614 0.9215686274509803 1.0608271 0.9086853
1.8 1.3 0.89286417 0.77126724 0.39863765 0.9215686274509803 1.0625085 0.91038096
1.8 1.1 0.89487076 0.76616794 0.40102866 0.9215686274509803 1.0593604 0.9060693
1.7 1.1 0.8953812 0.7608502 0.40390897 0.9215686274509803 1.0546379 0.89719737
1.8 1.0 0.8945789 0.76317847 0.4020032 0.9215686274509803 1.0563924 0.9020487
1.7 1.0 0.89695245 0.7586044 0.40539482 0.9215686274509803 1.0555383 0.89720863
1.7 1.2 0.8944345 0.76342547 0.4004094 0.9215686274509803 1.0577246 0.90112865
1.7 1.5 0.8924871 0.77207196 0.39860934 0.9215686274509803 1.06188 0.9046534
1.7 3.5 0.88180023 0.7830364 0.3999912 0.9215686274509803 1.0439324 0.900275
1.7 0.9 0.89833933 0.75433594 0.40608692 0.9215686274509803 1.0542488 0.89654565
1.7 3.75 0.8805644 0.782916 0.39978576 0.9215686274509803 1.0421035 0.900053
1.7 3.25 0.8823169 0.781558 0.39966023 0.9215686274509803 1.0439001 0.90045476
1.7 1.9 0.888974 0.77758986 0.39871624 0.9215686274509803 1.0546726 0.90612483
1.7 3.0 0.88320667 0.7814747 0.39913818 0.9215686274509803 1.0458715 0.90149325
1.8 3.25 0.88222605 0.784634 0.40011078 0.9215686274509803 1.0455898 0.9062887
1.7 2.0 0.8882269 0.77879375 0.39862868 0.9215686274509803 1.054885 0.905766
1.7 2.25 0.8869872 0.7804018 0.39828035 0.9215686274509803 1.0522791 0.9057554
1.7 4.25 0.87903214 0.7824617 0.39979735 0.9215686274509803 1.0387706 0.90067303
1.8 0.9 0.89602184 0.75683975 0.40501276 0.9215686274509803 1.055643 0.89729667
1.9 0.05 0.9027583 0.74378496 0.41274962 0.9019607843137255 1.0455928 0.9019877
1.9 0.1 0.9064238 0.74371326 0.41881198 0.9019607843137255 1.054478 0.9116721
1.8 0.6 0.90030986 0.74866444 0.41079077 0.9019607843137255 1.0537423 0.8980826
1.9 1.6 0.8887506 0.7783257 0.39804447 0.9215686274509803 1.0582495 0.91302335
1.8 0.8 0.897628 0.7547947 0.40530592 0.9215686274509803 1.0579897 0.8967718
1.8 1.6 0.8903988 0.77683616 0.3980784 0.9215686274509803 1.0567852 0.90531254
1.9 1.1 0.8933628 0.7702974 0.3992379 0.9215686274509803 1.0613389 0.9086213
1.8 0.7 0.89769334 0.751324 0.40771523 0.9215686274509803 1.0551351 0.89669514
1.9 2.25 0.88553065 0.7831013 0.39918742 0.9215686274509803 1.0501238 0.90859985
1.9 1.9 0.886401 0.7801088 0.398888 0.9215686274509803 1.0524498 0.90988034
1.9 2.0 0.8861146 0.781556 0.39874 0.9215686274509803 1.0514368 0.908352
1.9 1.0 0.89388275 0.7662034 0.40004408 0.9215686274509803 1.0584637 0.90673375
1.8 2.0 0.88748074 0.78063405 0.39842927 0.9215686274509803 1.0551531 0.904639
1.8 2.75 0.88285965 0.78135324 0.3997719 0.9215686274509803 1.0447723 0.90111244
1.8 2.25 0.885554 0.78012776 0.39882976 0.9215686274509803 1.0480298 0.9041116
1.8 3.0 0.88209206 0.7821522 0.40000334 0.9215686274509803 1.0436077 0.9011409
1.8 1.8 0.88869786 0.7793602 0.39818767 0.9215686274509803 1.0572966 0.9069569
1.8 2.5 0.8843418 0.7817949 0.39936438 0.9215686274509803 1.046621 0.9023787
1.8 1.7 0.8890318 0.77821976 0.39804575 0.9215686274509803 1.0561552 0.9067793
1.7 5.0 0.87717885 0.7815645 0.4002247 0.9215686274509803 1.0370239 0.90376997
1.7 4.75 0.8778541 0.78197837 0.40021348 0.9215686274509803 1.0378257 0.9041647
1.8 1.9 0.88770723 0.77942115 0.3985467 0.9215686274509803 1.0555935 0.90577143
1.8 0.05 0.9063785 0.74087185 0.41658518 0.9019607843137255 1.0459954 0.9186087
1.9 3.75 0.8789788 0.7834596 0.40000182 0.9215686274509803 1.0398946 0.9053348
1.8 5.0 0.87599355 0.780584 0.39976728 0.9215686274509803 1.0334395 0.9006107
1.9 3.5 0.87990993 0.78424627 0.39989126 0.9215686274509803 1.0417184 0.9055642
1.9 4.5 0.877352 0.7826061 0.39966196 0.9215686274509803 1.0377942 0.90411866
1.9 4.0 0.8778739 0.782835 0.40029362 0.9215686274509803 1.0376856 0.90536547
1.9 4.25 0.87723047 0.78217876 0.40014347 0.9215686274509803 1.0365973 0.90420175
1.9 4.75 0.87647444 0.78226864 0.39988258 0.9215686274509803 1.0362526 0.90521383
1.8 3.5 0.8808883 0.78316927 0.40014583 0.9215686274509803 1.0420381 0.9004779
1.8 4.25 0.8783407 0.7838514 0.4001013 0.9215686274509803 1.0375553 0.9010038
1.8 4.75 0.8769343 0.7824981 0.399897 0.9215686274509803 1.0358602 0.90138376
1.8 1.5 0.8912721 0.776543 0.39855394 0.9215686274509803 1.0593245 0.91119134
1.8 3.75 0.8798829 0.7829493 0.4001483 0.9215686274509803 1.0400051 0.9008477
1.9 0.7 0.8971103 0.7562356 0.40429696 0.9215686274509803 1.0558563 0.8976778
1.9 3.25 0.8799114 0.78352386 0.40020537 0.9215686274509803 1.0384754 0.9005528
1.8 4.5 0.87785155 0.78337175 0.39990565 0.9215686274509803 1.0367693 0.9011258
1.9 0.5 0.8996698 0.749238 0.40814668 0.9019607843137255 1.052832 0.8977657
1.9 0.3 0.9009469 0.74485886 0.4115064 0.9019607843137255 1.0503217 0.90034634
1.9 0.6 0.8985048 0.75205326 0.40646526 0.9019607843137255 1.0595515 0.897505
1.9 1.3 0.8910242 0.7738675 0.39863512 0.9215686274509803 1.0597308 0.907432
1.9 1.5 0.8888468 0.7755377 0.39797127 0.9215686274509803 1.0558839 0.90936947
1.9 0.4 0.90108204 0.74536526 0.4139918 0.9019607843137255 1.0443057 0.9019023
1.9 1.4 0.8895104 0.77370846 0.39885104 0.9215686274509803 1.0553952 0.90619135
2.0 1.8 0.8860125 0.7812518 0.39824882 0.9215686274509803 1.0517045 0.912045
1.9 1.2 0.891891 0.7714133 0.39933828 0.9215686274509803 1.0600489 0.9061453
1.9 0.2 0.9048063 0.74309 0.4185323 0.9019607843137255 1.0451667 0.9103668
2.0 1.6 0.88702613 0.7785405 0.39817268 0.9215686274509803 1.0545068 0.912302
2.0 1.7 0.88693887 0.7807379 0.39832604 0.9215686274509803 1.05399 0.91198283
1.8 4.0 0.8787401 0.7824759 0.40000874 0.9215686274509803 1.0378522 0.90084743
2.0 1.5 0.88795143 0.77702165 0.39822724 0.9215686274509803 1.055602 0.910189
1.9 3.0 0.8811148 0.7836043 0.39988372 0.9215686274509803 1.0423121 0.9001509
2.0 0.7 0.89497834 0.75880086 0.40393847 0.9215686274509803 1.0548611 0.89738464
2.0 0.5 0.89782333 0.753631 0.4063285 0.9215686274509803 1.0598062 0.8967406
2.0 0.8 0.8937672 0.7612307 0.40267426 0.9215686274509803 1.0546566 0.8971553
2.0 0.3 0.89925927 0.74862635 0.40992665 0.9019607843137255 1.0572867 0.8978604
2.0 0.6 0.89705896 0.7567878 0.40469572 0.9215686274509803 1.0569583 0.8974843
2.0 0.4 0.8982096 0.74783206 0.40695572 0.9019607843137255 1.0507897 0.8962205
2.0 0.2 0.90160465 0.746945 0.41154683 0.9019607843137255 1.056846 0.8997518
2.25 0.3 0.8961961 0.7547693 0.4037168 0.9215686274509803 1.0548513 0.8997596
2.0 0.1 0.90148544 0.74597 0.4095876 0.9019607843137255 1.0513632 0.8977363
2.25 0.4 0.89734125 0.76199436 0.40260145 0.9215686274509803 1.0594144 0.9055294
2.25 0.2 0.89723873 0.75882995 0.40509823 0.9215686274509803 1.0538782 0.90384066
1.9 5.0 0.8753312 0.7800534 0.39970785 0.9215686274509803 1.0336231 0.9015827
2.0 1.4 0.8885096 0.77533305 0.39850637 0.9215686274509803 1.0557903 0.9085825
2.0 1.9 0.8860287 0.7812493 0.3983923 0.9215686274509803 1.0494088 0.90559983
2.0 0.9 0.89351153 0.76574713 0.39982468 0.9215686274509803 1.0573174 0.90257454
2.0 2.25 0.8829522 0.7820734 0.39932287 0.9215686274509803 1.046268 0.90265703
2.0 1.3 0.88995737 0.7755134 0.39876318 0.9215686274509803 1.0584465 0.9083966
2.0 2.0 0.88508916 0.7814744 0.39840308 0.9215686274509803 1.0476928 0.90464133
2.0 1.1 0.891666 0.7723452 0.39985505 0.9215686274509803 1.0587841 0.90493226
2.0 0.05 0.9030397 0.7455045 0.4171321 0.9019607843137255 1.0542344 0.90966994
1.9 2.5 0.883094 0.7828034 0.39934364 0.9215686274509803 1.0460998 0.9022334
2.0 2.5 0.8821501 0.7841095 0.39987248 0.9215686274509803 1.0451521 0.9009836
2.0 1.2 0.89026874 0.7732556 0.39938444 0.9215686274509803 1.056208 0.9053851
2.0 1.0 0.8932049 0.7696203 0.39935717 0.9215686274509803 1.0578698 0.9061929
2.25 0.9 0.8898782 0.7726234 0.39952624 0.9215686274509803 1.0533241 0.90839237
1.9 2.75 0.882291 0.7841337 0.40018824 0.9215686274509803 1.0452555 0.9011349
2.25 1.0 0.88953686 0.7758838 0.39892706 0.9215686274509803 1.056898 0.90728533
2.25 0.1 0.8976852 0.7548981 0.40586033 0.9215686274509803 1.054259 0.90015936
2.25 1.2 0.88762885 0.777876 0.39880842 0.9215686274509803 1.0521488 0.9100306
2.25 1.4 0.88749737 0.7825519 0.39794937 0.9215686274509803 1.0547564 0.9132352
2.0 3.5 0.87821835 0.7832227 0.40013766 0.9215686274509803 1.0373433 0.9008802
2.0 3.75 0.87750167 0.7826341 0.4001234 0.9215686274509803 1.0365647 0.9009477
2.25 1.3 0.8873763 0.7797711 0.39856115 0.9215686274509803 1.0538067 0.91296756
2.0 3.25 0.8791838 0.7837533 0.4001636 0.9215686274509803 1.0390834 0.9008308
2.25 1.9 0.88289243 0.7842269 0.39961496 0.9215686274509803 1.0489911 0.90854704
2.0 3.0 0.88012505 0.78384054 0.40024713 0.9215686274509803 1.0405295 0.8999945
2.25 2.25 0.88120097 0.7842721 0.400035 0.9215686274509803 1.0444542 0.9056214
2.25 1.1 0.8889529 0.77784276 0.3984567 0.9215686274509803 1.0553819 0.9100629
2.25 2.75 0.87893313 0.7840129 0.40065765 0.9215686274509803 1.0405418 0.90467393
2.0 4.75 0.8755577 0.781175 0.3996242 0.9215686274509803 1.0353497 0.9006884
2.25 0.05 0.8965185 0.75466496 0.4069195 0.9215686274509803 1.0459785 0.8992934
2.0 5.0 0.87432235 0.77944154 0.3998972 0.9215686274509803 1.0310731 0.9027214
2.0 4.5 0.8757093 0.7818279 0.39988706 0.9215686274509803 1.0344118 0.8999654
1.9 0.8 0.8947541 0.7571963 0.40372965 0.9215686274509803 1.0529084 0.9013394
2.0 4.0 0.876734 0.7821795 0.40025482 0.9215686274509803 1.0358081 0.9011082
2.25 3.0 0.87843937 0.783636 0.40105677 0.9215686274509803 1.0396842 0.9048934
2.25 2.0 0.88257736 0.7845484 0.39980352 0.9215686274509803 1.0476928 0.9079082
2.25 2.5 0.88021666 0.78524494 0.40046257 0.9215686274509803 1.0426395 0.90487945
1.9 0.9 0.8946472 0.76195157 0.40202153 0.9215686274509803 1.0554568 0.90410906
2.25 0.5 0.8940572 0.7603843 0.40272403 0.9215686274509803 1.0520282 0.9020782
2.0 4.25 0.87622446 0.7813114 0.39982253 0.9215686274509803 1.0355686 0.90069807
2.5 1.1 0.88695055 0.78291917 0.39884573 0.9215686274509803 1.0528755 0.9092121
2.25 1.6 0.8852184 0.78262115 0.39932218 0.9215686274509803 1.0498047 0.9042704
2.5 1.0 0.8877909 0.78113747 0.3993835 0.9215686274509803 1.0533041 0.9093604
2.5 0.9 0.8883989 0.7791488 0.39929143 0.9215686274509803 1.0537304 0.9106066
1.9 1.7 0.88729054 0.7778375 0.39838535 0.9215686274509803 1.0549115 0.91101086
2.25 0.6 0.89341575 0.7665751 0.40118578 0.9215686274509803 1.0548173 0.90187585
1.9 1.8 0.8873126 0.77878094 0.39831573 0.9215686274509803 1.0549062 0.9133465
2.25 0.7 0.89208937 0.76884675 0.39920142 0.9215686274509803 1.0560603 0.9016602
2.25 0.8 0.89301777 0.7722012 0.39944914 0.9215686274509803 1.0615714 0.906739
2.25 1.7 0.8843343 0.7824948 0.39965686 0.9215686274509803 1.0491507 0.90478086
2.25 1.8 0.8837137 0.78287375 0.3998015 0.9215686274509803 1.0478626 0.9021933
2.5 1.8 0.881732 0.78495204 0.4003139 0.9215686274509803 1.0451871 0.9065646
2.25 1.5 0.88568234 0.7817745 0.39891082 0.9215686274509803 1.0504633 0.9044655
2.0 2.75 0.88113254 0.7837225 0.39991775 0.9215686274509803 1.042477 0.9003185
2.5 2.25 0.87991977 0.7851856 0.40093422 0.9215686274509803 1.0423003 0.90512604
2.75 0.7 0.88817495 0.78075176 0.39897078 0.9215686274509803 1.0531405 0.91110206
2.5 2.0 0.8807211 0.78477204 0.400627 0.9215686274509803 1.0438586 0.90552074
2.75 0.8 0.88781136 0.78280556 0.39862323 0.9215686274509803 1.0543288 0.91259545
2.5 1.7 0.88222927 0.7851347 0.40018174 0.9215686274509803 1.0461375 0.9071213
2.5 1.9 0.881337 0.785323 0.4004559 0.9215686274509803 1.0450729 0.9060103
2.75 0.6 0.88888866 0.7779654 0.39847505 0.9215686274509803 1.0551133 0.91448516
2.75 0.5 0.88881236 0.7771553 0.39860544 0.9215686274509803 1.053293 0.911572
2.5 4.75 0.8740676 0.7783946 0.39915746 0.9411764705882353 1.0385162 0.9149522
2.25 4.5 0.873969 0.7786967 0.39972466 0.9411764705882353 1.033558 0.9026861
2.25 4.25 0.87446624 0.77925116 0.40012062 0.9215686274509803 1.0335351 0.9020054
2.25 4.0 0.875184 0.7804379 0.40030307 0.9215686274509803 1.0348557 0.90239024
2.5 4.25 0.87419677 0.7786435 0.4000689 0.9411764705882353 1.0362164 0.91191065
2.75 0.2 0.8926008 0.775772 0.40422517 0.9215686274509803 1.0571101 0.9134449
2.5 3.5 0.8761234 0.7817146 0.40067074 0.9215686274509803 1.0386001 0.90876186
2.5 0.1 0.89270526 0.76608235 0.40064546 0.9215686274509803 1.0561947 0.90041333
2.25 5.0 0.873074 0.7778945 0.39925912 0.9411764705882353 1.0314696 0.9071642
2.25 3.25 0.8769884 0.78258467 0.40028608 0.9215686274509803 1.0367635 0.89983386
2.5 3.0 0.87721467 0.7834939 0.4011453 0.9215686274509803 1.0384406 0.90651655
2.5 4.5 0.8737046 0.7777939 0.39978653 0.9411764705882353 1.0361227 0.9133041
2.25 4.75 0.8737237 0.77823913 0.39931738 0.9411764705882353 1.0343834 0.9043603
2.5 3.25 0.87642664 0.7822633 0.40113652 0.9215686274509803 1.0373131 0.9082067
2.5 4.0 0.8746341 0.7793753 0.40032876 0.9411764705882353 1.0368713 0.909173
2.75 0.4 0.8897316 0.7770753 0.39863226 0.9215686274509803 1.0534179 0.91317403
2.25 3.75 0.87582666 0.78092897 0.40045747 0.9215686274509803 1.0351077 0.9009672
2.5 0.05 0.8945641 0.76776445 0.40082994 0.9215686274509803 1.0590314 0.8997956
2.25 3.5 0.87636495 0.7817491 0.40060857 0.9215686274509803 1.0355967 0.8997289
2.5 0.4 0.89161795 0.7695371 0.40089795 0.9215686274509803 1.053208 0.9031491
2.5 2.75 0.87811303 0.7844527 0.40132 0.9215686274509803 1.0397897 0.90621865
2.5 3.75 0.875158 0.7806598 0.4006707 0.9411764705882353 1.0370697 0.90956885
2.75 0.3 0.8891039 0.7735337 0.39992324 0.9215686274509803 1.048542 0.909663
2.5 0.8 0.888215 0.7757176 0.3997598 0.9215686274509803 1.050492 0.90286565
2.5 0.3 0.89192533 0.76924145 0.40123466 0.9215686274509803 1.0569323 0.9000811
2.5 0.7 0.889272 0.77484035 0.39918298 0.9215686274509803 1.052773 0.90768945
2.5 0.5 0.8921852 0.7705346 0.40080944 0.9215686274509803 1.0540792 0.90610313
2.75 1.6 0.88212514 0.78694165 0.4011564 0.9215686274509803 1.0463147 0.9074092
2.75 1.5 0.8829033 0.78761387 0.40099847 0.9215686274509803 1.0474547 0.90718204
2.75 1.7 0.8814187 0.78589404 0.40175882 0.9215686274509803 1.0434709 0.9066609
2.5 0.2 0.8925056 0.76732934 0.401019 0.9215686274509803 1.0526832 0.9007307
2.5 1.2 0.8857936 0.7816946 0.39931446 0.9215686274509803 1.0512123 0.90469337
2.5 1.6 0.88271546 0.784396 0.4000501 0.9215686274509803 1.0452355 0.90266347
2.5 1.3 0.88530177 0.78334284 0.39899632 0.9215686274509803 1.0510911 0.9048505
2.75 1.4 0.8828161 0.7868768 0.4000672 0.9215686274509803 1.048401 0.90707934
2.5 1.4 0.8849461 0.78377247 0.39956704 0.9215686274509803 1.0486573 0.90428185
2.75 3.75 0.87435985 0.77916753 0.40036303 0.9411764705882353 1.0363809 0.9121116
2.75 1.3 0.8837726 0.7861713 0.39995718 0.9215686274509803 1.0496143 0.9085041
2.5 1.5 0.8837423 0.78403986 0.40044287 0.9215686274509803 1.0465432 0.90331686
2.75 1.1 0.88557535 0.7849554 0.39946464 0.9215686274509803 1.0534445 0.90996194
2.75 1.2 0.8846087 0.7855892 0.3995001 0.9215686274509803 1.0510641 0.9084127
2.75 0.1 0.8903442 0.7731309 0.3991534 0.9215686274509803 1.054551 0.9035369
3.0 0.1 0.8888274 0.77650297 0.3996575 0.9215686274509803 1.0498229 0.9092676
3.0 0.3 0.88878137 0.77795017 0.39857602 0.9215686274509803 1.0539767 0.91314363
3.0 0.4 0.8886396 0.7798426 0.39868638 0.9215686274509803 1.0545629 0.914611
3.0 0.2 0.88725525 0.7767844 0.39938542 0.9215686274509803 1.0484487 0.9121062
2.75 0.05 0.88946694 0.77200377 0.40042865 0.9215686274509803 1.0543386 0.90094876
3.0 2.75 0.87597823 0.7819108 0.401095 0.9215686274509803 1.0381389 0.9081667
3.0 3.0 0.87517947 0.781006 0.40092412 0.9215686274509803 1.0375315 0.90769863
3.0 1.3 0.8829908 0.7877935 0.40129444 0.9215686274509803 1.0480285 0.908372
2.5 0.6 0.8905163 0.7735677 0.3992047 0.9215686274509803 1.0564579 0.9072327
3.0 1.4 0.8819494 0.78669167 0.40166932 0.9215686274509803 1.0447142 0.9074418
2.5 5.0 0.8732702 0.77755004 0.39811283 0.9411764705882353 1.0373424 0.9127078
2.75 4.75 0.872685 0.77703285 0.39805037 0.9411764705882353 1.0367842 0.91588724
2.75 1.0 0.8859504 0.78388727 0.398595 0.9215686274509803 1.05262 0.9063605
3.0 1.9 0.87968254 0.7866347 0.40241307 0.9215686274509803 1.0425066 0.90627426
2.75 0.9 0.8862056 0.78230757 0.3989319 0.9215686274509803 1.051006 0.9074154
3.0 1.7 0.8802574 0.78573 0.40227044 0.9215686274509803 1.0432619 0.905596
3.0 1.8 0.8797743 0.7856898 0.40249076 0.9215686274509803 1.0422415 0.9052414
2.75 2.75 0.87635463 0.78263295 0.4009929 0.9215686274509803 1.0366205 0.9010016
2.75 3.0 0.8759044 0.7811508 0.40037885 0.9215686274509803 1.037658 0.9024687
2.75 2.5 0.8770576 0.78315747 0.40114313 0.9215686274509803 1.0374807 0.90004253
2.75 2.0 0.8795583 0.78439295 0.40167603 0.9215686274509803 1.0402713 0.8999398
2.75 1.8 0.88017845 0.78491944 0.4014216 0.9215686274509803 1.0412819 0.9009311
2.75 3.25 0.87511843 0.780964 0.40032434 0.9215686274509803 1.0361053 0.9046718
2.75 3.5 0.8741695 0.7795175 0.40019855 0.9411764705882353 1.0352087 0.9039795
2.75 1.9 0.8800342 0.7847458 0.401307 0.9215686274509803 1.0416118 0.9005922
2.75 2.25 0.8782642 0.7844658 0.40107626 0.9215686274509803 1.0399612 0.90023756
2.75 4.5 0.87315965 0.7782935 0.39836538 0.9411764705882353 1.0358623 0.91400814
2.75 4.25 0.87358683 0.77882314 0.39862442 0.9411764705882353 1.0357158 0.91210926
2.75 5.0 0.8727166 0.77737314 0.39759237 0.9411764705882353 1.0389993 0.91849446
3.0 0.05 0.8893762 0.7773608 0.4012349 0.9215686274509803 1.0520048 0.9084393
3.0 0.9 0.8845486 0.7841767 0.39959562 0.9215686274509803 1.0507771 0.90489495
2.5 2.5 0.8783544 0.7835988 0.40081555 0.9215686274509803 1.0393333 0.89980984
3.0 1.0 0.88403606 0.78568953 0.4000102 0.9215686274509803 1.0494566 0.9036367
3.0 1.1 0.88326526 0.7858801 0.39988238 0.9215686274509803 1.0476559 0.9040574
3.0 1.2 0.8831808 0.7872681 0.40052798 0.9215686274509803 1.0484353 0.9041556
3.25 0.05 0.88761395 0.78268266 0.4008637 0.9215686274509803 1.0518087 0.9062717
3.0 0.5 0.88886493 0.7801045 0.401293 0.9215686274509803 1.0533655 0.90891427
3.0 0.6 0.8871553 0.7825312 0.398851 0.9215686274509803 1.0535537 0.90698373
3.0 0.8 0.88559246 0.78424144 0.39951178 0.9215686274509803 1.0516609 0.9044228
3.0 0.7 0.8860267 0.78367335 0.3998077 0.9215686274509803 1.0518265 0.9041697
3.25 0.2 0.8869724 0.78027517 0.40270886 0.9215686274509803 1.0487045 0.9065591
3.25 0.3 0.8862042 0.782956 0.40016243 0.9215686274509803 1.0505677 0.9053873
2.75 4.0 0.87433785 0.77924967 0.39972094 0.9411764705882353 1.0382744 0.9136627
3.25 0.5 0.88458496 0.78245056 0.4003586 0.9215686274509803 1.0476092 0.9057665
3.25 0.4 0.8859419 0.7831645 0.40029648 0.9215686274509803 1.051273 0.9041797
3.0 3.75 0.87365746 0.77924 0.3989225 0.9411764705882353 1.0369653 0.91204524
3.25 0.6 0.88529164 0.785306 0.39985076 0.9215686274509803 1.0513439 0.9067695
3.0 5.0 0.8720595 0.77600116 0.39695752 0.9411764705882353 1.0386009 0.9224749
3.25 4.25 0.8727171 0.7761234 0.39816484 0.9411764705882353 1.0414599 0.92047477
3.0 4.75 0.87235004 0.77645683 0.39730743 0.9411764705882353 1.0399355 0.91860133
3.0 4.0 0.8728909 0.7785351 0.39887282 0.9411764705882353 1.0346035 0.91407084
3.0 4.5 0.87228125 0.77679694 0.3980082 0.9411764705882353 1.0365887 0.9147426
3.0 4.25 0.8725612 0.77700937 0.3983115 0.9411764705882353 1.0365824 0.9148309
3.25 3.75 0.873197 0.77743936 0.39906022 0.9411764705882353 1.0390898 0.9170461
3.0 3.5 0.8737586 0.77875495 0.3994547 0.9411764705882353 1.0358602 0.90900683
3.25 3.5 0.87345606 0.77825165 0.39960665 0.9411764705882353 1.0382581 0.9152329
3.25 4.0 0.87286264 0.7760371 0.39874098 0.9411764705882353 1.0394427 0.9154639
3.25 3.25 0.87389153 0.7788614 0.40012482 0.9411764705882353 1.0374548 0.9132129
3.25 4.75 0.87175995 0.7748531 0.39781204 0.9411764705882353 1.0383731 0.92041993
3.25 2.25 0.87559694 0.78334814 0.4018581 0.9215686274509803 1.0319481 0.90086734
3.0 1.5 0.880902 0.7859621 0.40144345 0.9215686274509803 1.0424823 0.9014181
3.0 3.25 0.8734794 0.77956015 0.40059006 0.9411764705882353 1.0313486 0.9064069
3.25 1.1 0.88260245 0.7878574 0.40047228 0.9215686274509803 1.0470268 0.9039521
3.5 0.8 0.8840866 0.7888483 0.4003182 0.9215686274509803 1.0506979 0.9101169
3.25 1.0 0.8831442 0.78780913 0.3998305 0.9215686274509803 1.0485291 0.90455115
3.25 4.5 0.8722778 0.7756207 0.39786854 0.9411764705882353 1.0394934 0.92513365
3.25 0.7 0.8850027 0.7863627 0.39967087 0.9215686274509803 1.0513527 0.90749407
3.25 1.6 0.8797734 0.7862363 0.40231016 0.9215686274509803 1.0417193 0.9010036
3.0 2.25 0.87780577 0.7848382 0.4016988 0.9215686274509803 1.0399091 0.90624297
3.25 2.0 0.87658805 0.7842754 0.40208608 0.9215686274509803 1.0330268 0.8999388
3.5 1.3 0.88081217 0.7876726 0.402569 0.9215686274509803 1.0437113 0.90663904
3.0 2.5 0.8769333 0.7838279 0.40144792 0.9215686274509803 1.0385479 0.9067762
3.25 1.7 0.8788906 0.7854385 0.40232977 0.9215686274509803 1.0404227 0.8996831
3.0 2.0 0.8791344 0.78611195 0.402478 0.9215686274509803 1.0412799 0.90598947
3.5 1.2 0.88133794 0.787367 0.40273297 0.9215686274509803 1.0440918 0.9072231
3.25 0.9 0.88380957 0.7866283 0.39975584 0.9215686274509803 1.0494851 0.90702474
3.25 1.8 0.8783985 0.7851633 0.40218037 0.9215686274509803 1.0396906 0.8999521
3.0 1.6 0.88012034 0.7851644 0.40166256 0.9215686274509803 1.0407556 0.9008359
3.5 1.1 0.8818074 0.78717947 0.4024408 0.9215686274509803 1.0443292 0.90837204
3.25 1.5 0.87974674 0.78494436 0.40222996 0.9215686274509803 1.0399317 0.90069187
3.25 1.9 0.8778537 0.7848086 0.4021766 0.9215686274509803 1.0387557 0.8998455
3.5 1.5 0.8794227 0.7878263 0.4019267 0.9215686274509803 1.0438408 0.90662146
3.5 1.8 0.87794733 0.7859906 0.4019398 0.9215686274509803 1.0406541 0.90580344
3.5 1.6 0.87906843 0.78745073 0.40191492 0.9215686274509803 1.04341 0.9066186
3.25 1.3 0.8813867 0.7861379 0.40152332 0.9215686274509803 1.0440634 0.90200114
3.5 3.5 0.8734744 0.7774169 0.39875296 0.9411764705882353 1.0423108 0.9170257
3.5 1.7 0.8786842 0.78711593 0.40184256 0.9215686274509803 1.043125 0.90582275
3.25 0.8 0.8843641 0.7867427 0.39987537 0.9215686274509803 1.0499158 0.9068929
3.25 3.0 0.8739534 0.780128 0.40025124 0.9411764705882353 1.0355117 0.9071366
3.5 3.25 0.87347645 0.7781458 0.39947322 0.9411764705882353 1.0383288 0.91605246
3.25 0.1 0.886952 0.78391623 0.40086314 0.9215686274509803 1.0508927 0.90962076
3.25 5.0 0.871929 0.7759223 0.39642304 0.9411764705882353 1.0400494 0.9260297
3.25 2.75 0.8752628 0.781559 0.4001445 0.9411764705882353 1.0376309 0.90596545
3.25 1.4 0.8802598 0.7854017 0.40200478 0.9215686274509803 1.040979 0.90083504
3.5 0.9 0.8829035 0.7885433 0.40064156 0.9215686274509803 1.0470484 0.90523374
3.75 0.3 0.88430315 0.7874489 0.40175074 0.9215686274509803 1.0481237 0.9111587
3.5 0.4 0.8846418 0.78452617 0.40082368 0.9215686274509803 1.0481557 0.90702224
3.5 0.3 0.88506025 0.78482246 0.40001333 0.9215686274509803 1.0492026 0.90717757
3.5 0.5 0.8841453 0.7854986 0.4005956 0.9215686274509803 1.0474712 0.905985
3.5 0.2 0.88302636 0.77891695 0.401114 0.9215686274509803 1.0381836 0.9063499
3.5 0.05 0.8856905 0.7836617 0.4023541 0.9215686274509803 1.0480285 0.90676236
3.5 4.0 0.8723585 0.77571726 0.3982833 0.9411764705882353 1.0405489 0.92074
3.75 0.5 0.8841414 0.7879875 0.40080923 0.9215686274509803 1.0493006 0.9135982
3.5 1.9 0.8769563 0.78426766 0.401442 0.9215686274509803 1.0380737 0.90023255
3.25 1.2 0.8818914 0.7862548 0.40105122 0.9215686274509803 1.0450301 0.9030799
3.5 0.1 0.8853586 0.7835201 0.39997262 0.9215686274509803 1.0472 0.9088259
3.75 0.4 0.8845038 0.78834736 0.40120617 0.9215686274509803 1.0492743 0.9138886
3.75 1.0 0.8823537 0.7889806 0.40244296 0.9215686274509803 1.046341 0.90946716
3.75 1.1 0.8818693 0.7895817 0.40251115 0.9215686274509803 1.0459657 0.9097481
3.75 1.3 0.88021 0.7888303 0.40282857 0.9215686274509803 1.0446947 0.9075062
3.75 1.4 0.8791616 0.78825873 0.40234935 0.9215686274509803 1.0431597 0.90703267
3.5 1.0 0.8816047 0.7867172 0.4007893 0.9215686274509803 1.0440086 0.90399826
3.75 1.5 0.87869287 0.78748703 0.40225932 0.9215686274509803 1.0426633 0.9065504
3.5 2.25 0.8757023 0.78248143 0.40107518 0.9215686274509803 1.0366291 0.90227735
3.5 2.5 0.87503886 0.7820089 0.4006513 0.9215686274509803 1.0375394 0.90411294
3.75 2.75 0.87360007 0.779199 0.4005675 0.9411764705882353 1.0369062 0.91278
3.75 2.5 0.8744381 0.7804717 0.40098435 0.9411764705882353 1.0374563 0.91034997
3.75 3.0 0.87313247 0.77864325 0.40003112 0.9411764705882353 1.0376083 0.91473377
3.75 1.2 0.8806281 0.7886232 0.4026704 0.9215686274509803 1.0442086 0.90806955
3.5 3.0 0.873409 0.77874637 0.39969254 0.9411764705882353 1.0361236 0.9094155
3.5 2.75 0.8740339 0.7801825 0.40025994 0.9411764705882353 1.0362773 0.906366
3.5 5.0 0.87131786 0.7741903 0.3957826 0.9411764705882353 1.0389495 0.9340129
3.5 4.5 0.87195486 0.7757051 0.3964723 0.9411764705882353 1.041213 0.9257036
3.5 4.75 0.8716808 0.7753099 0.3962495 0.9411764705882353 1.0406482 0.92725027
4.0 0.05 0.8843817 0.7904496 0.40216526 0.9215686274509803 1.048656 0.91210806
3.75 4.5 0.87168103 0.7738557 0.39708063 0.9411764705882353 1.0410155 0.9304211
3.75 5.0 0.871958 0.7742309 0.39575562 0.9411764705882353 1.0444669 0.9368962
3.75 0.2 0.8839946 0.78667724 0.40156412 0.9215686274509803 1.046656 0.9054216
3.75 3.25 0.87318605 0.7770374 0.39900175 0.9411764705882353 1.0407348 0.91703445
4.0 2.25 0.8748007 0.7816285 0.4012815 0.9215686274509803 1.0378189 0.90901065
4.0 0.1 0.8844697 0.7903203 0.4017936 0.9215686274509803 1.0495833 0.91226494
4.0 0.2 0.8844971 0.789552 0.40166894 0.9215686274509803 1.0496699 0.9151765
4.0 1.9 0.87541837 0.7838109 0.4024987 0.9215686274509803 1.0327104 0.90630984
4.0 2.0 0.8748901 0.7837378 0.40256235 0.9215686274509803 1.0333287 0.9070307
3.5 4.25 0.87195015 0.7768586 0.39723375 0.9411764705882353 1.0384426 0.91982615
4.0 1.0 0.8811527 0.7896786 0.4030234 0.9215686274509803 1.0451239 0.90842056
4.0 1.1 0.8806891 0.78906626 0.40313262 0.9215686274509803 1.044053 0.907583
4.0 4.5 0.87046546 0.77301615 0.3973825 0.9411764705882353 1.0366961 0.9310694
4.0 0.9 0.8818741 0.78996736 0.40225562 0.9215686274509803 1.0458652 0.9105254
4.0 0.6 0.88337 0.7902752 0.40190843 0.9215686274509803 1.0481439 0.9129461
4.0 0.7 0.8831256 0.79045016 0.40181634 0.9215686274509803 1.0488892 0.9120716
4.0 0.8 0.88255936 0.7897948 0.4023097 0.9215686274509803 1.0466872 0.9111254
3.75 0.8 0.88247937 0.7883812 0.40098786 0.9215686274509803 1.0464182 0.9057846
4.0 4.75 0.87092686 0.7731248 0.39644647 0.9411764705882353 1.0415435 0.93378496
3.75 4.75 0.87169594 0.77477336 0.39657775 0.9411764705882353 1.0412713 0.9401851
3.75 0.7 0.88270813 0.7882495 0.40119 0.9215686274509803 1.0469446 0.90547466
4.0 1.8 0.8766591 0.784513 0.40187848 0.9215686274509803 1.040268 0.9051368
4.25 0.8 0.88162464 0.79073656 0.40261942 0.9215686274509803 1.0454849 0.9087362
3.75 0.6 0.88364035 0.7880656 0.4007379 0.9215686274509803 1.0486542 0.9081105
4.0 1.5 0.8777477 0.7856259 0.40228996 0.9215686274509803 1.0405471 0.9051172
4.0 1.6 0.8771503 0.7849692 0.40232283 0.9215686274509803 1.039374 0.904716
4.0 1.7 0.87682295 0.78431904 0.40211654 0.9215686274509803 1.0388778 0.90477824
4.0 4.25 0.87107116 0.77325183 0.39722225 0.9411764705882353 1.0385133 0.93865806
3.75 1.7 0.87689406 0.7843163 0.4017665 0.9215686274509803 1.0380043 0.9000627
4.0 0.4 0.88382745 0.7897017 0.4015695 0.9215686274509803 1.0482584 0.91452587
3.75 2.0 0.8751116 0.7833873 0.40215704 0.9215686274509803 1.030773 0.90198076
3.75 4.25 0.8717777 0.77529633 0.39651272 0.9411764705882353 1.0407956 0.9262009
3.75 1.8 0.8762669 0.78376716 0.4018141 0.9215686274509803 1.0366794 0.90016127
4.0 0.5 0.8834343 0.78999126 0.40151858 0.9215686274509803 1.048296 0.9132607
3.75 2.25 0.8741271 0.7813825 0.4015182 0.9215686274509803 1.0304245 0.9038967
3.75 1.9 0.87654424 0.7845253 0.40138656 0.9215686274509803 1.0388032 0.90144134
3.5 2.0 0.8768527 0.78418624 0.40112793 0.9215686274509803 1.0383232 0.90102166
4.0 4.0 0.8723553 0.7744099 0.39673868 0.9411764705882353 1.044093 0.93391895
4.0 3.75 0.8726387 0.7754067 0.3977395 0.9411764705882353 1.0424297 0.9294779
3.75 3.5 0.8727834 0.7774512 0.3977992 0.9411764705882353 1.0413134 0.9172341
3.75 0.05 0.8845987 0.78761095 0.4014868 0.9215686274509803 1.0482831 0.90674436
4.0 1.2 0.8788464 0.78664196 0.40224758 0.9215686274509803 1.0416768 0.8989746
4.25 1.6 0.87674737 0.7844354 0.40222844 0.9215686274509803 1.0390892 0.9047177
3.75 0.1 0.884043 0.78683555 0.40158486 0.9215686274509803 1.045997 0.9064964
4.25 1.7 0.8767178 0.78487396 0.4019668 0.9215686274509803 1.0398921 0.9062793
3.75 1.6 0.87741095 0.7847876 0.4018344 0.9215686274509803 1.0387208 0.90011346
4.25 1.8 0.87608904 0.78400624 0.40195075 0.9215686274509803 1.0391828 0.9064752
4.25 3.25 0.8721111 0.77688694 0.3988868 0.9411764705882353 1.0388212 0.92575455
3.75 3.75 0.8722938 0.777 0.39747143 0.9411764705882353 1.039845 0.92018545
3.5 0.6 0.8843009 0.78720915 0.40034226 0.9215686274509803 1.0485469 0.91120493
4.0 0.3 0.8830657 0.7872612 0.40161076 0.9215686274509803 1.0457813 0.90780425
3.5 0.7 0.88413286 0.78738046 0.40047908 0.9215686274509803 1.0501215 0.9111562
3.75 4.0 0.87206054 0.7760999 0.39694116 0.9411764705882353 1.04079 0.925252
3.75 0.9 0.8818129 0.78800714 0.4009996 0.9215686274509803 1.0455381 0.9043214
3.5 1.4 0.8801477 0.7874485 0.40250936 0.9215686274509803 1.0437576 0.90650666
4.0 1.3 0.8785028 0.78655076 0.40208307 0.9215686274509803 1.0412226 0.90110314
3.5 3.75 0.8728712 0.77595496 0.39847147 0.9411764705882353 1.0409173 0.9191733
4.0 3.0 0.8731065 0.7780102 0.39832813 0.9411764705882353 1.0395625 0.9159869
4.0 3.5 0.87185544 0.77712655 0.397943 0.9411764705882353 1.0367357 0.92039067
4.0 3.25 0.87214637 0.7768222 0.39829034 0.9411764705882353 1.0363255 0.9174209
4.0 2.75 0.87296075 0.77811456 0.39943454 0.9411764705882353 1.0371372 0.9100816
4.25 0.9 0.880259 0.7883731 0.40255487 0.9215686274509803 1.042007 0.9027924
4.25 0.2 0.8832299 0.7893916 0.40237758 0.9215686274509803 1.0457023 0.90505815
4.0 2.5 0.8735623 0.77946925 0.40013927 0.9411764705882353 1.0366383 0.90787697
4.25 3.0 0.87214774 0.7770778 0.39839652 0.9411764705882353 1.0363171 0.9170034
4.25 0.3 0.883487 0.7898766 0.40200874 0.9215686274509803 1.0483705 0.9085518
4.25 0.5 0.88293266 0.7896182 0.4020624 0.9215686274509803 1.0471402 0.90699965
4.25 0.05 0.883632 0.78900194 0.40195265 0.9215686274509803 1.0477985 0.90906715
4.25 0.6 0.882098 0.78884953 0.40218255 0.9215686274509803 1.0461155 0.90526605
4.25 0.7 0.8813495 0.7886763 0.40242422 0.9215686274509803 1.0438334 0.9017056
4.25 0.1 0.88417864 0.7893009 0.40165052 0.9215686274509803 1.0494198 0.90912473
4.25 0.4 0.8826898 0.78894293 0.40210247 0.9215686274509803 1.0458139 0.90436816
4.25 1.1 0.87927467 0.7879888 0.40242988 0.9215686274509803 1.0429151 0.9018234
4.25 1.3 0.87779194 0.78568053 0.40232858 0.9215686274509803 1.0394351 0.90039253
4.25 1.2 0.87855357 0.7866136 0.4023471 0.9215686274509803 1.0405216 0.9014046
4.25 1.0 0.8796177 0.78821486 0.4023102 0.9215686274509803 1.0416745 0.90201694
4.25 4.25 0.8705885 0.7746022 0.39651325 0.9411764705882353 1.0377151 0.930503
4.25 4.5 0.87055403 0.7746979 0.39599174 0.9411764705882353 1.0388495 0.9327044
4.25 5.0 0.8711681 0.77511597 0.39421573 0.9411764705882353 1.0441281 0.94332075
4.5 0.05 0.88332576 0.7899381 0.4023746 0.9215686274509803 1.0473267 0.90825796
4.25 4.75 0.87065727 0.774883 0.3952102 0.9411764705882353 1.0413746 0.9369793
4.25 1.9 0.8750672 0.7825102 0.40128767 0.9215686274509803 1.0368266 0.90225613
4.25 2.5 0.87292606 0.7792188 0.40003103 0.9411764705882353 1.0351468 0.90602386
4.5 1.3 0.8773524 0.7857205 0.40240142 0.9215686274509803 1.0392005 0.90116704
4.25 2.75 0.8729574 0.77889943 0.39898294 0.9411764705882353 1.040164 0.91387355
4.5 0.2 0.8827506 0.78986657 0.40263957 0.9215686274509803 1.046352 0.90419483
4.25 2.0 0.8749482 0.7823009 0.4010625 0.9215686274509803 1.0375988 0.9036803
4.25 2.25 0.87367916 0.7800655 0.4006909 0.9411764705882353 1.0354266 0.9059905
4.5 0.4 0.8830135 0.79068595 0.40273055 0.9215686274509803 1.047717 0.9072521
4.5 0.3 0.8832581 0.7904227 0.4026928 0.9215686274509803 1.048047 0.907361
4.5 0.5 0.8818725 0.788518 0.4027669 0.9215686274509803 1.0443135 0.90334404
4.5 0.1 0.8831053 0.790136 0.40286097 0.9215686274509803 1.0456795 0.90479064
4.5 1.4 0.876729 0.7848263 0.40213874 0.9215686274509803 1.03858 0.90084064
4.5 1.5 0.8765726 0.7847121 0.40184718 0.9215686274509803 1.0387768 0.90135217
4.0 1.4 0.8780467 0.78639287 0.40204808 0.9215686274509803 1.0406908 0.9004538
4.5 1.2 0.8778486 0.78609073 0.4025584 0.9215686274509803 1.039858 0.90100825
4.5 1.6 0.8762254 0.7843504 0.40165463 0.9215686274509803 1.0386788 0.90141714
4.5 1.1 0.87887865 0.7878654 0.40255147 0.9215686274509803 1.0422548 0.90160364
4.5 1.0 0.8794982 0.78875697 0.4023871 0.9215686274509803 1.0433918 0.90235025
4.75 4.0 0.8707467 0.77361417 0.39688632 0.9411764705882353 1.0401552 0.9337472
4.75 4.25 0.87144405 0.77415115 0.39565513 0.9411764705882353 1.0465242 0.938212
4.75 4.75 0.87166625 0.7733407 0.3944062 0.9411764705882353 1.0486808 0.94662535
4.75 4.5 0.8705384 0.77336645 0.395923 0.9411764705882353 1.042273 0.9376813
4.5 3.25 0.8718868 0.7768655 0.39731434 0.9411764705882353 1.0384494 0.92559266
4.5 0.9 0.87997764 0.7889373 0.40271994 0.9215686274509803 1.0424417 0.9031943
4.5 3.0 0.87209326 0.77743703 0.39787036 0.9411764705882353 1.0373477 0.9226487
4.25 1.5 0.87713236 0.78509414 0.40242046 0.9215686274509803 1.0397838 0.90473574
4.75 0.1 0.8832109 0.79127777 0.40314737 0.9215686274509803 1.0467778 0.90842485
4.5 0.6 0.8818458 0.7898409 0.4029895 0.9215686274509803 1.0445837 0.903223
4.5 2.25 0.8733506 0.77972627 0.40037182 0.9411764705882353 1.035886 0.90769017
4.5 2.0 0.8743045 0.78134334 0.40064904 0.9215686274509803 1.0370251 0.90464354
4.5 2.75 0.87250686 0.77737796 0.39843094 0.9411764705882353 1.0399724 0.9168267
4.75 0.05 0.88321376 0.79179347 0.40272185 0.9215686274509803 1.0470496 0.91044277
4.5 2.5 0.8731193 0.77955496 0.3993541 0.9411764705882353 1.0399607 0.912884
4.75 0.2 0.8827057 0.79011416 0.4033828 0.9215686274509803 1.045298 0.908152
4.5 0.8 0.88040644 0.78835416 0.40258878 0.9215686274509803 1.0427753 0.9044181
4.5 1.7 0.8756884 0.7838274 0.40155256 0.9215686274509803 1.0380756 0.9018632
4.25 4.0 0.8705035 0.7730658 0.39784572 0.9411764705882353 1.0365597 0.92953795
4.5 1.9 0.8748067 0.7822187 0.40111196 0.9215686274509803 1.0373341 0.9039141
4.75 0.3 0.8825658 0.7905543 0.40309802 0.9215686274509803 1.0470598 0.90796524
4.25 3.75 0.87220424 0.77461994 0.39697087 0.9411764705882353 1.0437678 0.93202007
4.25 1.4 0.8772895 0.7853257 0.40230632 0.9215686274509803 1.0385687 0.9006861
4.25 3.5 0.87187 0.77509344 0.3984849 0.9411764705882353 1.0381349 0.92594874
4.5 1.8 0.8753032 0.7832594 0.4012611 0.9215686274509803 1.0380906 0.9025908
4.5 4.25 0.8704682 0.77471405 0.39615154 0.9411764705882353 1.0386449 0.93187803
4.5 4.5 0.871191 0.77583134 0.3949175 0.9411764705882353 1.0431978 0.9377859
4.5 5.0 0.87123585 0.7744025 0.39364105 0.9411764705882353 1.0464475 0.9481971
4.75 0.6 0.88081723 0.78870827 0.40303734 0.9215686274509803 1.0431389 0.9031998
4.5 4.75 0.87081915 0.77523017 0.3948051 0.9411764705882353 1.0426552 0.9384248
5.0 1.9 0.8743884 0.7814759 0.40134236 0.9411764705882353 1.0382375 0.91091585
5.0 1.8 0.87477463 0.78197426 0.40165725 0.9215686274509803 1.0385302 0.90914214
4.5 3.5 0.872206 0.7755166 0.39637303 0.9411764705882353 1.0430781 0.9297288
4.5 0.7 0.88063437 0.78823745 0.4026242 0.9215686274509803 1.0424906 0.9006269
4.5 4.0 0.87063295 0.77476525 0.3964992 0.9411764705882353 1.0381078 0.93120074
4.75 1.0 0.8791148 0.7888457 0.40278953 0.9215686274509803 1.0428224 0.90264404
4.75 0.9 0.8788459 0.7873137 0.40280962 0.9215686274509803 1.0415694 0.900216
4.75 1.1 0.87811035 0.7867244 0.40260652 0.9215686274509803 1.040064 0.90179086
4.75 1.2 0.8775576 0.7859974 0.40233833 0.9215686274509803 1.0402095 0.9013231
5.0 1.7 0.87566215 0.78335035 0.40157458 0.9215686274509803 1.0404629 0.90927064
4.75 0.8 0.8793855 0.787936 0.40265554 0.9215686274509803 1.0409997 0.9005923
5.0 1.6 0.87618655 0.7845608 0.40172622 0.9215686274509803 1.040705 0.90888155
5.0 0.5 0.88187075 0.79162204 0.40347546 0.9215686274509803 1.0464047 0.9130589
4.75 0.7 0.8798404 0.78791976 0.40305755 0.9215686274509803 1.0422076 0.90157807
5.0 1.1 0.8781676 0.78758824 0.40280417 0.9215686274509803 1.0413857 0.907279
4.5 3.75 0.87082416 0.7752306 0.39699638 0.9411764705882353 1.0371114 0.9285929
4.75 0.5 0.8819082 0.7897338 0.40273833 0.9215686274509803 1.0446726 0.9049493
4.75 0.4 0.8827579 0.7909112 0.40271336 0.9215686274509803 1.0485405 0.9073136
5.0 1.4 0.87697166 0.7860842 0.40226868 0.9215686274509803 1.0410976 0.90643924
5.0 1.5 0.8764203 0.78509724 0.4021993 0.9215686274509803 1.0403737 0.90646935
5.0 1.3 0.87744737 0.78671706 0.40236497 0.9215686274509803 1.0417558 0.90649855
5.0 2.75 0.87216425 0.77589226 0.39875355 0.9411764705882353 1.0391058 0.92313886
5.0 1.2 0.8774732 0.7869619 0.40251553 0.9215686274509803 1.0409454 0.9068241
5.0 4.0 0.8716786 0.7747363 0.39573917 0.9411764705882353 1.0469013 0.9387329
5.0 3.25 0.8715437 0.7743111 0.39720988 0.9411764705882353 1.042303 0.93186796
5.0 3.75 0.8711505 0.7736107 0.39618516 0.9411764705882353 1.0426207 0.9415435
5.0 3.5 0.8717281 0.7743065 0.39667374 0.9411764705882353 1.0437269 0.9356804
5.0 4.25 0.87112767 0.7735541 0.39545327 0.9411764705882353 1.0453916 0.93756294
1.7 2.75 0.88504225 0.7830046 0.39912793 0.9215686274509803 1.0496813 0.90747064
5.0 0.2 0.88290936 0.7923546 0.40320742 0.9215686274509803 1.0479864 0.9092766
5.0 0.05 0.8829353 0.79150176 0.4030727 0.9215686274509803 1.0469917 0.9103901
5.0 0.1 0.88247204 0.7911654 0.40320027 0.9215686274509803 1.0468751 0.90884364
1.5 4.25 0.8820083 0.7834554 0.39922982 0.9215686274509803 1.0445129 0.9053631
5.0 3.0 0.87253714 0.77540016 0.39763466 0.9411764705882353 1.0433043 0.93003017
5.0 2.0 0.8732664 0.7798989 0.40030283 0.9411764705882353 1.0358787 0.9076283
5.0 0.3 0.8816175 0.78947985 0.40347648 0.9215686274509803 1.0443987 0.90451586
5.0 0.4 0.8820302 0.7910509 0.40344605 0.9215686274509803 1.0462971 0.9044272
4.75 1.4 0.8771625 0.7859736 0.4020823 0.9215686274509803 1.0411217 0.90626633
4.75 1.5 0.87695664 0.78575194 0.40207854 0.9215686274509803 1.0408466 0.90690184
4.75 1.3 0.8772869 0.78629124 0.40252298 0.9215686274509803 1.0402107 0.9065627
5.0 1.0 0.87852675 0.7879512 0.40275142 0.9215686274509803 1.0421158 0.9017668
5.0 4.5 0.87159294 0.77463484 0.39345104 0.9411764705882353 1.0482858 0.9463291
4.75 1.6 0.87643653 0.78527623 0.40201408 0.9215686274509803 1.0404454 0.9070859
5.0 5.0 0.8714943 0.7749487 0.39314756 0.9411764705882353 1.0478581 0.94299066
5.0 4.75 0.8717353 0.7738777 0.39281362 0.9411764705882353 1.0509087 0.9537015
4.75 2.0 0.87434626 0.78142816 0.4013086 0.9411764705882353 1.0381176 0.9102325
5.0 0.7 0.88094145 0.7908956 0.40348956 0.9215686274509803 1.0444663 0.9104862
4.75 2.5 0.8727414 0.7772425 0.39965948 0.9411764705882353 1.0397164 0.917163
4.75 2.25 0.8732267 0.77932894 0.40067104 0.9411764705882353 1.0380195 0.9134327
4.75 1.7 0.87585634 0.784261 0.40177262 0.9215686274509803 1.0399755 0.9075241
5.0 0.8 0.8802717 0.7902645 0.4032182 0.9215686274509803 1.0448238 0.9099982
4.75 1.8 0.8752238 0.7826247 0.40165263 0.9215686274509803 1.0395604 0.90760815
5.0 2.5 0.87251276 0.7785641 0.39836982 0.9411764705882353 1.038298 0.9201022
4.75 1.9 0.8747335 0.7816877 0.4014625 0.9215686274509803 1.0384895 0.9087703
4.75 2.75 0.8719681 0.77643764 0.3993896 0.9411764705882353 1.0359743 0.9180581
5.0 2.25 0.8724315 0.77840626 0.3998558 0.9411764705882353 1.0357379 0.91232395
4.0 5.0 0.871254 0.77509207 0.39477634 0.9411764705882353 1.0427879 0.9421584
4.75 5.0 0.87185955 0.7727869 0.39372215 0.9411764705882353 1.0518204 0.9535699
4.75 3.5 0.87179834 0.774121 0.39670753 0.9411764705882353 1.0436386 0.93413454
4.75 3.75 0.8707195 0.7740612 0.39745227 0.9411764705882353 1.0380908 0.93088907
5.0 0.6 0.88143057 0.7914355 0.40338674 0.9215686274509803 1.0450596 0.9115187
4.75 3.25 0.8718126 0.77485025 0.39759815 0.9411764705882353 1.0413752 0.9307048
4.75 3.0 0.8718774 0.7758043 0.3984996 0.9411764705882353 1.0392112 0.92284507
1.3 0.4 0.93281394 0.74667716 0.43497473 0.8823529411764706 1.0391504 0.9182074
5.0 0.9 0.8794616 0.78945994 0.40313336 0.9215686274509803 1.0434521 0.9091385
1.0 1.0 0.93085724 0.7431674 0.431459 0.8823529411764706 1.0491294 0.92196095
1.7 2.5 0.8854293 0.7800471 0.39877248 0.9215686274509803 1.048671 0.90380704
3.25 2.5 0.8757756 0.7821566 0.4006921 0.9215686274509803 1.0365314 0.903656
1.3 0.5 0.92486525 0.7410569 0.43005687 0.8823529411764706 1.0401853 0.9274806
1.3 0.1 0.9413464 0.7460488 0.44226635 0.8823529411764706 1.0435959 0.92192173