lengthscale l2regularizer bma_mean_rmse_mean bma_mean_rmse_median bma_mean_std bma_mean_cov bma_rmse_mean bma_rmse_median bma_std bma_cov bae_rmse_mean bae_rmse_median bae_std bae_cov

0.4 0.1 0.9286712 0.88555443 0.45919898 0.9019607843137255 0.92330384 0.87331367 0.46990642 0.9411764705882353 2.1348045 1.9159319 0.8947975 0.9215686274509803
0.4 0.1 0.9286712 0.88555443 0.45919898 0.9019607843137255 0.92330384 0.87331367 0.46990642 0.9411764705882353 2.1348045 1.9159319 0.8947975 0.9215686274509803
0.4 0.4 1.1023507 1.0555271 0.32431406 0.8823529411764706 1.0971559 1.0470278 0.33419308 0.8823529411764706 2.5744634 2.2388597 0.78323185 0.9215686274509803
0.4 0.2 1.0540143 1.031379 0.30540615 0.8823529411764706 1.049905 1.0245684 0.31516773 0.8823529411764706 2.4973388 2.254102 0.8668241 0.9215686274509803
0.4 0.15 1.0226144 1.0160414 0.40970853 0.9019607843137255 1.0182633 1.0049736 0.41755405 0.9215686274509803 2.4961548 2.2137609 0.9392387 0.9215686274509803
0.1 0.35 1.3247333 1.2077434 0.5563767 0.8235294117647058 1.3166806 1.2052128 0.56279725 0.8235294117647058 2.6592157 2.259126 0.8083441 0.8431372549019608
0.05 0.9 1.3184216 1.3481305 0.7286637 0.8627450980392157 1.3122528 1.3458033 0.7351488 0.8823529411764706 2.9993289 2.5645118 1.2255942 0.9019607843137255
0.1 0.25 1.3612727 1.2614051 0.6612454 0.8431372549019608 1.3533136 1.2580355 0.668579 0.8627450980392157 2.4870818 2.069128 0.93169504 0.9019607843137255
0.1 0.05 1.1905195 1.1646967 0.5973387 0.8235294117647058 1.1831961 1.1664686 0.60835046 0.8627450980392157 2.0187752 2.0443683 0.87554204 0.9019607843137255
0.1 0.6 1.420691 1.2025137 0.6578989 0.8627450980392157 1.4127601 1.1987902 0.6632019 0.8627450980392157 2.9909382 2.4112878 0.9963114 0.8431372549019608
0.05 0.85 1.3142037 1.3786876 0.7192936 0.8823529411764706 1.3072635 1.3765442 0.7265742 0.8823529411764706 3.0480301 2.5456085 1.247916 0.9019607843137255
0.05 1.0 1.306118 1.3699594 0.703304 0.8431372549019608 1.2991029 1.3671004 0.70988005 0.8431372549019608 3.0116293 2.6760192 1.2047493 0.9019607843137255
0.1 0.1 1.2476377 1.2162588 0.62659216 0.8823529411764706 1.2423913 1.2166842 0.63324213 0.8823529411764706 1.9477247 1.671671 0.7921439 0.9019607843137255
0.1 0.8 1.3889934 1.2130456 0.61838627 0.8627450980392157 1.3817625 1.215776 0.6236041 0.8627450980392157 3.045284 2.5620403 0.94162035 0.8431372549019608
0.05 0.8 1.2990543 1.343406 0.74112844 0.8823529411764706 1.2922841 1.3406451 0.7481658 0.8823529411764706 3.0141294 2.6017404 1.2346236 0.9019607843137255
0.1 0.55 1.4014436 1.1735771 0.6557905 0.8627450980392157 1.3934635 1.1696589 0.6605937 0.8627450980392157 2.9826136 2.488937 0.9170772 0.8431372549019608
0.1 0.45 1.3605016 1.2350677 0.6259797 0.8627450980392157 1.3520598 1.2311348 0.6320748 0.8627450980392157 2.8013546 2.2995396 1.0354321 0.8627450980392157
0.1 0.7 1.3864083 1.2061331 0.6065105 0.8627450980392157 1.3793024 1.2063394 0.61140776 0.8627450980392157 3.0911837 2.541637 0.9260855 0.8431372549019608
0.1 0.4 1.3726393 1.2144215 0.6436179 0.8235294117647058 1.364371 1.2120554 0.6505506 0.8431372549019608 2.8180072 2.2621746 0.97098947 0.8627450980392157
0.05 0.95 1.3010653 1.334316 0.7076583 0.8823529411764706 1.2945875 1.3326108 0.7145255 0.8823529411764706 3.0338628 2.6199126 1.2324722 0.8823529411764706
0.1 0.75 1.3771895 1.2030534 0.63038194 0.8627450980392157 1.3697997 1.2064208 0.6357503 0.8627450980392157 3.049 2.649127 0.86010766 0.8235294117647058
0.1 0.65 1.3748981 1.236106 0.6833119 0.8431372549019608 1.3677803 1.233067 0.688919 0.8431372549019608 3.00648 2.399672 0.98949736 0.8431372549019608
0.05 0.05 1.2088016 1.257117 0.591021 0.8823529411764706 1.1986694 1.2544212 0.60250914 0.9019607843137255 2.082037 1.9091347 0.8879375 0.8627450980392157
0.05 0.5 1.2704443 1.2728086 0.66797936 0.9019607843137255 1.2637898 1.2705605 0.6759999 0.9019607843137255 2.9022293 2.4673357 1.1044112 0.8823529411764706
0.05 0.4 1.2693179 1.28584 0.7059014 0.9019607843137255 1.2624787 1.2843235 0.71412796 0.9215686274509803 2.879801 2.4338515 1.1318252 0.8823529411764706
0.05 0.55 1.2649988 1.285963 0.6709685 0.9019607843137255 1.2583712 1.2845287 0.67910373 0.9019607843137255 2.9369886 2.467258 1.1151817 0.8823529411764706
0.05 0.25 1.2597791 1.2229447 0.71118015 0.8823529411764706 1.2540411 1.2147146 0.7201642 0.8823529411764706 2.5868874 1.940301 1.2939571 0.9215686274509803
0.05 0.7 1.2709731 1.3177565 0.69097066 0.9019607843137255 1.2649325 1.3158746 0.6977453 0.9019607843137255 2.9077098 2.479248 1.1667967 0.9019607843137255
0.1 0.2 1.3046361 1.2311994 0.6689605 0.8823529411764706 1.2972977 1.229491 0.6757259 0.8627450980392157 2.335086 1.9183435 0.80282545 0.8627450980392157
0.05 0.6 1.284721 1.361669 0.70874065 0.8823529411764706 1.2774054 1.3588549 0.7171141 0.8823529411764706 2.9452221 2.501255 1.148836 0.8627450980392157
0.2 0.55 1.2127147 1.1137221 0.5521964 0.8823529411764706 1.2057617 1.1061311 0.5590607 0.9019607843137255 2.8593502 2.6310132 0.7763172 0.8627450980392157
0.05 0.1 1.2192272 1.2686567 0.62267953 0.9215686274509803 1.2119534 1.2594428 0.63285947 0.9215686274509803 2.0004544 1.7056606 0.7529375 0.8431372549019608
0.05 0.45 1.2702934 1.3199936 0.6929228 0.9019607843137255 1.2634625 1.3181307 0.70087546 0.9019607843137255 2.833739 2.3666844 1.1395632 0.8823529411764706
0.05 0.2 1.2921516 1.3231692 0.72106546 0.9019607843137255 1.2845978 1.31611 0.7324655 0.9019607843137255 2.42179 1.9186034 0.9065383 0.9019607843137255
0.2 0.6 1.2095538 1.1219313 0.48419648 0.9019607843137255 1.2028255 1.1144248 0.490823 0.9019607843137255 2.8732538 2.6749024 0.8115009 0.8627450980392157
0.05 0.3 1.296184 1.2927873 0.76243365 0.9215686274509803 1.2894118 1.2922425 0.7720619 0.9019607843137255 2.7274246 2.2763395 1.1120867 0.8627450980392157
0.2 0.65 1.2253895 1.115115 0.509686 0.9019607843137255 1.2186062 1.1071461 0.5166126 0.9019607843137255 2.9341958 2.686995 0.78954947 0.8431372549019608
0.45 0.15 0.9918144 0.99334145 0.34325892 0.8823529411764706 0.98880285 0.98226196 0.35343376 0.8823529411764706 2.269064 1.8874836 0.7729018 0.9019607843137255
0.45 0.7 1.1505457 1.128892 0.34746602 0.8823529411764706 1.1454705 1.1264654 0.35763267 0.8823529411764706 2.865627 2.6053052 0.75966346 0.9019607843137255
0.05 0.65 1.2929207 1.316873 0.7303398 0.8823529411764706 1.2866938 1.3064222 0.7374754 0.8823529411764706 2.8956757 2.4547184 1.2340872 0.9019607843137255
0.1 0.5 1.3493085 1.1849917 0.6475565 0.8431372549019608 1.3418832 1.1820505 0.6531895 0.8431372549019608 3.047865 2.3833563 0.9983147 0.8431372549019608
0.05 0.35 1.3094524 1.3253431 0.7406546 0.8431372549019608 1.3032005 1.3169758 0.7495065 0.8627450980392157 2.740859 2.3228583 1.2225568 0.9019607843137255
0.05 0.75 1.2850343 1.3616947 0.6912429 0.8627450980392157 1.278061 1.3590045 0.69863755 0.8627450980392157 2.920643 2.4701767 1.2506746 0.9019607843137255
0.45 0.05 0.9204226 0.9136052 0.4306546 0.9411764705882353 0.91594106 0.90033376 0.44199845 0.9215686274509803 2.0116885 1.7721403 0.96777695 0.8627450980392157
0.05 0.15 1.25599 1.2526997 0.69461393 0.9019607843137255 1.2494069 1.2526015 0.7056809 0.9019607843137255 2.209082 1.6716797 0.93438727 0.9019607843137255
0.5 0.4 1.0797923 1.0545179 0.36841992 0.8823529411764706 1.0764596 1.0436028 0.37493527 0.8823529411764706 2.7889397 2.5408857 0.8801074 0.9019607843137255
0.1 0.85 1.3833176 1.2046843 0.5977741 0.8627450980392157 1.3760519 1.2010597 0.6025405 0.8627450980392157 3.1294441 2.6017046 0.89034134 0.8431372549019608
0.2 0.7 1.2165633 1.1227694 0.509761 0.9019607843137255 1.2095675 1.1154717 0.51646394 0.9019607843137255 2.827734 2.5512433 0.77727395 0.8627450980392157
0.2 0.85 1.2182512 1.1203008 0.50094175 0.9019607843137255 1.2113436 1.1128905 0.5073539 0.9019607843137255 2.947347 2.7636445 0.8199046 0.8431372549019608
0.25 0.15 1.08346 1.0055037 0.5295843 0.8823529411764706 1.0775069 0.9951599 0.5381736 0.9019607843137255 2.4510748 2.3261728 0.9064567 0.9019607843137255
0.25 0.2 1.0562357 1.0298069 0.46084753 0.8823529411764706 1.05027 1.0210242 0.47084543 0.8823529411764706 2.4763396 2.3304152 0.85531425 0.8823529411764706
0.45 0.1 0.9281215 0.87482685 0.4358624 0.9215686274509803 0.92260784 0.86168575 0.4463926 0.9411764705882353 2.102668 1.8880956 0.8662738 0.9019607843137255
0.5 0.45 1.0959939 1.0591569 0.35644358 0.8823529411764706 1.0925833 1.0477502 0.36426625 0.8823529411764706 2.729985 2.5485778 0.9367696 0.9215686274509803
0.25 0.1 1.0307403 1.0167141 0.39955005 0.9019607843137255 1.0259923 1.0081187 0.40852496 0.9019607843137255 2.1179292 1.9501963 0.7511731 0.8627450980392157
0.2 1.0 1.1425213 1.1119295 0.50661755 0.9215686274509803 1.1348714 1.10395 0.5132388 0.9215686274509803 2.8849247 2.5986133 0.8545994 0.8627450980392157
0.5 0.5 1.0919574 1.1080881 0.3895423 0.8823529411764706 1.0884227 1.097004 0.39610153 0.8823529411764706 2.908682 2.6428385 0.80350775 0.9215686274509803
0.4 0.25 1.0286995 1.0366666 0.34955105 0.9019607843137255 1.0246128 1.0306703 0.35766834 0.9019607843137255 2.4895728 2.257215 0.82445824 0.9215686274509803
0.1 0.9 1.4086787 1.2258012 0.6229776 0.8627450980392157 1.4010531 1.2280586 0.6281318 0.8627450980392157 3.1108696 2.706015 0.89377123 0.8235294117647058
0.45 0.8 1.1616437 1.1270276 0.33111897 0.8823529411764706 1.1565337 1.1242076 0.34089345 0.8823529411764706 2.9391642 2.6603456 0.7527218 0.9215686274509803
0.25 0.05 1.0935782 1.1283941 0.5075211 0.9019607843137255 1.0854723 1.1169331 0.51813257 0.9019607843137255 1.9413267 1.6571469 0.8220655 0.8823529411764706
0.25 0.3 1.132157 1.1089942 0.33443835 0.8823529411764706 1.1274983 1.1057997 0.34573597 0.8823529411764706 2.5380886 2.2701476 0.7761719 0.9019607843137255
0.4 0.3 1.1150318 1.0500134 0.31167275 0.8823529411764706 1.1103588 1.0409646 0.32197684 0.8823529411764706 2.5235093 2.325419 0.80769354 0.9411764705882353
0.2 0.9 1.217461 1.1148608 0.49057347 0.9019607843137255 1.210031 1.1066074 0.49672705 0.9019607843137255 2.8907578 2.5913076 0.877593 0.8431372549019608
0.5 0.35 1.0626203 1.0309868 0.34061047 0.8823529411764706 1.0594109 1.020278 0.34791988 0.8823529411764706 2.569022 2.3710556 0.9043049 0.9019607843137255
0.1 0.95 1.3941627 1.2182766 0.5977424 0.8431372549019608 1.3867475 1.220763 0.60285366 0.8431372549019608 3.075201 2.4771006 0.9513992 0.8431372549019608
0.25 0.25 1.0794026 1.0081439 0.40342683 0.8823529411764706 1.0735492 0.99795985 0.41307014 0.8823529411764706 2.5246446 2.3275878 0.8549508 0.9019607843137255
0.15 0.15 1.2367033 1.1445773 0.45937532 0.8823529411764706 1.2301232 1.1363282 0.46643513 0.8823529411764706 2.3252637 2.103017 0.8278636 0.8627450980392157
0.5 0.6 1.1317887 1.1297563 0.35646132 0.8823529411764706 1.1276498 1.1287217 0.365273 0.8823529411764706 2.9474745 2.671927 0.8800837 0.9019607843137255
0.45 1.0 1.175141 1.2011006 0.3263388 0.8823529411764706 1.1698273 1.1975334 0.33749586 0.8823529411764706 3.0195541 2.7507381 0.7443825 0.9215686274509803
0.15 0.05 1.2407486 1.2742196 0.5332569 0.9019607843137255 1.2329232 1.2766411 0.5412856 0.9215686274509803 1.9528455 1.8713797 0.65588236 0.8823529411764706
0.4 0.05 0.9392714 0.92158604 0.42378405 0.9411764705882353 0.9345805 0.9101737 0.43562245 0.9607843137254902 2.0379922 1.8139975 0.9270603 0.8431372549019608
0.55 0.25 1.0201842 1.0145091 0.3374283 0.8823529411764706 1.0167962 1.0046979 0.34773472 0.8823529411764706 2.394677 1.9347757 0.94911164 0.9019607843137255
0.2 0.95 1.1576657 1.1200366 0.4995478 0.9215686274509803 1.150495 1.1125263 0.5057294 0.9215686274509803 2.9330604 2.6810465 0.8712499 0.8823529411764706
0.45 0.85 1.154789 1.1488034 0.34060553 0.8823529411764706 1.1493077 1.1454251 0.35152063 0.8823529411764706 2.97597 2.789208 0.75642335 0.9215686274509803
0.1 1.0 1.3912414 1.2234936 0.56740946 0.8431372549019608 1.3835025 1.225137 0.57266116 0.8431372549019608 3.0775528 2.5534186 0.8623449 0.8431372549019608
0.1 0.15 1.2204489 1.240546 0.71273386 0.8823529411764706 1.2135723 1.2390535 0.72125286 0.8823529411764706 1.9937378 1.6183152 0.76642764 0.8823529411764706
0.45 0.3 1.018843 1.0371498 0.38535196 0.9019607843137255 1.0158117 1.0273706 0.3926462 0.9215686274509803 2.4414608 2.180669 0.9277895 0.9411764705882353
0.35 1.0 1.1655005 1.1478401 0.31866014 0.8823529411764706 1.1618321 1.1456282 0.32783818 0.8823529411764706 2.94837 2.7111394 0.78958195 0.9215686274509803
0.45 0.35 1.0407349 1.0548369 0.36202234 0.8823529411764706 1.0370855 1.0448774 0.3709202 0.8823529411764706 2.515245 2.204892 0.8559709 0.9215686274509803
0.5 0.55 1.1441731 1.1434147 0.342049 0.8823529411764706 1.1396729 1.1415095 0.35145402 0.8823529411764706 2.8836334 2.6032772 0.87089014 0.9215686274509803
0.45 0.5 1.0782673 1.0527205 0.37249428 0.8823529411764706 1.0744945 1.0428576 0.3805395 0.8823529411764706 2.6991596 2.3613796 0.8759425 0.9215686274509803
0.45 0.55 1.1291038 1.1089427 0.34338593 0.8823529411764706 1.1241626 1.0987121 0.35272595 0.8823529411764706 2.807849 2.5267231 0.70116264 0.9215686274509803
0.2 0.75 1.1908873 1.1190956 0.52695745 0.9215686274509803 1.1837032 1.1116633 0.533447 0.9215686274509803 2.843755 2.5091035 0.8508816 0.8431372549019608
0.15 0.65 1.2023321 1.0873985 0.5794217 0.8627450980392157 1.1945859 1.07556 0.58641887 0.8823529411764706 2.908511 2.6390023 0.89198905 0.8627450980392157
0.1 0.3 1.3484315 1.2398808 0.5782251 0.8627450980392157 1.340551 1.236448 0.5846432 0.8627450980392157 2.5542972 2.1992118 0.8432779 0.8627450980392157
0.4 1.0 1.1722074 1.1704404 0.32113588 0.8823529411764706 1.1677163 1.1678777 0.3313824 0.8823529411764706 2.9167223 2.6951246 0.7074495 0.9215686274509803
0.2 0.4 1.1458482 1.1090912 0.52418965 0.9215686274509803 1.1382285 1.1003996 0.5308258 0.9215686274509803 2.7271893 2.5827603 0.76262003 0.8627450980392157
0.15 0.9 1.2392099 1.1939768 0.52666306 0.8627450980392157 1.2325362 1.1885293 0.53305095 0.8627450980392157 2.901146 2.5824723 0.9487629 0.8823529411764706
0.2 0.8 1.1979865 1.1212258 0.5042844 0.9215686274509803 1.1903857 1.1129631 0.5110632 0.9215686274509803 2.8340561 2.5824423 0.78535384 0.8823529411764706
0.45 0.75 1.17536 1.1823152 0.32908586 0.8823529411764706 1.1701245 1.1795927 0.3400069 0.8823529411764706 2.9079514 2.6387372 0.7371888 0.9019607843137255
0.55 0.1 0.9424351 0.9159353 0.40508235 0.9215686274509803 0.9389592 0.9041854 0.41263306 0.9215686274509803 2.3081849 2.0668397 1.0340822 0.9215686274509803
0.15 0.1 1.1853863 1.1729002 0.5336838 0.9019607843137255 1.1786338 1.1638691 0.542505 0.8823529411764706 2.0710657 1.8438042 0.7585698 0.8627450980392157
0.4 0.9 1.181618 1.199615 0.3162233 0.8823529411764706 1.1770573 1.1969442 0.32686839 0.8823529411764706 2.9108932 2.7452881 0.6760068 0.8627450980392157
0.15 0.3 1.20483 1.120362 0.54344606 0.8823529411764706 1.1974388 1.1114943 0.5508838 0.9019607843137255 2.6098657 2.433095 0.8170074 0.8431372549019608
0.4 0.85 1.1772703 1.1806576 0.31593534 0.8823529411764706 1.1726152 1.177841 0.3263915 0.8823529411764706 2.988561 2.769568 0.758252 0.9215686274509803
0.4 0.95 1.1832213 1.1980917 0.31723332 0.8823529411764706 1.1786233 1.1953578 0.32778493 0.8823529411764706 2.986517 2.8328743 0.6965361 0.9215686274509803
0.15 0.25 1.1943015 1.1038661 0.62153494 0.9019607843137255 1.1861587 1.0943409 0.6295463 0.9019607843137255 2.545917 2.3618789 0.8747062 0.8627450980392157
0.15 0.7 1.2055763 1.0845461 0.5749308 0.8627450980392157 1.1983573 1.0800076 0.5809363 0.8627450980392157 2.8909929 2.6639256 0.8320035 0.8431372549019608
0.15 1.0 1.2479769 1.1775887 0.5423192 0.8627450980392157 1.2417089 1.1726321 0.5481736 0.8627450980392157 2.922547 2.6062264 0.93997294 0.9019607843137255
0.4 0.8 1.1516035 1.1175401 0.33586758 0.8823529411764706 1.1469252 1.1148125 0.3455754 0.8823529411764706 2.8787024 2.7241812 0.7524663 0.9215686274509803
0.2 0.3 1.1126915 1.040629 0.488021 0.9215686274509803 1.1060745 1.0311093 0.49477133 0.9215686274509803 2.5607936 2.3530335 0.85506076 0.8627450980392157
0.15 0.35 1.2000816 1.116329 0.57666284 0.8823529411764706 1.19232 1.1069485 0.5844424 0.8627450980392157 2.5944524 2.38834 0.9703151 0.9215686274509803
0.15 0.5 1.222931 1.1195533 0.58141845 0.8627450980392157 1.2161471 1.1082115 0.5874426 0.8627450980392157 2.9237432 2.6354966 0.92960924 0.8431372549019608
0.15 0.55 1.1702541 1.0804017 0.5980127 0.8823529411764706 1.1631125 1.068752 0.6036312 0.8823529411764706 2.898079 2.634068 0.90757906 0.8823529411764706
0.4 0.35 1.0538992 1.0537374 0.36928585 0.9019607843137255 1.0498255 1.044817 0.37719652 0.8823529411764706 2.5924911 2.2650266 0.85662663 0.9215686274509803
0.2 0.45 1.1745557 1.0854429 0.5103447 0.8823529411764706 1.1680683 1.0773556 0.517417 0.9019607843137255 2.7587416 2.4996104 0.7809332 0.8627450980392157
0.15 0.4 1.1848406 1.117203 0.5617476 0.8823529411764706 1.1761338 1.107398 0.5699368 0.8823529411764706 2.7182567 2.5038116 0.86042374 0.8627450980392157
0.15 0.45 1.1871463 1.0991112 0.578066 0.8823529411764706 1.1785961 1.0879204 0.585214 0.9019607843137255 2.8588512 2.55101 0.89607674 0.8627450980392157
0.2 0.1 1.1120402 1.0455037 0.4829226 0.9019607843137255 1.1046132 1.0346878 0.49121773 0.9019607843137255 2.1510398 1.8987054 0.7537674 0.8235294117647058
0.5 0.3 1.0389078 1.0294826 0.342838 0.8823529411764706 1.0353507 1.0192478 0.3528046 0.9019607843137255 2.477911 2.1746716 0.8932384 0.9215686274509803
0.15 0.2 1.2724279 1.1147537 0.6348482 0.8823529411764706 1.2645841 1.1100361 0.64148605 0.8823529411764706 2.5157478 2.2387285 0.8604296 0.8431372549019608
0.2 0.15 1.0880927 1.0395073 0.5005057 0.8823529411764706 1.0812956 1.0290757 0.50875723 0.8823529411764706 2.368036 2.2293668 0.887058 0.8627450980392157
0.15 0.8 1.2114431 1.1249075 0.5598019 0.8627450980392157 1.2042068 1.1196764 0.5662846 0.8627450980392157 2.928644 2.6435516 0.94506377 0.8627450980392157
0.45 0.25 1.0352346 1.0412382 0.35949633 0.8823529411764706 1.0310634 1.03525 0.3691492 0.8823529411764706 2.4757564 2.1348135 0.82014424 0.9411764705882353
0.45 0.45 1.0886405 1.0520389 0.35365954 0.8823529411764706 1.0847527 1.0421057 0.36236435 0.8823529411764706 2.7148535 2.5296721 0.7816139 0.9215686274509803
0.6 0.3 1.0064965 0.9308455 0.38382584 0.9019607843137255 1.0031145 0.9211343 0.39282948 0.9019607843137255 2.550316 2.3435054 1.0118675 0.9019607843137255
0.2 0.05 1.1412715 1.133294 0.42994565 0.9215686274509803 1.131867 1.1232074 0.4399116 0.9411764705882353 1.9636928 1.8517507 0.7353615 0.8627450980392157
0.15 0.95 1.2498194 1.1549736 0.5504893 0.8627450980392157 1.242714 1.1486384 0.55693704 0.8627450980392157 2.8926861 2.5923047 0.92729825 0.8627450980392157
0.55 0.65 1.1105303 1.1073887 0.38560706 0.8823529411764706 1.106999 1.0957506 0.3938879 0.8823529411764706 2.9000442 2.5723677 1.0001676 0.9215686274509803
0.4 0.65 1.1375467 1.1051307 0.35128623 0.8823529411764706 1.1326195 1.0963786 0.35962427 0.8823529411764706 2.913498 2.7229064 0.67498904 0.9215686274509803
0.2 0.5 1.2099818 1.111562 0.55821747 0.9215686274509803 1.2030792 1.1042607 0.5644917 0.9215686274509803 2.7742722 2.440372 0.7732328 0.8431372549019608
0.45 0.65 1.1492497 1.1277626 0.34832028 0.8823529411764706 1.1443199 1.1254127 0.35829636 0.8823529411764706 2.8841858 2.6336517 0.7813167 0.9215686274509803
0.15 0.6 1.1992887 1.0868323 0.5937381 0.8627450980392157 1.1907071 1.0742657 0.60095096 0.8627450980392157 2.9443493 2.5673466 0.89537853 0.8823529411764706
0.45 0.9 1.153193 1.1421771 0.34070778 0.8823529411764706 1.1476841 1.1389883 0.35162866 0.8823529411764706 2.9993942 2.7255692 0.67768365 0.9215686274509803
0.4 0.5 1.1005243 1.1060895 0.3845915 0.9019607843137255 1.096145 1.0978283 0.39264762 0.9019607843137255 2.7295773 2.5234766 0.7166357 0.9215686274509803
0.45 0.95 1.1699451 1.1986852 0.3355471 0.8823529411764706 1.1643153 1.1949253 0.34706917 0.8823529411764706 2.922498 2.6450238 0.6717312 0.9215686274509803
0.2 0.2 1.0963906 1.0484835 0.5026423 0.8823529411764706 1.0889015 1.0399109 0.5103975 0.8823529411764706 2.5275753 2.362288 0.8790044 0.8823529411764706
0.4 0.75 1.1467236 1.1162102 0.34275192 0.8823529411764706 1.1418346 1.1133449 0.35268292 0.8823529411764706 2.893241 2.6594586 0.7384273 0.8823529411764706
0.15 0.75 1.1972487 1.0985787 0.5693884 0.8627450980392157 1.1897948 1.0927694 0.5756345 0.8627450980392157 2.9060113 2.664145 0.8766321 0.8823529411764706
0.2 0.25 1.0817312 1.0319507 0.473416 0.9019607843137255 1.0746787 1.0226536 0.4813106 0.8823529411764706 2.4500616 2.2039967 0.910472 0.8627450980392157
0.15 0.85 1.2097467 1.1065519 0.5438034 0.8627450980392157 1.2033857 1.1024034 0.5492276 0.8627450980392157 2.916507 2.6696515 0.92144275 0.9019607843137255
0.4 0.6 1.1141096 1.1037929 0.3676213 0.9019607843137255 1.1091754 1.0951713 0.37569076 0.8823529411764706 2.8534076 2.7128696 0.716111 0.9215686274509803
0.2 0.35 1.1388646 1.0416178 0.5105872 0.9215686274509803 1.1309589 1.031987 0.51716864 0.9215686274509803 2.6835759 2.425303 0.8860871 0.9019607843137255
0.6 0.45 1.0800811 1.0627084 0.3689355 0.9019607843137255 1.0771314 1.0517538 0.3774886 0.9019607843137255 2.7897928 2.509624 0.88176566 0.9215686274509803
0.4 0.7 1.1475922 1.1356983 0.34698364 0.8823529411764706 1.142789 1.1328067 0.35726517 0.8823529411764706 2.935197 2.7383585 0.71728164 0.9215686274509803
0.45 0.4 1.0628932 1.0539991 0.37488523 0.9019607843137255 1.0587353 1.0442854 0.3820409 0.9019607843137255 2.5951078 2.4875531 0.7438859 0.9215686274509803
0.45 0.6 1.1326035 1.1063249 0.35968834 0.8823529411764706 1.1273634 1.1021924 0.36959028 0.8823529411764706 2.8930428 2.673035 0.77199465 0.9215686274509803
0.35 0.2 1.003766 1.0319338 0.3730182 0.9019607843137255 0.99941206 1.0222201 0.38193405 0.9215686274509803 2.4800467 2.1284704 0.84958357 0.9215686274509803
0.6 0.5 1.0671767 1.0579966 0.36538377 0.9215686274509803 1.0644747 1.0473264 0.37409043 0.9215686274509803 2.9353564 2.6453679 0.91232777 0.9019607843137255
0.6 0.6 1.0938463 1.0628144 0.36738104 0.9215686274509803 1.0907952 1.0521933 0.37593606 0.9215686274509803 2.8577888 2.5482593 0.93416494 0.9215686274509803
0.35 0.25 1.0297934 1.0444655 0.36662066 0.9019607843137255 1.0251857 1.0355119 0.3744776 0.9215686274509803 2.5026844 2.197773 0.86570734 0.9411764705882353
0.25 0.5 1.1147236 1.1025326 0.43740407 0.9019607843137255 1.1092955 1.0948 0.44497845 0.9019607843137255 2.8151386 2.500215 0.79642457 0.8823529411764706
0.55 0.2 0.98075557 0.97590095 0.36762133 0.9019607843137255 0.9779553 0.96571815 0.37474734 0.9215686274509803 2.4376135 2.017043 1.009174 0.9215686274509803
0.45 0.2 1.0303639 1.0129898 0.31852904 0.8823529411764706 1.0260597 1.0030624 0.3273568 0.8823529411764706 2.4673533 2.103815 0.9385718 0.9411764705882353
0.3 0.7 1.137921 1.1117377 0.35939774 0.8823529411764706 1.1332709 1.1041522 0.3680736 0.8823529411764706 2.869096 2.5756617 0.72105044 0.9019607843137255
0.35 0.45 1.1271931 1.1023026 0.33601186 0.8823529411764706 1.1228532 1.0967987 0.34502503 0.8823529411764706 2.6878338 2.4952364 0.80876225 0.9215686274509803
0.3 0.4 1.1627457 1.1038569 0.34037396 0.9019607843137255 1.1580863 1.0962099 0.34994403 0.9019607843137255 2.613099 2.4207122 0.80898243 0.9215686274509803
0.3 0.5 1.1751617 1.121952 0.34630948 0.9019607843137255 1.1704843 1.1147329 0.35504264 0.9019607843137255 2.712494 2.4681063 0.6954328 0.9215686274509803
0.5 0.8 1.1583742 1.179651 0.3683657 0.8823529411764706 1.1529139 1.1765962 0.37902668 0.8823529411764706 2.9139402 2.6662054 0.7529644 0.9215686274509803
0.5 0.95 1.1442212 1.1764297 0.39273298 0.8823529411764706 1.1388353 1.1734902 0.40340707 0.8823529411764706 2.933299 2.6671498 0.8122477 0.9019607843137255
0.3 0.6 1.1572846 1.1145536 0.34418777 0.9019607843137255 1.1519703 1.1070533 0.353383 0.9019607843137255 2.7720726 2.576931 0.70392835 0.9215686274509803
0.35 0.05 0.9708548 0.9931194 0.46856263 0.9215686274509803 0.9661707 0.9845444 0.4804983 0.9607843137254902 2.0588253 1.8634481 0.94424886 0.9019607843137255
0.25 0.45 1.1436676 1.0992829 0.41210163 0.8823529411764706 1.1384176 1.0912807 0.42023513 0.8823529411764706 2.6797898 2.4910536 0.75142676 0.8823529411764706
0.25 0.65 1.1391246 1.115868 0.42198792 0.9019607843137255 1.133921 1.1083246 0.4297812 0.9019607843137255 2.8213089 2.6347117 0.73280376 0.9215686274509803
0.4 0.55 1.1086966 1.1043341 0.37288332 0.9019607843137255 1.1039115 1.0957191 0.38098362 0.8823529411764706 2.7886803 2.5583706 0.69363433 0.9019607843137255
0.5 0.75 1.1627457 1.1812351 0.3629757 0.8823529411764706 1.1571778 1.1781178 0.3737192 0.8823529411764706 2.882159 2.6235874 0.81684446 0.9019607843137255
0.5 0.65 1.1501709 1.1781399 0.36381364 0.8823529411764706 1.1449575 1.1753366 0.37427276 0.8823529411764706 2.930297 2.7338884 0.7872397 0.9019607843137255
0.5 0.9 1.1603872 1.1791201 0.36638016 0.8823529411764706 1.1549846 1.1761093 0.37694016 0.8823529411764706 2.9953516 2.8102336 0.768483 0.9019607843137255
0.25 0.55 1.1411508 1.128525 0.41452676 0.9019607843137255 1.1366725 1.1217327 0.42229328 0.8823529411764706 2.7681468 2.570509 0.75684774 0.8823529411764706
0.25 0.4 1.109537 1.0340278 0.42265224 0.9019607843137255 1.103714 1.0251031 0.43114397 0.9215686274509803 2.6743023 2.4003942 0.7865565 0.8823529411764706
0.25 0.8 1.1365494 1.1186464 0.39721265 0.9215686274509803 1.1314676 1.1113182 0.40406883 0.9019607843137255 2.8523014 2.5257149 0.74911714 0.9019607843137255
0.5 0.7 1.1592249 1.192622 0.34989852 0.8823529411764706 1.1538087 1.1890101 0.36050913 0.8823529411764706 2.9623852 2.7211409 0.8347645 0.9019607843137255
0.3 0.95 1.1619551 1.1136615 0.3801927 0.9019607843137255 1.1571548 1.1060711 0.38900626 0.9019607843137255 2.8313246 2.5590158 0.82332116 0.8823529411764706
0.3 0.9 1.1454458 1.112632 0.39590245 0.9019607843137255 1.140736 1.1049992 0.40413895 0.9019607843137255 2.8470736 2.7322402 0.78081125 0.9215686274509803
0.3 0.15 0.9844896 1.002382 0.45615244 0.9019607843137255 0.9787759 0.99061155 0.46559206 0.9019607843137255 2.4118364 2.1718917 0.9410279 0.9215686274509803
0.25 0.95 1.1602883 1.1166887 0.40134573 0.9019607843137255 1.1550035 1.1093333 0.4090276 0.9019607843137255 2.9344432 2.7706184 0.75845045 0.9215686274509803
0.3 0.35 1.1938689 1.2047043 0.32450286 0.9019607843137255 1.1888106 1.2014816 0.33591887 0.9019607843137255 2.6671515 2.5583096 0.80359554 0.9215686274509803
0.5 1.0 1.1506438 1.2011299 0.3937044 0.8823529411764706 1.144847 1.1972566 0.40489992 0.8823529411764706 2.933161 2.6070137 0.8021091 0.9019607843137255
0.35 0.35 1.1197766 1.0621257 0.34067425 0.9019607843137255 1.1149737 1.0541415 0.34862432 0.9019607843137255 2.4693682 2.2314959 0.8106964 0.9215686274509803
0.6 0.65 1.0820516 1.0469446 0.36891767 0.9215686274509803 1.0790117 1.0365574 0.37807593 0.9215686274509803 2.9442291 2.575479 0.9084832 0.9215686274509803
0.55 0.15 0.99255294 0.97360486 0.3904865 0.9019607843137255 0.9888358 0.9621426 0.39722538 0.9019607843137255 2.3406074 1.8799882 0.9787829 0.9019607843137255
0.55 0.05 0.93094176 0.8814155 0.40104955 0.9215686274509803 0.9257671 0.8685058 0.41231558 0.9411764705882353 2.121165 1.8239836 0.9822982 0.9019607843137255
0.25 0.6 1.1124701 1.124517 0.4287409 0.9019607843137255 1.107581 1.1174603 0.43614763 0.9019607843137255 2.830458 2.7398443 0.7932277 0.9019607843137255
0.3 0.55 1.1791716 1.153824 0.31791297 0.8823529411764706 1.1745994 1.150654 0.32831922 0.8823529411764706 2.820014 2.5685384 0.74843025 0.9215686274509803
0.25 1.0 1.1718533 1.1198659 0.3866528 0.8823529411764706 1.1667539 1.1126502 0.39445457 0.8823529411764706 2.9067862 2.7133174 0.76238865 0.9019607843137255
0.25 0.75 1.1489977 1.1170657 0.39471832 0.9019607843137255 1.1437591 1.1096187 0.40208894 0.9019607843137255 2.7733545 2.5005183 0.7805406 0.8823529411764706
0.3 0.25 1.062323 1.053045 0.35711655 0.9019607843137255 1.0583857 1.0455236 0.365622 0.9215686274509803 2.5264413 2.2443619 0.87789565 0.9215686274509803
0.35 0.4 1.1096532 1.0547972 0.3337204 0.8823529411764706 1.1049875 1.0464535 0.3417759 0.8823529411764706 2.6205406 2.2490077 0.7904339 0.9215686274509803
0.5 0.85 1.16251 1.1799953 0.36578974 0.8823529411764706 1.1570532 1.1769357 0.37635887 0.8823529411764706 2.9799278 2.8039038 0.8158527 0.9215686274509803
0.3 0.8 1.1806418 1.1473789 0.34859797 0.8823529411764706 1.1760012 1.1447864 0.3584507 0.8823529411764706 2.8351898 2.6570969 0.7896228 0.9215686274509803
0.3 0.1 0.98512554 0.9991698 0.4743373 0.9215686274509803 0.9784012 0.9889985 0.48518842 0.9215686274509803 2.176102 1.9237475 0.87699497 0.9215686274509803
0.3 1.0 1.1437391 1.1154908 0.39138296 0.9019607843137255 1.1392906 1.1080456 0.39929616 0.9019607843137255 2.8590424 2.5542798 0.74475676 0.8823529411764706
0.3 0.2 1.0361842 1.0069265 0.45883164 0.8823529411764706 1.0299448 0.9950843 0.46909502 0.9019607843137255 2.387428 2.1667767 0.88495237 0.9215686274509803
0.3 0.45 1.1888533 1.1473311 0.3115214 0.9019607843137255 1.1844836 1.1440291 0.3217161 0.9019607843137255 2.6859977 2.4704769 0.784297 0.9019607843137255
0.6 0.4 1.0441532 0.96550786 0.3543253 0.9019607843137255 1.0418179 0.95490897 0.3630589 0.9019607843137255 2.6263425 2.43954 1.0821968 0.9215686274509803
0.25 0.9 1.1694585 1.1164533 0.35446572 0.8823529411764706 1.1644679 1.1091187 0.36282772 0.8823529411764706 2.8984497 2.5451028 0.78009415 0.8627450980392157
0.5 0.15 0.9872296 0.9672954 0.38265577 0.9019607843137255 0.9845202 0.95649314 0.38922927 0.9019607843137255 2.3134484 1.9875808 0.86803263 0.9215686274509803
0.25 0.85 1.1438378 1.1238127 0.4176024 0.9215686274509803 1.1388074 1.1168472 0.42453104 0.9215686274509803 2.8536787 2.671576 0.7356842 0.8235294117647058
0.3 0.75 1.1428188 1.1118459 0.37397593 0.9019607843137255 1.1384035 1.1042567 0.38273576 0.9019607843137255 2.8669891 2.692995 0.74144655 0.9019607843137255
0.6 0.75 1.0890106 1.0112559 0.39058322 0.9215686274509803 1.0859333 1.0015122 0.39962542 0.9411764705882353 2.9693716 2.6371994 0.9415148 0.8627450980392157
0.5 0.1 0.94321036 0.93180645 0.37688828 0.9215686274509803 0.93939596 0.91923136 0.38714385 0.9215686274509803 2.1793556 1.8763902 0.8988721 0.9019607843137255
0.6 0.85 1.0891429 1.0021707 0.3864369 0.9411764705882353 1.0861856 0.992746 0.3954452 0.9411764705882353 2.9449904 2.6412268 0.91825205 0.9215686274509803
0.5 0.2 1.03466 0.9767134 0.30902576 0.8823529411764706 1.0313793 0.9671036 0.3196524 0.9019607843137255 2.344498 2.012873 1.0117078 0.9215686274509803
0.3 0.85 1.1586998 1.1136941 0.37731943 0.9019607843137255 1.1544272 1.1061544 0.38562024 0.9019607843137255 2.9153693 2.7230444 0.7478675 0.9215686274509803
0.6 0.95 1.0848508 1.0111061 0.3947025 0.9215686274509803 1.0817641 1.0014509 0.4040484 0.9411764705882353 2.9057505 2.574944 0.951822 0.9215686274509803
0.35 0.3 1.0564482 1.0611995 0.38861445 0.9215686274509803 1.05138 1.0529379 0.39626437 0.9215686274509803 2.477665 2.2477574 0.8577905 0.9215686274509803
0.6 0.9 1.08716 0.99839735 0.38821036 0.9411764705882353 1.0842308 0.98903906 0.39729068 0.9411764705882353 2.953838 2.6930137 0.94848645 0.9215686274509803
0.3 0.65 1.186875 1.1244011 0.34350973 0.9019607843137255 1.1819806 1.121683 0.35287818 0.9019607843137255 2.8262663 2.5610862 0.7113055 0.9215686274509803
0.3 0.3 1.1253906 1.0471172 0.34757957 0.8823529411764706 1.1203276 1.0303898 0.35552752 0.8823529411764706 2.5696824 2.3368459 0.7346448 0.8823529411764706
0.6 0.8 1.0841583 1.0043213 0.39029142 0.9215686274509803 1.081171 0.9948089 0.39946076 0.9411764705882353 2.9024038 2.4859955 0.9858776 0.8431372549019608
0.65 0.2 1.0134095 0.98755884 0.39310053 0.8823529411764706 1.0105938 0.97718835 0.4001737 0.8823529411764706 2.4420118 2.0368595 1.030417 0.9215686274509803
0.35 0.9 1.1248008 1.1208987 0.36792707 0.9019607843137255 1.1210815 1.1136193 0.3757471 0.8823529411764706 2.847804 2.6361446 0.7863625 0.9215686274509803
0.6 0.35 1.057215 0.9596944 0.3570252 0.9019607843137255 1.054797 0.94941056 0.36567548 0.9019607843137255 2.7071416 2.509396 1.0316405 0.9215686274509803
0.35 0.95 1.1250128 1.1198723 0.37016496 0.9215686274509803 1.1213635 1.1125377 0.37674224 0.9215686274509803 2.8582833 2.649314 0.7511028 0.9215686274509803
0.35 0.75 1.1385305 1.1142174 0.35107473 0.9019607843137255 1.1341797 1.1065758 0.3597644 0.8823529411764706 2.8682775 2.6510358 0.73944277 0.9215686274509803
0.65 0.1 0.9553625 0.892053 0.38296676 0.9215686274509803 0.95093614 0.8799968 0.39084378 0.9215686274509803 2.1451643 1.9288751 0.93517244 0.8627450980392157
0.65 0.15 0.9981527 0.9668585 0.3822425 0.9019607843137255 0.9948444 0.9564743 0.3883522 0.9215686274509803 2.3570993 1.9443858 1.0122609 0.9215686274509803
0.25 0.35 1.0976663 1.0516274 0.36144543 0.8823529411764706 1.0927209 1.0431708 0.37035692 0.8823529411764706 2.6826832 2.4613252 0.7664361 0.9215686274509803
0.65 0.05 0.9125111 0.85820866 0.38912678 0.9607843137254902 0.90985173 0.8463131 0.4004911 0.9607843137254902 2.0846322 1.7452874 0.9948235 0.9215686274509803
0.25 0.7 1.1383052 1.120291 0.42188942 0.9215686274509803 1.1331701 1.1130433 0.42863983 0.9215686274509803 2.8533058 2.6246848 0.7136086 0.9019607843137255
0.35 0.6 1.1261789 1.1155663 0.36340886 0.8823529411764706 1.1216677 1.1080986 0.3716997 0.8823529411764706 2.8366354 2.7124128 0.6231849 0.9215686274509803
0.65 0.25 1.0079058 0.9551512 0.39305207 0.9019607843137255 1.0047987 0.94488513 0.40022337 0.9019607843137255 2.5196066 2.2685962 1.0050037 0.9215686274509803
0.35 0.8 1.1414914 1.1165471 0.36315212 0.9019607843137255 1.1372012 1.1090633 0.3721787 0.9019607843137255 2.8511717 2.6586351 0.7956895 0.9215686274509803
0.65 0.55 1.0840368 1.0378176 0.3581772 0.9215686274509803 1.0811353 1.0276613 0.3670214 0.9215686274509803 2.920574 2.5764713 0.99696904 0.9019607843137255
0.5 0.25 1.0142703 1.0100389 0.3858226 0.9019607843137255 1.0107807 1.0002291 0.3941473 0.9019607843137255 2.3657143 2.0016332 0.93260175 0.9215686274509803
0.35 0.15 0.9879345 1.0208914 0.43664932 0.9019607843137255 0.98240596 1.0099177 0.4459018 0.9019607843137255 2.4790063 2.228212 0.87156016 0.9411764705882353
0.65 0.45 1.0799661 0.9995054 0.34235373 0.9215686274509803 1.0774068 0.9892634 0.35051504 0.9215686274509803 2.7244556 2.337821 1.0660181 0.9215686274509803
0.65 0.3 1.0423863 0.9201052 0.34740117 0.9019607843137255 1.0395323 0.9102476 0.3574375 0.9215686274509803 2.5587301 2.3784285 1.125356 0.9019607843137255
0.65 0.35 1.0707848 0.94343746 0.32442403 0.9215686274509803 1.0680414 0.9337183 0.33305904 0.9411764705882353 2.5779393 2.4186325 1.0832196 0.9019607843137255
0.35 0.55 1.1216944 1.1086264 0.37551054 0.9019607843137255 1.116255 1.1005435 0.38441432 0.8823529411764706 2.8565753 2.7133222 0.6953047 0.9215686274509803
0.35 0.5 1.1341401 1.1095365 0.3444919 0.8823529411764706 1.129402 1.1017911 0.35470742 0.8823529411764706 2.747918 2.453248 0.704232 0.9215686274509803
0.65 0.6 1.0651176 1.0166682 0.36396343 0.9215686274509803 1.0625873 1.007155 0.37303007 0.9411764705882353 2.922415 2.5896902 0.991149 0.9215686274509803
0.65 0.7 1.0632769 0.96347594 0.38512483 0.9411764705882353 1.0609053 0.9552852 0.39427227 0.9411764705882353 2.8149173 2.4846447 0.9566129 0.8823529411764706
0.65 0.4 1.0732652 0.956198 0.3377003 0.9215686274509803 1.0708976 0.9461777 0.34583014 0.9411764705882353 2.6321454 2.401733 1.0691819 0.9215686274509803
0.35 0.7 1.168643 1.1321127 0.34605408 0.9019607843137255 1.1642286 1.1296349 0.35550815 0.9019607843137255 2.8042688 2.5671165 0.72805107 0.9215686274509803
0.7 0.4 1.0872266 0.96705925 0.34690607 0.9411764705882353 1.0855519 0.95776224 0.3541475 0.9411764705882353 2.7611568 2.5602438 1.0518268 0.9215686274509803
0.35 0.65 1.1335152 1.1098344 0.38214558 0.9019607843137255 1.1287473 1.1019479 0.39067507 0.9019607843137255 2.825126 2.6264787 0.76780564 0.9019607843137255
0.35 0.85 1.1569997 1.1444288 0.33967954 0.9019607843137255 1.1530313 1.1420959 0.34901404 0.8823529411764706 2.862054 2.59901 0.77517253 0.9215686274509803
0.65 0.75 1.0633087 0.9570916 0.3882258 0.9411764705882353 1.0610183 0.94913185 0.39731786 0.9411764705882353 2.8502886 2.5538745 0.9403391 0.8627450980392157
0.6 1.0 1.0783286 1.0085886 0.40738794 0.9215686274509803 1.0751508 0.99897766 0.41692796 0.9411764705882353 2.9170504 2.6339288 0.8951702 0.9215686274509803
0.65 0.9 1.0664874 0.9542403 0.3902527 0.9411764705882353 1.0642353 0.9464961 0.3993416 0.9411764705882353 2.8710139 2.621068 0.9563552 0.9215686274509803
0.65 0.8 1.063208 0.96131605 0.3892501 0.9411764705882353 1.0608534 0.9532087 0.39845058 0.9411764705882353 2.928675 2.742516 0.91294795 0.9215686274509803
0.65 0.5 1.0740919 1.0395293 0.3531924 0.9215686274509803 1.0716844 1.0293226 0.3615279 0.9215686274509803 2.9154298 2.538646 0.9631911 0.9019607843137255
0.7 0.35 1.0573473 0.9070349 0.3460589 0.9411764705882353 1.0562338 0.8989767 0.35365286 0.9411764705882353 2.6457827 2.428328 1.118337 0.9215686274509803
0.65 0.85 1.0635878 0.95331085 0.3929874 0.9411764705882353 1.0613787 0.9454729 0.4020889 0.9411764705882353 2.916422 2.6320064 0.96857953 0.9411764705882353
0.35 0.1 0.9385169 0.885197 0.46275848 0.9019607843137255 0.93284273 0.87396276 0.47272074 0.9411764705882353 2.2274325 1.9845134 0.99072117 0.9411764705882353
0.65 0.65 1.0632254 0.98015386 0.37506348 0.9411764705882353 1.0608159 0.97156507 0.38419366 0.9411764705882353 2.9272223 2.6030614 0.9474637 0.9411764705882353
0.65 1.0 1.0676185 0.9516665 0.3893205 0.9411764705882353 1.0653735 0.9438007 0.398482 0.9411764705882353 2.8865328 2.6032765 0.9862145 0.9215686274509803
0.65 0.95 1.0674852 0.9548639 0.38888654 0.9411764705882353 1.065256 0.94691366 0.39804056 0.9411764705882353 2.9076881 2.635706 1.0245515 0.9215686274509803
0.7 0.25 1.0236515 0.92377234 0.37442744 0.9019607843137255 1.0206779 0.9148396 0.38293052 0.9215686274509803 2.54794 2.3182535 1.0844824 0.9215686274509803
0.7 0.1 0.96864575 0.8921956 0.37648308 0.9215686274509803 0.96517307 0.8803742 0.38524958 0.9019607843137255 2.2242842 2.0707543 0.9069158 0.9019607843137255
0.7 0.2 1.0116884 0.9542719 0.3814641 0.9019607843137255 1.0082654 0.9443263 0.3897851 0.9019607843137255 2.3976953 2.016721 1.0537664 0.9019607843137255
0.7 0.05 0.90502286 0.8607937 0.3808266 0.9019607843137255 0.9029939 0.8480218 0.393153 0.9215686274509803 2.1467307 1.770181 1.0138495 0.9215686274509803803
0.6 0.15 1.010583 0.96829426 0.37973556 0.9019607843137255 1.0074068 0.9576379 0.38629043 0.9215686274509803 2.4302433 2.1137638 0.9548532 0.9215686274509803
0.55 0.5 1.1206943 1.1162469 0.37847546 0.8823529411764706 1.116887 1.1044261 0.38659757 0.8823529411764706 2.9291103 2.5633907 0.8877696 0.9019607843137255
0.7 0.65 1.0654589 0.9521703 0.36619893 0.9607843137254902 1.0642058 0.9444895 0.37427133 0.9411764705882353 2.9219863 2.504303 1.1205078 0.9215686274509803
0.7 0.55 1.0475155 0.9213957 0.3582876 0.9411764705882353 1.0463828 0.91383123 0.36642814 0.9411764705882353 2.8300278 2.5142908 1.0802913 0.9215686274509803
0.6 0.05 0.9154988 0.89164186 0.38806236 0.9215686274509803 0.9129625 0.87814176 0.39899617 0.9215686274509803 2.1601353 1.7608645 1.0363989 0.9215686274509803
0.7 0.3 1.0588739 0.8915211 0.34801966 0.9411764705882353 1.0558738 0.88175046 0.35736236 0.9411764705882353 2.6542985 2.6038036 1.153844 0.9215686274509803
0.7 0.15 0.99425596 0.971596 0.3917409 0.9019607843137255 0.99192166 0.9609662 0.39831525 0.9215686274509803 2.375063 2.0496387 1.0315162 0.8823529411764706
0.6 0.1 0.9825862 0.9479134 0.34865043 0.9215686274509803 0.98031074 0.92849386 0.35372707 0.9215686274509803 2.2156997 2.0122988 0.9080612 0.8823529411764706
0.7 0.9 1.0584159 0.92978865 0.37716988 0.9607843137254902 1.0572841 0.92293596 0.38521323 0.9607843137254902 2.8688202 2.5356708 1.0474415 0.9215686274509803
0.3 0.05 1.0382694 1.0700864 0.45412147 0.9019607843137255 1.0314461 1.0599097 0.46615675 0.9019607843137255 1.9582872 1.7946428 0.767132 0.9019607843137255
0.55 0.9 1.110757 1.0900555 0.410948 0.8823529411764706 1.1069969 1.0787482 0.41997623 0.8823529411764706 3.003994 2.7148738 0.9224558 0.9215686274509803
0.55 0.35 1.0571679 1.0571122 0.37789017 0.8823529411764706 1.05438 1.0460348 0.38448912 0.8823529411764706 2.6158795 2.451603 0.9453934 0.9215686274509803
0.7 0.5 1.0645095 0.9591874 0.34844285 0.9607843137254902 1.0629438 0.9500555 0.35636425 0.9411764705882353 2.8163707 2.4343567 1.1235222 0.9215686274509803
0.55 0.6 1.1061743 1.1167338 0.39857343 0.8823529411764706 1.1024379 1.1048703 0.4071241 0.8823529411764706 2.906626 2.606108 0.8646093 0.9215686274509803
0.7 0.45 1.0760218 0.98259217 0.33902082 0.9215686274509803 1.0743045 0.9729209 0.34673947 0.9411764705882353 2.7436082 2.423606 1.1116927 0.9215686274509803
0.7 0.6 1.0657619 0.958059 0.3644103 0.9607843137254902 1.0644237 0.95015395 0.37249658 0.9411764705882353 2.9056256 2.5675309 1.0517263 0.9215686274509803
0.75 0.9 1.0764917 0.9237906 0.37699968 0.9607843137254902 1.0756143 0.9171889 0.38458213 0.9607843137254902 2.9031029 2.5900288 1.1162224 0.9215686274509803
0.55 0.8 1.0999755 1.1054375 0.39337686 0.8823529411764706 1.0962859 1.0937638 0.40239775 0.8823529411764706 2.8816154 2.484128 0.97789854 0.9411764705882353
0.55 0.4 1.0949643 1.0557809 0.34130716 0.8823529411764706 1.0923064 1.0447417 0.34893876 0.8823529411764706 2.70862 2.405822 0.9838837 0.9215686274509803
0.75 0.7 1.0702881 0.9227823 0.37308076 0.9607843137254902 1.0692182 0.9153718 0.38078967 0.9607843137254902 2.849048 2.6092153 1.1297295 0.9019607843137255
0.6 0.2 1.0053753 0.9669321 0.36832747 0.8823529411764706 1.0020483 0.9566921 0.37691683 0.9019607843137255 2.4023974 1.9988463 1.0430219 0.9215686274509803
0.75 0.85 1.0693942 0.9205088 0.3778901 0.9607843137254902 1.0684043 0.91389406 0.38586777 0.9411764705882353 2.820955 2.5408282 1.0377306 0.9215686274509803
0.7 0.75 1.0544496 0.928948 0.38001677 0.9607843137254902 1.0534296 0.92204607 0.388258 0.9411764705882353 2.8514059 2.4839263 1.0780522 0.9019607843137255
0.55 0.95 1.1089859 1.0874248 0.4112269 0.8823529411764706 1.1052276 1.0760853 0.42029756 0.9019607843137255 3.0812776 2.802527 0.95176595 0.9215686274509803
0.75 0.75 1.0669862 0.9068878 0.37644476 0.9607843137254902 1.0660495 0.89992654 0.38404316 0.9607843137254902 2.797498 2.5413482 1.1789069 0.9019607843137255
0.75 0.8 1.0696683 0.9229107 0.37910894 0.9607843137254902 1.068669 0.91626847 0.3870051 0.9607843137254902 2.8540113 2.5149708 1.0758991 0.9215686274509803
0.7 0.8 1.0563389 0.92902637 0.37899768 0.9607843137254902 1.055308 0.92213637 0.38718718 0.9411764705882353 2.8484633 2.520364 1.1060961 0.9215686274509803
0.55 0.3 1.0223606 0.99511874 0.36202928 0.8823529411764706 1.0201186 0.9852296 0.37019795 0.8823529411764706 2.5550423 2.2477322 0.991456 0.9215686274509803
0.7 0.7 1.05904 0.93336034 0.36965764 0.9411764705882353 1.0580627 0.9263895 0.37778705 0.9411764705882353 2.9166558 2.5581417 1.0695043 0.9215686274509803
0.6 0.55 1.0896608 1.0563618 0.36643016 0.9215686274509803 1.0865692 1.0456089 0.37516153 0.9215686274509803 2.8939202 2.5528011 1.008101 0.9215686274509803
0.6 0.25 1.026403 0.9832738 0.37908566 0.8823529411764706 1.0230299 0.9729204 0.3885362 0.9019607843137255 2.4506845 2.0157127 1.0493854 0.9019607843137255
0.6 0.7 1.0830307 1.0337747 0.3730785 0.9215686274509803 1.0799767 1.0235778 0.382115 0.9215686274509803 2.870838 2.5441308 0.93155056 0.9019607843137255
0.7 0.85 1.0617275 0.93059695 0.38083994 0.9607843137254902 1.0605587 0.9236556 0.38882086 0.9411764705882353 2.9181473 2.5970578 1.0626165 0.9215686274509803
0.75 0.65 1.0616454 0.915581 0.37386546 0.9607843137254902 1.060575 0.9084445 0.38187754 0.9411764705882353 2.8512967 2.5532727 1.138611 0.9019607843137255
0.55 0.45 1.0937244 1.064331 0.3765068 0.8823529411764706 1.0908219 1.0528262 0.38345972 0.8823529411764706 2.7369945 2.4375296 0.90890807 0.9215686274509803
0.75 0.15 0.98376036 0.9114076 0.39627942 0.9019607843137255 0.98182535 0.9004567 0.40394554 0.9019607843137255 2.1890051 1.9308248 0.89067924 0.8823529411764706
0.75 0.35 1.0706201 0.9025929 0.34959033 0.9607843137254902 1.0690597 0.8938439 0.35732573 0.9411764705882353 2.5630689 2.4189882 1.1990224 0.9215686274509803
0.7 1.0 1.0595721 0.92526114 0.37684265 0.9607843137254902 1.058393 0.91835207 0.38502407 0.9411764705882353 2.8729947 2.5265045 1.0992365 0.9215686274509803
0.75 0.2 1.0163316 0.95766366 0.36028063 0.9019607843137255 1.0136362 0.94784606 0.3678763 0.9019607843137255 2.4121096 1.9991913 1.0521805 0.9019607843137255
0.9 0.15 0.9854756 0.9045783 0.3860266 0.9215686274509803 0.9834213 0.8946263 0.39327183 0.9411764705882353 2.3797386 2.0068886 1.0877527 0.9019607843137255
0.75 0.1 0.93027455 0.88817304 0.41361618 0.9215686274509803 0.9275091 0.87609106 0.42160642 0.9215686274509803 2.1312335 1.9234285 0.9009391 0.9019607843137255
0.75 0.4 1.0776699 0.91969776 0.35308075 0.9607843137254902 1.076083 0.9119495 0.3608283 0.9411764705882353 2.7000742 2.504405 1.0667918 0.9019607843137255
0.75 0.3 1.0497693 0.8573562 0.3714054 0.9411764705882353 1.0479312 0.8617687 0.3798041 0.9411764705882353 2.6398761 2.504074 1.1583238 0.9019607843137255
0.75 0.25 1.022329 0.8848631 0.37590307 0.9215686274509803 1.0195595 0.87581015 0.38398743 0.9215686274509803 2.4792264 2.2667146 1.1142663 0.9215686274509803
0.75 0.45 1.0598463 0.9240123 0.36441174 0.9607843137254902 1.0587783 0.91627705 0.37223467 0.9607843137254902 2.7604654 2.4861362 1.103129 0.9215686274509803
0.75 0.5 1.0606347 0.9160894 0.36599612 0.9607843137254902 1.0596117 0.908495 0.3737958 0.9607843137254902 2.7675102 2.4825988 1.1548755 0.9215686274509803
0.75 0.6 1.0627825 0.9175482 0.37413892 0.9607843137254902 1.0616828 0.91036797 0.3820336 0.9607843137254902 2.7617922 2.4785762 1.135826 0.9215686274509803
0.75 0.55 1.0645549 0.9364036 0.37027276 0.9607843137254902 1.0632275 0.92830396 0.37840626 0.9607843137254902 2.9046564 2.5939229 1.1202929 0.9215686274509803
0.7 0.95 1.0622364 0.9247474 0.38110963 0.9607843137254902 1.0610971 0.91788465 0.3891886 0.9607843137254902 2.8727694 2.552734 1.0336605 0.9215686274509803
0.55 1.0 1.1100258 1.0817871 0.41134083 0.8823529411764706 1.1058443 1.070544 0.4212489 0.9019607843137255 2.9791546 2.6058173 0.89875853 0.9215686274509803
0.8 0.9 1.0774621 0.8917459 0.37562308 0.9607843137254902 1.0768696 0.8855207 0.38282478 0.9607843137254902 2.8603976 2.5630186 1.1508263 0.9215686274509803
1.0 1.0 1.0934979 0.8697257 0.42889103 0.9607843137254902 1.09129 0.8735173 0.43597376 0.9411764705882353 2.7174056 2.547328 1.2060524 0.8823529411764706
0.9 0.25 1.0578399 0.8624604 0.40571687 0.9607843137254902 1.0562248 0.85461783 0.41243938 0.9607843137254902 2.5763168 2.4414601 1.1772624 0.9215686274509803
0.55 0.75 1.1028142 1.1091975 0.3959814 0.8823529411764706 1.0990334 1.0974176 0.40492025 0.8823529411764706 2.9818623 2.6363158 0.9544146 0.9215686274509803
1.0 0.35 1.0792471 0.86422175 0.4004291 0.9607843137254902 1.0777031 0.86811435 0.4073412 0.9607843137254902 2.6541407 2.4805083 1.1319532 0.8823529411764706
1.0 0.8 1.0860964 0.86984706 0.41471824 0.9607843137254902 1.0844414 0.87363327 0.42176682 0.9411764705882353 2.7812138 2.6252923 1.2431316 0.8823529411764706
0.8 0.65 1.075662 0.92941153 0.36935997 0.9607843137254902 1.0745038 0.921574 0.377183 0.9607843137254902 2.7576182 2.542746 1.1502925 0.9215686274509803
1.0 0.85 1.0877417 0.8699971 0.41854498 0.9607843137254902 1.0858394 0.87378097 0.4257219 0.9411764705882353 2.6930053 2.4906344 1.2607038 0.9019607843137255
0.55 0.85 1.1062435 1.0989177 0.39775854 0.8823529411764706 1.1024297 1.087308 0.40691218 0.8823529411764706 3.0489922 2.7911968 0.9295486 0.9215686274509803
0.85 0.75 1.0799206 0.8937633 0.3769204 0.9607843137254902 1.0790833 0.8865335 0.38458094 0.9607843137254902 2.792842 2.5525491 1.2067845 0.9215686274509803
0.75 0.05 0.9151158 0.8515835 0.3848973 0.9019607843137255 0.91252416 0.83907664 0.39681774 0.9215686274509803 2.1300185 1.8375679 0.9281189 0.8823529411764706
0.85 0.7 1.0762182 0.8848419 0.3765071 0.9607843137254902 1.075581 0.8781422 0.38403937 0.9607843137254902 2.6921027 2.5145276 1.0947903 0.9215686274509803
0.5 0.05 0.9090422 0.84451044 0.40816876 0.9607843137254902 0.9046509 0.83241296 0.4189332 0.9607843137254902 2.0650818 1.8120508 0.97160834 0.9019607843137255
1.0 0.15 1.0350556 0.92645687 0.3734157 0.9019607843137255 1.0333487 0.91745496 0.38071007 0.9215686274509803 2.3864467 2.0611591 0.9228858 0.8823529411764706
0.8 0.05 0.92416745 0.857448 0.39266992 0.9019607843137255 0.9218984 0.84508944 0.402235 0.9215686274509803 2.1410387 1.8530655 0.96386814 0.9019607843137255
1.0 0.1 0.9879575 0.89543056 0.3889367 0.9019607843137255 0.9861658 0.8848267 0.39799103 0.9215686274509803 2.1804488 1.9052284 0.9883282 0.8823529411764706
0.8 0.15 0.98256296 0.8982759 0.38534456 0.9215686274509803 0.9812049 0.88887876 0.39252478 0.9411764705882353 2.1953366 1.9279062 0.973359 0.8627450980392157
0.8 0.1 0.94892573 0.9056864 0.41143483 0.9215686274509803 0.9463896 0.8941752 0.4195639 0.9215686274509803 2.1493251 1.9565213 0.9060908 0.8823529411764706
0.95 0.7 1.0728033 0.8707851 0.39163533 0.9411764705882353 1.0714169 0.87443805 0.39891446 0.9411764705882353 2.7458394 2.53483 1.2357808 0.9019607843137255
1.0 0.75 1.0837915 0.87117594 0.40987802 0.9607843137254902 1.0822121 0.87492436 0.41699526 0.9411764705882353 2.775047 2.6493115 1.2038625 0.9019607843137255
0.75 0.95 1.0727967 0.90738916 0.38135225 0.9607843137254902 1.0721396 0.9015444 0.38880053 0.9607843137254902 2.8878152 2.5571444 1.1090575 0.9215686274509803
0.95 0.5 1.0676446 0.87027633 0.3818376 0.9411764705882353 1.0664066 0.8739853 0.38899338 0.9411764705882353 2.7029097 2.5328608 1.1574221 0.8823529411764706
0.8 0.6 1.0631168 0.90132403 0.36994252 0.9607843137254902 1.0621182 0.89387035 0.37774608 0.9411764705882353 2.775522 2.581139 1.1586353 0.9215686274509803
1.0 0.65 1.0836825 0.87170595 0.40727463 0.9607843137254902 1.0820168 0.8754456 0.41450852 0.9411764705882353 2.720607 2.5520902 1.1671278 0.9019607843137255
1.0 0.3 1.0856273 0.8641483 0.40153477 0.9607843137254902 1.0841218 0.8664204 0.40842238 0.9607843137254902 2.6271687 2.4990296 1.1889942 0.9215686274509803
1.0 0.05 0.92624664 0.86852854 0.38097188 0.9215686274509803 0.92432326 0.8572627 0.39125296 0.9411764705882353 2.0823472 1.7511508 0.9654428 0.9019607843137255
0.95 0.35 1.065081 0.8603772 0.38071266 0.9607843137254902 1.0634224 0.8642036 0.3880384 0.9607843137254902 2.6910753 2.4823403 1.1804073 0.8823529411764706
0.95 0.15 1.0213193 0.8899855 0.37912348 0.9019607843137255 1.0198399 0.8809625 0.38606003 0.9215686274509803 2.2670887 1.9494208 0.99375254 0.9019607843137255
0.85 0.5 1.0710739 0.87768793 0.36445057 0.9607843137254902 1.0705338 0.8750372 0.37157172 0.9607843137254902 2.7118585 2.483761 1.1507618 0.9019607843137255
0.8 0.95 1.0750775 0.8913625 0.38010252 0.9607843137254902 1.0742736 0.88509595 0.3875651 0.9607843137254902 2.8103993 2.5478501 1.0592735 0.9215686274509803
0.95 0.55 1.0717466 0.87167114 0.38762972 0.9607843137254902 1.0703707 0.87533665 0.3951468 0.9411764705882353 2.6749227 2.4940858 1.2781081 0.9019607843137255
1.0 0.7 1.0793536 0.870473 0.40131134 0.9607843137254902 1.0777245 0.8742422 0.4085304 0.9411764705882353 2.7394283 2.5980067 1.2129415 0.8823529411764706
0.8 0.4 1.0791639 0.9131086 0.34416437 0.9607843137254902 1.0776019 0.90581775 0.35200182 0.9411764705882353 2.767318 2.525457 1.1022965 0.9215686274509803
0.85 0.35 1.0654914 0.8723787 0.36215654 0.9607843137254902 1.0642791 0.8640677 0.3694412 0.9411764705882353 2.6195881 2.4358535 1.1469065 0.9019607843137255
0.8 0.5 1.0767602 0.94238144 0.36533985 0.9607843137254902 1.0755254 0.93419546 0.3731695 0.9607843137254902 2.8258305 2.4811823 1.1598043 0.9215686274509803
0.8 0.45 1.0570261 0.8895402 0.36027724 0.9607843137254902 1.0558865 0.8815108 0.3682064 0.9411764705882353 2.7183504 2.4216304 1.1437174 0.9215686274509803
0.8 0.55 1.0634834 0.90103436 0.3727065 0.9607843137254902 1.0624293 0.8934834 0.38042548 0.9607843137254902 2.7206535 2.5378866 1.1754375 0.9215686274509803
0.8 0.3 1.0595994 0.86669177 0.36561334 0.9607843137254902 1.0585378 0.8611666 0.37304848 0.9411764705882353 2.6147401 2.4226189 1.1299917 0.9215686274509803
0.85 0.65 1.0805366 0.884678 0.3855051 0.9607843137254902 1.079833 0.8780098 0.39299193 0.9607843137254902 2.7131946 2.4382336 1.2045046 0.9019607843137255
0.8 0.25 1.0510871 0.9035764 0.38295415 0.9411764705882353 1.0489571 0.89506924 0.39071444 0.9215686274509803 2.585901 2.400508 1.1827484 0.9215686274509803
0.8 0.35 1.05559 0.86433864 0.36855954 0.9607843137254902 1.0547411 0.8683697 0.37593207 0.9411764705882353 2.5914257 2.3701763 1.1649486 0.9215686274509803
0.85 0.85 1.077233 0.87568915 0.3859627 0.9607843137254902 1.0765153 0.87382823 0.39341798 0.9607843137254902 2.75962 2.5590172 1.2097471 0.9019607843137255
0.75 1.0 1.0757047 0.91095847 0.38169754 0.9607843137254902 1.0749674 0.90495265 0.38911465 0.9607843137254902 2.9054067 2.5315492 1.1112993 0.9215686274509803
0.9 0.3 1.0642754 0.87289464 0.3592627 0.9607843137254902 1.0633162 0.8647869 0.3666501 0.9607843137254902 2.6614876 2.5436463 1.1492645 0.9215686274509803
0.9 0.35 1.0742098 0.87350667 0.3744649 0.9607843137254902 1.0728413 0.8653455 0.3820268 0.9607843137254902 2.6927822 2.4826171 1.1666911 0.9019607843137255
0.85 0.1 0.9926882 0.9058566 0.3707056 0.9019607843137255 0.9897534 0.8943137 0.38122752 0.9019607843137255 2.175432 1.9418916 1.0169866 0.8823529411764706
0.85 0.15 0.9930348 0.90296245 0.38408193 0.9019607843137255 0.9916881 0.8936335 0.39092946 0.9215686274509803 2.1122735 1.8803792 1.0102445 0.8823529411764706
0.95 0.4 1.0832838 0.89689475 0.369744 0.9607843137254902 1.082184 0.88879526 0.37708783 0.9607843137254902 2.7685592 2.504811 1.2415286 0.9215686274509803
0.95 0.3 1.0854691 0.8749833 0.3926267 0.9607843137254902 1.0844429 0.8675312 0.39973572 0.9607843137254902 2.661436 2.442147 1.1143305 0.9215686274509803
0.85 0.3 1.0560946 0.85720646 0.37336868 0.9607843137254902 1.0553851 0.8614774 0.38064018 0.9411764705882353 2.5848668 2.516298 1.190228 0.9215686274509803
0.85 0.25 1.069759 0.8886107 0.36869815 0.9411764705882353 1.0671347 0.87952244 0.37734655 0.9411764705882353 2.668382 2.5231555 1.1921376 0.9215686274509803
0.85 0.4 1.0806109 0.9141735 0.35245427 0.9607843137254902 1.0794815 0.90689766 0.3599542 0.9411764705882353 2.7750092 2.5645304 1.0880474 0.9215686274509803
0.8 0.8 1.0742787 0.90514255 0.37168995 0.9607843137254902 1.0734571 0.8984826 0.37931514 0.9607843137254902 2.7656133 2.4484577 1.1823952 0.9215686274509803
0.9 0.85 1.079807 0.8708075 0.39163983 0.9607843137254902 1.0786836 0.8744153 0.3988558 0.9411764705882353 2.7882483 2.5658603 1.1538467 0.9215686274509803
0.85 0.05 0.9372595 0.8327318 0.3717038 0.9411764705882353 0.93415624 0.82045877 0.3826386 0.9411764705882353 2.101494 1.8760724 0.9930577 0.8823529411764706
0.9 0.7 1.0754219 0.8705696 0.38288304 0.9607843137254902 1.0743247 0.8741702 0.3903277 0.9411764705882353 2.7308753 2.498551 1.1385276 0.9215686274509803
0.9 0.8 1.078085 0.8701173 0.38916227 0.9607843137254902 1.0770274 0.87373877 0.39643246 0.9411764705882353 2.7767324 2.5535955 1.1790489 0.9019607843137255
0.95 0.25 1.0516113 0.86240077 0.39142862 0.9607843137254902 1.0500855 0.8548306 0.3979655 0.9607843137254902 2.6436174 2.4628315 1.084955 0.9215686274509803
0.85 0.2 1.0285182 0.90582144 0.36749372 0.9411764705882353 1.027353 0.8972819 0.37500677 0.9411764705882353 2.387604 2.0394318 1.1431782 0.9019607843137255
1.0 0.6 1.0746795 0.87169206 0.3923366 0.9607843137254902 1.0731702 0.8754301 0.39954394 0.9411764705882353 2.7403724 2.559462 1.1900867 0.9019607843137255
0.85 0.8 1.0766966 0.88366044 0.3814233 0.9607843137254902 1.0759736 0.87687016 0.3890126 0.9607843137254902 2.7514412 2.4214652 1.1388236 0.9019607843137255
0.9 0.65 1.0724674 0.87083715 0.38258615 0.9607843137254902 1.0713102 0.8744253 0.39008996 0.9411764705882353 2.717067 2.479751 1.2004192 0.9019607843137255
0.9 0.55 1.0675013 0.8722649 0.3775304 0.9411764705882353 1.0663348 0.87586373 0.3851184 0.9411764705882353 2.6053064 2.43084 1.1462731 0.9019607843137255
0.95 0.85 1.0805312 0.86996853 0.40478426 0.9607843137254902 1.078924 0.873613 0.41209543 0.9411764705882353 2.7207696 2.553826 1.2303246 0.9019607843137255
0.9 0.75 1.0786301 0.8700918 0.3893467 0.9607843137254902 1.0775195 0.8737123 0.3968667 0.9411764705882353 2.7321289 2.5707817 1.1554478 0.9215686274509803
0.9 0.6 1.0705817 0.87226236 0.38004363 0.9411764705882353 1.0694517 0.875808 0.38753346 0.9411764705882353 2.6540785 2.3707874 1.2096612 0.8823529411764706
1.0 0.55 1.0737184 0.8714732 0.38998398 0.9607843137254902 1.0723157 0.8752172 0.39723444 0.9411764705882353 2.7347982 2.5293174 1.2255396 0.9019607843137255
0.95 0.65 1.0724261 0.87137246 0.38872588 0.9411764705882353 1.0712379 0.8750053 0.39585188 0.9411764705882353 2.6908712 2.4658918 1.1381716 0.8823529411764706
0.95 0.45 1.066487 0.8642375 0.3805822 0.9411764705882353 1.0654417 0.8681742 0.38769412 0.9411764705882353 2.761484 2.5721679 1.2205251 0.9019607843137255
0.95 0.1 0.96583843 0.91777706 0.40320137 0.9215686274509803 0.96367997 0.906917 0.41185027 0.9215686274509803 2.1338062 1.8418958 0.98107797 0.8823529411764706
0.95 0.9 1.0836829 0.87074614 0.40981156 0.9607843137254902 1.0818219 0.8743724 0.41717905 0.9411764705882353 2.7241528 2.5842676 1.1807044 0.9019607843137255
0.8 1.0 1.078999 0.8888951 0.3815493 0.9607843137254902 1.0782715 0.88264775 0.38877055 0.9607843137254902 2.7536247 2.5736084 1.0640048 0.9019607843137255
0.95 0.6 1.0722805 0.8715225 0.38674575 0.9411764705882353 1.0709265 0.8752004 0.3941193 0.9411764705882353 2.6873367 2.4085746 1.2074159 0.8823529411764706
0.8 0.2 1.0264484 0.9268131 0.3954607 0.9019607843137255 1.0245706 0.9175782 0.40328595 0.9215686274509803 2.4465883 2.1114752 1.1637682 0.9019607843137255
1.0 0.95 1.0916253 0.8702971 0.42495087 0.9607843137254902 1.0894645 0.87406945 0.4320948 0.9411764705882353 2.7291644 2.5106592 1.1923786 0.8823529411764706
0.8 0.85 1.0723133 0.8913288 0.3778609 0.9607843137254902 1.0716021 0.88518 0.3853513 0.9607843137254902 2.7849352 2.555836 1.1584971 0.9019607843137255
1.0 0.45 1.0718837 0.8666899 0.38665763 0.9607843137254902 1.0706569 0.870447 0.39350793 0.9411764705882353 2.7724044 2.5696735 1.2253625 0.9019607843137255
0.9 0.45 1.0652215 0.87155837 0.37320858 0.9607843137254902 1.0640025 0.87516916 0.3805981 0.9607843137254902 2.7048109 2.5196328 1.1511301 0.9019607843137255
0.8 0.7 1.0747796 0.91210735 0.3679913 0.9607843137254902 1.0738958 0.90522283 0.37564597 0.9607843137254902 2.8087184 2.4853234 1.0852382 0.9019607843137255
0.85 0.45 1.0609056 0.86581874 0.36678252 0.9607843137254902 1.0600168 0.869571 0.37416112 0.9607843137254902 2.6997664 2.3853712 1.2217996 0.9215686274509803
0.85 0.55 1.0781747 0.8810228 0.3832706 0.9607843137254902 1.0773276 0.87789345 0.3908482 0.9607843137254902 2.7899868 2.55867 1.1941745 0.9019607843137255
0.8 0.75 1.0734509 0.90504634 0.37205508 0.9607843137254902 1.0726422 0.89843273 0.37967908 0.9607843137254902 2.7773993 2.581943 1.1011956 0.9215686274509803
1.0 0.5 1.0734944 0.8708451 0.38771573 0.9607843137254902 1.0722702 0.8746294 0.3949142 0.9411764705882353 2.6877623 2.4601836 1.2194746 0.9019607843137255
0.85 0.6 1.0716151 0.8776877 0.37743226 0.9607843137254902 1.0708853 0.87432724 0.38506433 0.9607843137254902 2.7036073 2.5243425 1.160567 0.9215686274509803
0.85 0.9 1.0791711 0.8756413 0.38888675 0.9607843137254902 1.0783685 0.87472755 0.3963005 0.9607843137254902 2.7417307 2.5036187 1.2324103 0.9215686274509803
0.9 0.1 0.984242 0.91848266 0.3876261 0.9019607843137255 0.98167586 0.9073799 0.39604706 0.9019607843137255 2.2464387 2.0367503 0.94344324 0.8823529411764706
0.55 0.7 1.1031231 1.1124979 0.39716735 0.8823529411764706 1.099256 1.1006021 0.40606362 0.8823529411764706 2.9814465 2.6844263 0.906682 0.9411764705882353
0.9 0.05 0.9229136 0.8279523 0.3969744 0.9607843137254902 0.9202092 0.8158083 0.406009 0.9607843137254902 2.0744286 1.8091595 0.9393955 0.9215686274509803
0.85 0.95 1.0844474 0.88720363 0.38872737 0.9607843137254902 1.0837387 0.8809456 0.3960961 0.9607843137254902 2.8380334 2.5895343 1.1196331 0.9215686274509803
0.95 0.8 1.0785527 0.8716396 0.40072796 0.9607843137254902 1.0770414 0.87522995 0.4080697 0.9411764705882353 2.7267206 2.532321 1.2130862 0.8823529411764706
0.9 0.2 1.0099214 0.89509755 0.37611344 0.9411764705882353 1.0084879 0.88598585 0.38388583 0.9411764705882353 2.347073 1.9304094 1.1421736 0.9215686274509803
0.85 1.0 1.0863625 0.8884077 0.39235693 0.9607843137254902 1.0855685 0.8820549 0.3997063 0.9607843137254902 2.7748604 2.5239305 1.0314689 0.9215686274509803
0.9 1.0 1.08513 0.87115365 0.40377703 0.9607843137254902 1.0838315 0.87474436 0.410795 0.9411764705882353 2.6664417 2.5198321 1.1259879 0.9215686274509803
0.9 0.4 1.077951 0.88605404 0.36455384 0.9607843137254902 1.0764409 0.87836695 0.3722076 0.9607843137254902 2.7718334 2.5519214 1.1550194 0.9019607843137255
0.95 0.2 1.0282291 0.87909997 0.36599568 0.9019607843137255 1.0262995 0.8689952 0.37457725 0.9215686274509803 2.4020543 1.9305384 1.2843593 0.8823529411764706
0.95 0.75 1.0765734 0.87044406 0.39736757 0.9607843137254902 1.0751286 0.8741103 0.40476882 0.9411764705882353 2.6386378 2.4407048 1.185355 0.8823529411764706
0.9 0.95 1.0849249 0.86996746 0.3979519 0.9607843137254902 1.0838159 0.8735949 0.4049869 0.9411764705882353 2.7454653 2.55233 1.1120635 0.9215686274509803
0.9 0.9 1.0807425 0.87010336 0.39629808 0.9607843137254902 1.0794289 0.87371695 0.40357617 0.9411764705882353 2.7517307 2.5776029 1.1269325 0.9215686274509803
0.95 1.0 1.0868014 0.8696419 0.41622224 0.9607843137254902 1.0849957 0.87332964 0.42335322 0.9411764705882353 2.7184188 2.5118728 1.1909509 0.8823529411764706
0.95 0.05 0.9167883 0.8364373 0.3835928 0.9607843137254902 0.9147485 0.8250587 0.39418423 0.9607843137254902 2.0512264 1.7535303 0.97724414 0.9019607843137255
0.9 0.5 1.0668404 0.8710656 0.37163737 0.9607843137254902 1.0660579 0.8747437 0.3788383 0.9411764705882353 2.7411916 2.49397 1.2302269 0.8823529411764706
1.0 0.2 1.0160896 0.8622929 0.38961878 0.9411764705882353 1.0151037 0.85414827 0.39658454 0.9411764705882353 2.37885 1.9827827 1.2097778 0.9215686274509803
1.0 0.4 1.0709364 0.8651679 0.38738126 0.9607843137254902 1.0692759 0.8690224 0.39487818 0.9607843137254902 2.7389534 2.4945183 1.2118714 0.8823529411764706
0.95 0.95 1.0856014 0.8705204 0.41359934 0.9607843137254902 1.0838442 0.87419486 0.42074817 0.9411764705882353 2.7091396 2.5739026 1.1785967 0.9019607843137255
1.0 0.25 1.0614386 0.8580959 0.41594657 0.9411764705882353 1.0597358 0.85042155 0.42229018 0.9411764705882353 2.4845386 2.2674484 1.2334588 0.9215686274509803
0.55 0.55 1.1195589 1.126018 0.38053584 0.8823529411764706 1.1158692 1.113992 0.3887014 0.8823529411764706 2.9293623 2.7440512 0.9280089 0.9019607843137255
1.0 0.9 1.0907499 0.87096643 0.4228176 0.9607843137254902 1.0887266 0.87471837 0.4299207 0.9411764705882353 2.7068908 2.4378223 1.225869 0.9019607843137255