lengthscale l2regularizer bne_rmse_mean bne_rmse_median bne_std bne_cov nll_bne_mean nll_bne_median
0.05 0.8 559.96405 448.63837 480.76938 0.7450980392156863 1.8278602 1.4971621
0.05 0.7 521.5893 598.86566 322.40234 0.8235294117647058 1.7092829 1.6275437
0.05 0.6 496.72824 580.4264 251.6981 0.7843137254901961 1.7541794 1.6364329
0.05 0.05 777.18964 849.0986 480.0035 0.7843137254901961 1.5756445 1.4261546
0.05 0.5 632.4682 633.1999 369.97418 0.803921568627451 1.5453901 1.4179428
0.05 0.2 734.72565 721.6262 522.83887 0.803921568627451 1.5922245 1.4773047
0.05 0.1 761.99854 864.98486 462.63632 0.8235294117647058 1.7090937 1.4549612
0.05 0.9 433.63614 423.3119 258.6276 0.8431372549019608 1.7328271 1.626426
0.05 0.4 787.1203 699.9773 595.4715 0.8235294117647058 1.5857677 1.5688756
0.05 1.6 216.56657 202.0838 113.6537 0.803921568627451 2.032482 1.5953739
0.05 1.8 210.11322 239.86221 93.74681 0.7843137254901961 2.021184 1.7904605
0.05 1.3 303.98715 306.89713 156.60631 0.8431372549019608 1.7095585 1.5744785
0.05 1.2 301.8854 254.3739 188.77118 0.8431372549019608 1.7909423 1.7392726
0.05 1.1 353.2371 317.09195 228.7455 0.8431372549019608 1.7311335 1.6956353
0.05 1.7 205.03172 196.12523 105.461426 0.803921568627451 1.8359194 1.7342654
0.05 1.4 259.7088 285.9721 118.30185 0.8431372549019608 1.7816787 1.659324
0.05 1.9 189.4848 186.14081 91.91105 0.803921568627451 2.1029685 1.7118881
0.05 1.5 245.20964 228.68066 153.50964 0.8431372549019608 1.7903026 1.5423113
0.05 1.0 450.80826 378.15375 317.20087 0.8235294117647058 1.726786 1.6464999
0.05 0.3 861.1738 737.03766 587.8185 0.8235294117647058 1.6298785 1.5415013
0.05 3.25 101.16571 104.67881 49.80952 0.7647058823529411 2.2106502 1.7531976
0.05 3.75 78.71361 68.43852 40.191357 0.7843137254901961 2.6173677 1.8793181
0.05 4.0 65.67287 62.68103 32.685402 0.7058823529411765 3.0252216 2.2223496
0.05 3.0 120.07082 123.59886 54.626476 0.7647058823529411 2.2100306 1.6745543
0.05 4.25 63.850327 55.773544 33.063164 0.7450980392156863 2.9617522 2.2581682
0.05 3.5 95.01139 89.47633 48.617672 0.7843137254901961 2.3258543 1.9638693
0.1 0.05 1584.2021 1625.2114 1250.01 0.803921568627451 1.6460592 1.5120308
0.1 0.4 1571.6167 1050.7158 1536.9465 0.803921568627451 1.6239659 1.4165323
0.05 4.75 51.729794 45.28221 27.531818 0.6470588235294118 3.4204414 2.7857084
0.1 0.3 1155.5511 1092.9916 866.18414 0.7647058823529411 1.6708426 1.527501
0.05 5.0 49.325603 44.732914 26.687601 0.6862745098039216 3.4919968 2.9463093
0.1 0.1 1692.1058 1573.1985 904.3204 0.8627450980392157 1.5109922 1.3364704
0.05 4.5 59.042557 52.035866 31.913517 0.7254901960784313 3.1251671 2.4581308
0.2 1.2 23.18783 1.8807957 41.684708 0.9019607843137255 1.308875 1.2622553
0.1 0.6 1526.1459 1247.9534 1357.7509 0.8235294117647058 1.4805034 1.3223126
0.1 1.9 296.04645 238.51134 228.46205 0.8627450980392157 1.638192 1.493723
0.2 1.3 9.250753 1.8425477 15.165146 0.8823529411764706 1.3413495 1.1776545
0.2 1.1 10.815918 2.2927375 16.862087 0.8823529411764706 1.3761439 1.3043132
0.1 0.5 757.76495 702.1787 450.5163 0.8235294117647058 1.5841206 1.4606094
0.1 1.0 865.7376 562.8395 770.30524 0.8431372549019608 1.5058264 1.4266305
0.05 2.5 137.6457 142.1711 59.91505 0.7254901960784313 2.0952892 1.6696417
0.1 1.5 429.5681 247.01193 343.42084 0.8235294117647058 1.686275 1.53758
0.1 2.0 268.04678 222.40189 177.84055 0.8431372549019608 1.5538764 1.5406125
0.1 3.5 112.468834 81.27598 88.02099 0.7843137254901961 1.9836434 1.7383654
0.1 2.25 220.2006 159.9355 169.65825 0.803921568627451 1.6707779 1.549773
0.1 0.7 780.2006 732.54834 492.86465 0.8235294117647058 1.6820583 1.505627
0.05 2.0 184.00923 199.07666 74.618744 0.7843137254901961 2.004343 1.4754702
0.1 3.0 153.2923 117.06859 122.06759 0.803921568627451 1.6622778 1.5750048
0.1 3.25 113.07845 119.03636 69.867775 0.7843137254901961 1.888759 1.5980797
0.1 1.4 505.62497 308.86774 408.48285 0.8431372549019608 1.6398989 1.5065979
0.2 0.7 8.412907 1.3352561 14.775613 0.8823529411764706 1.2700353 1.1978209
0.2 0.3 20.043585 3.1662228 37.95973 0.9019607843137255 1.1695355 1.0098513
0.1 1.7 298.16934 246.5362 169.73642 0.8431372549019608 1.5677167 1.5533497
0.05 2.75 129.35402 126.42325 60.69338 0.7254901960784313 2.186605 1.5546238
0.1 2.75 158.57573 145.92302 112.46712 0.803921568627451 1.6443988 1.5491445
0.1 1.3 559.87897 533.61206 356.49646 0.803921568627451 1.6925879 1.5384998
0.1 1.8 316.1361 204.31618 245.87103 0.8627450980392157 1.4704746 1.4415631
0.1 0.2 1051.4868 966.7977 806.09357 0.8823529411764706 1.6318332 1.4487166
0.2 0.6 9.756822 1.8421564 17.583473 0.8627450980392157 1.3433156 1.3187385
0.2 1.0 12.158385 2.8469594 17.134426 0.8823529411764706 1.284291 1.2378138
0.1 0.9 749.01447 500.95587 561.54767 0.8627450980392157 1.3805293 1.4104551
0.1 2.5 188.05449 148.5171 139.31747 0.8235294117647058 1.6580206 1.5817423
0.1 4.0 84.5154 71.31735 61.187298 0.7843137254901961 2.0562398 1.7379076
0.05 2.25 169.80603 179.12561 86.04186 0.7647058823529411 1.9368275 1.5728011
0.1 3.75 95.722015 84.08928 63.640785 0.7843137254901961 1.8710223 1.5897243
0.2 0.1 19.06989 2.326367 32.79221 0.8823529411764706 1.1216644 0.9786476
0.2 0.8 15.652901 1.206754 25.343222 0.9019607843137255 1.3908687 1.4661697
0.2 0.2 20.499487 2.8760204 40.42354 0.9019607843137255 1.2422557 1.1791179
0.1 4.75 67.43615 52.632767 50.521744 0.7647058823529411 2.2274404 2.0135863
0.1 4.25 73.76353 71.81618 45.207386 0.7843137254901961 2.12775 1.7019355
0.2 0.05 15.873906 1.5168186 23.776297 0.9019607843137255 1.3538796 1.1635514
0.2 0.9 42.66653 1.9883898 83.53942 0.8823529411764706 1.2753967 1.190659
0.1 5.0 59.71748 50.902504 37.94475 0.7843137254901961 2.3295405 1.9904151
0.1 4.5 66.292625 57.070305 41.5387 0.7843137254901961 2.100053 1.7414525
0.2 2.25 7.227392 3.0620866 8.874124 0.8627450980392157 1.4516311 1.3018441
0.1 0.8 988.33203 902.317 683.00696 0.7647058823529411 1.633176 1.4900476
0.2 0.5 16.389803 2.1346042 27.994446 0.9019607843137255 1.1858759 0.9555824
0.2 0.4 12.816991 1.2738912 23.985033 0.9215686274509803 1.2960972 1.2404351
0.2 2.5 8.05791 3.0708456 9.735126 0.8627450980392157 1.4165574 1.3913047
0.2 2.75 8.436556 3.6383095 10.164248 0.8627450980392157 1.4108523 1.3602719
0.1 1.1 581.9597 500.48132 378.26678 0.8431372549019608 1.49732 1.487962
0.2 1.7 24.22087 2.4668987 45.663525 0.8823529411764706 1.2772443 1.2119379
0.3 3.25 2.9137113 1.4221301 3.4547658 0.8823529411764706 1.2378966 0.9547145
0.2 1.8 12.336663 1.4017583 21.730482 0.9019607843137255 1.3860925 1.3519182
0.2 1.6 9.5144 2.3204184 13.383399 0.8823529411764706 1.351364 1.1582448
0.2 2.0 10.921409 2.4639168 16.170446 0.8627450980392157 1.3400478 1.1474886
0.3 4.5 2.510749 1.447102 2.4247787 0.8823529411764706 1.4068564 1.189043
0.3 5.0 2.441584 1.5308778 2.146379 0.8627450980392157 1.4804281 1.2269762
0.2 4.0 6.2337937 3.8195524 5.8960743 0.8823529411764706 1.6400331 1.6453934
0.3 0.2 10.648003 1.1928412 21.280062 0.7254901960784313 3.5879571 0.973058
0.2 3.25 7.5742373 3.3156347 9.389147 0.9019607843137255 1.4661161 1.5209582
0.2 1.9 11.6036415 2.015064 16.580639 0.8823529411764706 1.2346605 1.1519486
0.4 1.3 3.3905675 0.8366843 5.546123 0.8823529411764706 1.5624169 1.0855131
0.4 1.4 4.316405 0.807979 7.68105 0.8823529411764706 1.2626462 1.0001062
0.2 1.5 15.069102 3.2698903 25.74867 0.8823529411764706 1.3524961 1.3139875
0.3 1.0 5.8386483 1.3525848 8.525363 0.7647058823529411 1.9599676 0.92647004
0.3 0.9 16.896261 1.3573723 35.106197 0.7254901960784313 3.0800955 0.9694401
0.3 1.3 6.352041 1.2602592 11.51948 0.8431372549019608 1.504872 1.0816873
0.2 3.75 7.1541424 3.2592611 8.075956 0.8823529411764706 1.5342908 1.6014788
0.3 1.4 4.337463 1.210906 7.082866 0.8235294117647058 1.6495123 1.0518416
0.3 2.0 3.9711602 1.3643451 5.356069 0.8823529411764706 1.1048632 0.92146146
0.3 1.2 5.5711823 1.2199962 9.829425 0.803921568627451 1.6997658 0.9575775
0.2 5.0 6.4326806 3.4164355 6.4142833 0.9019607843137255 1.703345 1.7718103
0.4 0.05 11.056163 1.0513344 22.465456 0.7254901960784313 2.8882258 1.2774779
0.3 1.7 3.2381563 1.2612578 4.62489 0.8627450980392157 1.1824547 0.9274442
0.3 1.9 3.213032 1.2422533 4.565508 0.9411764705882353 1.1042142 0.9030588
0.3 4.25 2.5011866 1.3834803 2.5238307 0.8823529411764706 1.382585 1.1287235
0.2 4.5 6.53501 3.38987 6.8260174 0.9019607843137255 1.6425732 1.7081618
0.4 0.1 24.113321 1.0686923 51.67698 0.7058823529411765 3.3882349 1.0995517
0.3 0.05 8.034598 1.2079383 15.490365 0.7254901960784313 3.5035772 0.9803539
0.3 3.75 2.6586313 1.4256104 2.6819649 0.8823529411764706 1.3678783 1.1345259
0.4 1.6 3.1886187 0.7992421 5.163359 0.9215686274509803 1.2165169 0.9843213
0.3 1.8 3.5480816 1.1609554 5.39987 0.8823529411764706 1.1304673 0.8907682
0.1 1.2 508.2324 386.16034 345.36105 0.8431372549019608 1.5334606 1.4992793
0.3 4.0 2.4913127 1.4868178 2.476445 0.8627450980392157 1.3882564 1.1100106
0.2 4.75 6.51415 3.1568089 6.9194064 0.9019607843137255 1.6614066 1.7189863
0.3 0.7 6.1688457 1.2674661 10.955147 0.7450980392156863 2.575773 1.033202
0.2 3.5 6.815658 2.8140445 7.4655657 0.8627450980392157 1.5588326 1.545886
0.3 2.5 3.358578 1.4937204 3.7988248 0.8823529411764706 1.1642922 0.93520844
0.4 1.5 3.8547313 0.8171973 6.6136465 0.8627450980392157 1.308264 0.9598985
0.3 0.5 9.560176 1.2167172 18.716007 0.803921568627451 2.014448 1.0093747
0.2 4.25 7.080815 3.5996318 7.7092986 0.9019607843137255 1.5919889 1.6308208
0.2 1.4 25.322165 1.8536564 51.80364 0.8627450980392157 1.3080095 1.2913457
0.4 0.2 10.291356 1.0953597 20.718298 0.7450980392156863 3.0861082 1.1068661
0.3 0.6 12.804631 1.3626206 25.815594 0.7058823529411765 4.045456 0.9790171
0.3 1.6 3.931393 1.2033995 6.257395 0.8235294117647058 1.3908602 0.9849766
0.4 1.2 5.064681 0.94110435 9.16572 0.7647058823529411 2.3506038 1.0223968
0.4 0.9 6.5132465 1.0082599 12.342355 0.7647058823529411 2.7332962 1.0762696
0.3 1.5 3.2895691 1.2039928 4.780569 0.9411764705882353 1.1451243 0.8977592
0.3 0.3 10.401486 1.1852365 20.718864 0.7254901960784313 4.2147346 1.0521383
0.4 1.1 7.1762347 0.82429886 14.027962 0.8823529411764706 1.3095869 1.0489976
0.3 0.4 8.280383 1.1816163 15.9935465 0.7058823529411765 3.7187374 1.0153927
0.4 0.4 15.0322 0.88534874 31.479815 0.7647058823529411 1.7555027 1.1597502
0.3 0.1 8.12585 1.0974989 15.721734 0.7450980392156863 2.7409012 0.99390656
0.4 1.0 4.9237742 0.98885405 8.771941 0.8627450980392157 1.6123157 1.0359521
0.3 0.8 9.279807 1.3371453 17.98532 0.6862745098039216 3.4534671 1.0350618
0.3 2.75 3.1257002 1.2896943 3.7741218 0.8823529411764706 1.2181431 0.9490787
0.4 1.7 3.121288 0.8544065 4.921791 0.8823529411764706 1.6107731 1.0261495
0.4 0.7 9.890426 0.9222913 19.971277 0.7647058823529411 2.840308 1.1097233
0.4 2.5 2.0808916 0.9444153 2.5770156 0.9019607843137255 1.224174 1.0056723
0.4 2.75 2.2585788 0.85871315 3.0823483 0.9019607843137255 1.1949912 1.0124637
0.4 1.9 2.9504669 0.8509873 4.6195755 0.9215686274509803 1.1531644 1.0533515
0.3 3.0 2.802992 1.4170189 3.229241 0.8823529411764706 1.2641469 0.9755448
0.4 0.6 10.411405 1.0920737 20.993584 0.7450980392156863 2.9037914 1.083926
0.4 3.5 1.5775498 0.9218731 1.500932 0.8627450980392157 1.360062 1.1252542
0.4 0.5 19.472284 1.0377433 41.254314 0.7843137254901961 2.6769829 1.0215334
0.3 3.5 3.054715 1.5693679 3.6119661 0.8823529411764706 1.2597266 1.0338964
0.4 0.3 16.097435 1.1545866 33.5612 0.7254901960784313 3.0153723 1.1767675
0.3 4.75 2.5611804 1.5033387 2.3804717 0.8823529411764706 1.4479204 1.2095999
0.4 2.25 2.364228 0.92256415 3.2961242 0.9215686274509803 1.1874455 1.020256
0.4 3.0 1.8412814 0.89767313 2.0896308 0.9019607843137255 1.2514826 1.0647438
0.4 3.25 1.6520677 0.9171542 1.6869302 0.9215686274509803 1.3165869 1.057525
0.4 2.0 2.8778703 0.8725955 4.4755445 0.9215686274509803 1.1414813 1.0296481
0.2 3.0 7.4804688 2.579751 10.11333 0.8627450980392157 1.5528831 1.5780823
0.3 1.1 3.6986637 1.2562511 5.605546 0.7254901960784313 2.4599993 1.0603807
0.4 0.8 7.2621536 0.8410419 14.155 0.7843137254901961 1.8461851 1.0288072
0.4 5.0 1.4654388 1.0904924 0.9913524 0.8627450980392157 1.6137606 1.4108671
0.4 4.25 1.4997936 0.9946073 1.178083 0.8823529411764706 1.5152388 1.3376904
0.4 4.75 1.4613318 1.0573015 1.0209819 0.8627450980392157 1.5653139 1.3639723
0.5 0.1 14.253925 1.1127303 29.616156 0.7843137254901961 1.9623203 1.1933062
0.5 0.3 10.414506 0.9258094 21.224037 0.7843137254901961 1.8142929 1.2137363
0.4 4.5 1.4535702 1.0069555 1.0653164 0.8627450980392157 1.5497378 1.3637537
0.5 0.05 21.424545 1.1258894 45.653114 0.7843137254901961 1.8776764 1.1461904
0.5 0.2 8.253823 1.0011357 16.290394 0.7843137254901961 1.9015837 1.3455814
0.4 3.75 1.5664359 0.9478034 1.3862501 0.9019607843137255 1.4258834 1.2142539
0.3 2.25 2.9949558 1.376915 3.3009937 0.8627450980392157 1.2210666 0.9300771
0.5 0.5 4.8556542 0.80098116 8.903903 0.8627450980392157 1.5753368 1.4324884
0.4 4.0 1.5048741 0.955491 1.2315977 0.8823529411764706 1.4893522 1.294786
0.5 0.9 3.0586987 0.84128124 4.837702 0.8235294117647058 1.5970443 1.2445078
0.5 1.3 2.501064 0.8610609 3.6524968 0.8823529411764706 1.2851845 1.2304554
0.5 1.1 2.6494005 0.7658185 4.0476975 0.8823529411764706 1.261753 1.2051263
0.5 0.6 5.5357556 0.9644377 10.277999 0.7843137254901961 1.9088889 1.1412592
0.5 0.8 4.384082 0.82732964 7.8307104 0.8235294117647058 1.5135263 1.1222849
0.5 0.7 6.6802716 0.82182145 12.958329 0.8627450980392157 1.4626728 1.2067207
0.5 1.0 3.0078318 0.86038005 4.7228155 0.8431372549019608 1.4211454 1.2500061
0.5 1.2 3.0969985 0.89399934 4.9001694 0.8431372549019608 1.5014168 1.2192814
0.5 0.4 10.091126 0.958442 20.470406 0.8627450980392157 1.3030751 1.2830248
0.5 1.8 1.653021 0.8431027 1.8394797 0.9019607843137255 1.2687765 1.1346272
0.5 1.9 1.500308 0.8238902 1.5263671 0.9019607843137255 1.2946495 1.1033243
0.4 1.8 3.116747 0.88870704 4.9278116 0.9019607843137255 1.1847247 1.0546701
0.5 2.25 1.3841025 0.8308966 1.2517533 0.8823529411764706 1.3396863 1.1696873
0.5 1.7 1.6774162 0.82098097 1.919105 0.9019607843137255 1.2754023 1.1176947
0.5 2.75 1.2610074 0.8203886 0.9685079 0.8823529411764706 1.4068861 1.2148637
0.5 2.0 1.4936215 0.83878267 1.4867352 0.8823529411764706 1.2666686 1.1056639
0.5 3.25 1.203916 0.82465863 0.8125441 0.8431372549019608 1.4454159 1.3145924
0.5 2.5 1.3142892 0.81313217 1.1192274 0.8823529411764706 1.3588572 1.1507508
0.5 5.0 1.1550554 0.88433397 0.5889644 0.8627450980392157 1.5130596 1.4923408
0.6 0.6 3.1095793 0.8347548 5.003051 0.8823529411764706 1.3762326 1.4001359
0.5 4.25 1.1610168 0.8239306 0.65781534 0.8627450980392157 1.5021864 1.4775623
0.5 1.6 1.5717701 0.82848597 1.6471772 0.9215686274509803 1.2797974 1.1622541
0.6 0.8 1.9291545 0.8953055 2.3524091 0.8823529411764706 1.307599 1.1484237
0.6 1.0 1.9316669 0.8505194 2.4338708 0.9215686274509803 1.2526516 1.1924626
0.5 1.4 1.886536 0.8374526 2.3194628 0.9411764705882353 1.2778767 1.1557949
0.6 0.9 1.7519861 1.0002836 1.878531 0.9019607843137255 1.3501276 1.3045955
0.6 0.5 2.9247272 0.94215095 4.4918985 0.8431372549019608 1.4296218 1.3919808
0.6 0.7 2.715312 0.8840097 4.0383844 0.9019607843137255 1.3832546 1.2327002
0.7 0.6 3.4113247 0.88075864 5.720895 0.8431372549019608 1.2647595 1.1808231
0.5 4.75 1.1603839 0.8788139 0.6059644 0.8627450980392157 1.5187696 1.509531
0.5 3.0 1.2072403 0.80703604 0.85690105 0.8627450980392157 1.4271135 1.2535858
0.6 0.1 5.0128307 0.88520503 9.19782 0.8627450980392157 1.3349515 1.3454756
0.6 0.4 4.165584 0.8301865 7.3082666 0.8823529411764706 1.4432116 1.3072088
0.6 0.3 5.5238824 0.90588975 10.345328 0.8823529411764706 1.3412594 1.2655056
0.5 4.0 1.1719213 0.8096856 0.6961109 0.8627450980392157 1.4937873 1.4808424
0.6 4.5 1.047315 0.77103734 0.49324885 0.8823529411764706 1.4119133 1.5207407
0.5 4.5 1.1648275 0.8490225 0.6443569 0.8627450980392157 1.5120627 1.4664723
0.5 1.5 1.715237 0.84291786 1.9577018 0.9215686274509803 1.2954036 1.2142909
0.7 0.1 15.157338 0.87679493 31.891867 0.8431372549019608 1.3319985 1.2257848
0.7 0.2 6.831178 1.027341 13.209747 0.8431372549019608 1.2194191 1.0854652
0.5 3.5 1.1890894 0.80016243 0.77497214 0.8627450980392157 1.4568053 1.36909
0.7 0.7 6.3488317 0.89992 12.242728 0.8823529411764706 1.181898 1.1900978
0.6 1.3 1.4062413 0.8674491 1.2768912 0.8823529411764706 1.2974833 1.1015158
0.6 1.8 1.2084502 0.8077785 0.9138736 0.8627450980392157 1.3698411 1.1182222
0.6 1.9 1.208208 0.7906943 0.9306604 0.8627450980392157 1.373694 1.1117871
0.6 1.5 1.3030021 0.85012966 1.0808897 0.8627450980392157 1.3415123 1.1435459
0.7 1.3 1.147159 0.8230442 0.7155895 0.8627450980392157 1.3900114 1.2029954
0.6 2.0 1.1789331 0.8029165 0.85661614 0.8627450980392157 1.3908314 1.1295481
0.6 1.4 1.373675 0.8884301 1.2002286 0.8627450980392157 1.3529793 1.1460559
0.6 1.7 1.2753431 0.81468505 1.0606791 0.8627450980392157 1.3521389 1.1265421
0.5 3.75 1.1607524 0.79478335 0.7081178 0.8627450980392157 1.459176 1.4024603
0.6 1.6 1.2368625 0.813846 0.97164917 0.8627450980392157 1.3375398 1.0899991
0.7 0.05 12.275138 0.8910464 25.523066 0.8627450980392157 1.1691228 1.0715588
0.6 3.75 1.0650035 0.7544942 0.5635712 0.8823529411764706 1.4158014 1.3908992
0.7 1.6 1.1349554 0.7944064 0.7722692 0.8235294117647058 1.3836778 1.1184634
0.6 1.1 1.7090468 0.9097487 1.8771542 0.8823529411764706 1.3761448 1.210136
0.7 1.0 1.8255397 0.87384605 2.20301 0.8431372549019608 1.3591423 1.1821934
0.6 3.5 1.0543084 0.75234437 0.5664812 0.8627450980392157 1.3868438 1.3052931
0.6 4.0 1.0605305 0.7622565 0.5397785 0.8823529411764706 1.4199134 1.4556288
0.6 3.0 1.0897944 0.76957774 0.6438923 0.8431372549019608 1.4171728 1.2648103
0.6 2.5 1.1091927 0.7790755 0.7087135 0.8627450980392157 1.392641 1.1686667
0.6 2.75 1.0977088 0.7606543 0.6920957 0.8627450980392157 1.4037781 1.1707785
0.7 1.2 1.2470716 0.8509017 0.97670215 0.8431372549019608 1.3666042 1.1400181
0.7 1.7 1.0997441 0.7846033 0.71089464 0.8431372549019608 1.3780907 1.0994623
0.7 3.75 0.9946787 0.7526667 0.45625788 0.8431372549019608 1.3500029 1.4074769
0.7 0.9 1.8778824 0.875049 2.3224003 0.8627450980392157 1.3532944 1.153398
0.6 3.25 1.0676802 0.7602085 0.59353894 0.8235294117647058 1.4102807 1.3133729
0.7 1.1 1.1895444 0.8654257 0.83557594 0.8431372549019608 1.363149 1.1779227
0.7 0.5 7.257748 0.9036623 14.274207 0.8823529411764706 1.1993471 1.1798965
0.6 0.05 5.303015 0.9856708 9.721387 0.8235294117647058 1.5572896 1.376309
0.8 0.4 6.4458814 0.87030625 12.491658 0.8431372549019608 1.2958069 1.1059225
0.6 5.0 1.0500153 0.8064414 0.4646311 0.8823529411764706 1.428033 1.5641034
0.7 1.4 1.1612395 0.82242614 0.8149743 0.8627450980392157 1.3729285 1.1418468
0.8 1.0 1.6073424 0.8132849 1.7827553 0.8627450980392157 1.3460749 1.133615
0.8 0.1 8.988274 0.7594966 18.28523 0.8627450980392157 1.2136222 1.0275211
0.7 3.5 1.0010108 0.7487304 0.47794324 0.8431372549019608 1.34477 1.3454256
0.8 0.05 8.767904 0.7568925 17.816788 0.8431372549019608 1.231961 0.95823884
0.6 4.75 1.0488293 0.7868498 0.4833893 0.8823529411764706 1.4208475 1.5304745
0.7 1.9 1.0815743 0.7670835 0.68536377 0.8431372549019608 1.3651685 1.0885652
0.7 0.3 4.0218253 0.954158 6.978258 0.8627450980392157 1.3755298 1.2939367
0.7 4.0 0.99714965 0.7515577 0.45062432 0.8431372549019608 1.3504982 1.4475728
0.8 0.9 1.8268534 0.75965285 2.2971063 0.8627450980392157 1.3678912 1.0515189
0.6 0.2 4.1052713 0.8306474 7.205168 0.8823529411764706 1.4103527 1.3738861
0.7 0.4 4.821261 0.9634319 8.743331 0.8627450980392157 1.3060484 1.3160238
0.7 1.8 1.0612003 0.77186966 0.6395153 0.8431372549019608 1.3525639 1.1026773
0.7 4.75 0.99758863 0.76364386 0.41380638 0.8627450980392157 1.3707069 1.5352812
0.8 0.5 5.0548396 0.7683325 9.475252 0.8627450980392157 1.2901293 1.0891935
0.7 4.5 0.99612063 0.7607949 0.4245678 0.8627450980392157 1.3657008 1.5320909
0.8 1.4 1.0641814 0.7862 0.64067024 0.8431372549019608 1.3647372 1.1012462
0.7 5.0 0.9939578 0.7672647 0.4077091 0.8823529411764706 1.361466 1.5397763
0.8 1.1 1.1600356 0.82429683 0.8107924 0.8431372549019608 1.402605 1.1368241
0.8 0.3 6.9426045 0.75882804 13.723114 0.8431372549019608 1.1850101 0.9323659
0.8 0.8 2.5891373 0.74070275 4.0221424 0.8823529411764706 1.2313886 1.0022597
0.7 1.5 1.1508912 0.81762075 0.79504704 0.8431372549019608 1.4000983 1.1372516
0.6 2.25 1.1298505 0.77604175 0.7672102 0.8627450980392157 1.3795156 1.113148
0.7 3.25 1.0033512 0.7432734 0.4970889 0.8431372549019608 1.3477737 1.2888176
0.6 1.2 1.7314624 0.87529707 1.9570032 0.8627450980392157 1.2887644 1.1219053
0.8 1.2 1.2859173 0.743252 1.1258341 0.8627450980392157 1.4198918 1.081301
0.8 1.3 1.1073128 0.7684344 0.7396521 0.8431372549019608 1.397287 1.1078327
0.7 0.8 2.2775934 0.9105307 3.1527352 0.8627450980392157 1.3663479 1.2454574
0.8 0.6 3.3345625 0.7408439 5.686818 0.8431372549019608 1.2334898 0.9501116
0.8 0.7 3.2137783 0.75478464 5.38177 0.8627450980392157 1.252163 1.0386795
0.8 0.2 6.3594785 0.81594133 12.348835 0.8627450980392157 1.2661511 1.1139259
0.7 4.25 0.99728364 0.7570944 0.43635613 0.8431372549019608 1.3632945 1.5224638
0.7 3.0 1.011441 0.7435652 0.52000016 0.8627450980392157 1.3463246 1.242086
0.7 2.75 1.0220579 0.74689704 0.5459959 0.8627450980392157 1.3517337 1.2043099
0.7 2.25 1.0626125 0.74896824 0.6426115 0.8431372549019608 1.3809557 1.1138651
0.7 2.5 1.0280716 0.75257564 0.56486154 0.8627450980392157 1.3643185 1.1643991
0.8 2.5 0.998424 0.74013615 0.51300853 0.8627450980392157 1.3346052 1.1964343
0.8 1.5 1.0625691 0.77886677 0.6372267 0.8431372549019608 1.3672963 1.1064904
0.8 2.0 1.0150067 0.7490812 0.5591618 0.8627450980392157 1.3326045 1.1006957
0.8 1.6 1.0506343 0.771819 0.61504644 0.8431372549019608 1.3715466 1.106076
0.8 1.7 1.0657395 0.7584057 0.66024256 0.8431372549019608 1.3892184 1.0856053
0.8 1.8 1.0353309 0.74876183 0.6041414 0.8431372549019608 1.3550433 1.0855136
0.8 2.25 1.0048652 0.74586457 0.5330741 0.8627450980392157 1.342173 1.1477299
0.7 2.0 1.0801026 0.7649621 0.67817706 0.8431372549019608 1.3884101 1.1137073
0.8 1.9 1.0384613 0.74643004 0.6115122 0.8431372549019608 1.3578095 1.0873301
0.8 3.0 0.97817826 0.7487088 0.46599868 0.8627450980392157 1.308861 1.2886205
0.8 4.25 0.961924 0.76088274 0.3985343 0.8431372549019608 1.3210529 1.417568
0.8 3.25 0.9707947 0.750147 0.44579712 0.8627450980392157 1.3110204 1.3321996
0.9 0.7 2.416229 0.7507801 3.6460445 0.8627450980392157 1.2796732 0.9708936
0.9 0.6 3.1980422 0.7566101 5.385674 0.8823529411764706 1.2487408 0.97211075
0.9 0.05 3.6610518 0.74991745 6.4328246 0.8431372549019608 1.2651283 0.9205251
0.9 0.1 6.914351 0.7489046 13.708798 0.8627450980392157 1.20187 0.940678
0.9 0.8 1.8463945 0.74228996 2.3915522 0.8627450980392157 1.2547804 0.9783844
0.9 1.1 1.229479 0.720121 1.045068 0.8431372549019608 1.3802104 0.9728918
0.8 4.0 0.96301824 0.7589435 0.4092085 0.8431372549019608 1.3199275 1.4229017
0.9 1.8 1.0002708 0.7484813 0.5395142 0.8627450980392157 1.3322157 1.0901986
0.9 4.0 0.94286174 0.76390475 0.38274148 0.8431372549019608 1.2943344 1.3165731
0.9 4.25 0.94181615 0.7669039 0.379863 0.8431372549019608 1.2931387 1.3119092
0.9 2.0 0.9957714 0.74896634 0.5277162 0.8627450980392157 1.3418331 1.1330616
0.9 4.5 0.9403727 0.7704301 0.37371254 0.8627450980392157 1.2932799 1.3038371
0.9 3.75 0.94539404 0.7654034 0.3909576 0.8627450980392157 1.2885629 1.3195622
0.9 1.9 0.9934552 0.7461798 0.5210832 0.8627450980392157 1.317633 1.1069617
0.9 1.7 1.01446 0.7433175 0.57142913 0.8431372549019608 1.3574859 1.0727344
0.8 5.0 0.96080333 0.77037024 0.3764723 0.8627450980392157 1.3376278 1.4297178
0.9 1.5 1.0440786 0.75409716 0.6214838 0.8431372549019608 1.3839716 1.0663953
0.8 4.75 0.9603384 0.7679679 0.38257608 0.8627450980392157 1.3242015 1.4231472
0.9 1.0 1.4231973 0.7871208 1.4129969 0.8627450980392157 1.4181057 1.1293896
0.8 3.5 0.96688145 0.75341314 0.43034872 0.8431372549019608 1.3124609 1.3841223
0.8 4.5 0.9616454 0.76557034 0.3906379 0.8627450980392157 1.324043 1.4205773
0.9 1.6 1.0273539 0.7535225 0.58556855 0.8627450980392157 1.3514193 1.0750948
0.9 4.75 0.9384094 0.7703463 0.36725998 0.8627450980392157 1.2965602 1.3021257
0.9 2.25 0.98332214 0.74592894 0.49925265 0.8627450980392157 1.3064796 1.1783553
0.9 0.2 7.103064 0.76228106 14.102757 0.8627450980392157 1.2303667 0.95886314
0.9 0.3 3.544216 0.7752359 6.13377 0.8627450980392157 1.3332715 1.0325077
0.8 3.75 0.9646592 0.7555024 0.4214098 0.8431372549019608 1.3105222 1.4243271
0.9 0.5 4.1283937 0.76494974 7.454889 0.8431372549019608 1.2632506 0.95635295
0.9 0.9 1.6997126 0.7333628 2.065706 0.8627450980392157 1.3148974 1.000086
1.0 0.5 3.7218733 0.7479586 6.578974 0.8823529411764706 1.2380488 0.96786547
1.0 0.4 3.2207336 0.76304114 5.442483 0.8627450980392157 1.305836 0.97328264
1.0 0.3 4.31904 0.75058997 7.895864 0.8627450980392157 1.2426592 0.9634235
0.9 0.4 4.7982235 0.73692536 9.000965 0.8431372549019608 1.1728276 0.9351988
0.9 1.2 1.2036512 0.75541496 0.9539217 0.8627450980392157 1.4434026 1.080917
1.0 0.8 1.5888816 0.7334585 1.8429898 0.8431372549019608 1.2935958 0.9314561
1.0 1.1 1.1601211 0.7267088 0.859783 0.8235294117647058 1.4040923 1.0370216
1.0 1.6 1.0194845 0.7475758 0.5748314 0.8627450980392157 1.372487 1.1232477
1.0 1.3 1.0700777 0.7515967 0.67974687 0.8431372549019608 1.4380554 1.0896027
1.0 1.2 1.1057539 0.7275237 0.76973736 0.803921568627451 1.4265347 1.0245183
1.0 1.8 0.99693877 0.7467329 0.5369199 0.8627450980392157 1.345138 1.1403959
1.0 1.0 1.3214905 0.7310101 1.2548956 0.8431372549019608 1.3829871 0.9686438
1.0 1.7 1.0036486 0.7456919 0.5532946 0.8627450980392157 1.347382 1.1044714
1.0 1.5 1.0494999 0.7370269 0.6521132 0.8431372549019608 1.4111238 1.0917213
0.9 2.75 0.96155286 0.7522851 0.4443221 0.8627450980392157 1.2896736 1.2923819
0.9 2.5 0.97153836 0.7490889 0.47137454 0.8627450980392157 1.3109436 1.227404
1.0 0.9 1.3489243 0.7314713 1.3152169 0.8431372549019608 1.3559796 0.94274116
1.0 1.4 1.090794 0.7445636 0.73193073 0.8431372549019608 1.4338809 1.0827758
1.0 1.9 0.98988944 0.7494807 0.5213343 0.8627450980392157 1.3339567 1.1497407
0.9 3.25 0.94942206 0.7586165 0.411168 0.8627450980392157 1.2859625 1.3289537
1.0 2.5 0.9551262 0.7544706 0.44184616 0.8627450980392157 1.2865734 1.285217
1.0 4.0 0.92724353 0.76982594 0.3712663 0.8823529411764706 1.2691494 1.2356259
1.0 0.7 2.3568327 0.7341894 3.5447125 0.8431372549019608 1.231946 0.97296345
1.0 3.5 0.9312038 0.76729786 0.38179576 0.8627450980392157 1.277428 1.2406799
1.1 0.7 1.6892177 0.73348844 2.0557957 0.8627450980392157 1.3200396 0.98173213
1.0 3.0 0.9412021 0.7629707 0.40741238 0.8627450980392157 1.2864417 1.2788806
1.0 2.25 0.96254015 0.75165856 0.4705068 0.8627450980392157 1.2880057 1.2078549
1.0 3.75 0.92849845 0.76913905 0.37664232 0.8823529411764706 1.2680098 1.2302135
1.0 3.25 0.9361756 0.76584405 0.39446342 0.8627450980392157 1.2759792 1.2641373
1.1 0.6 2.257612 0.74032843 3.3098457 0.8627450980392157 1.291095 0.9838064
1.1 0.5 2.5076406 0.7476232 3.8567317 0.8627450980392157 1.3105493 1.0618103
1.0 2.75 0.9428758 0.75918925 0.42015633 0.8627450980392157 1.2727183 1.2779849
1.1 0.3 3.6005735 0.7409935 6.3499312 0.8627450980392157 1.2457172 0.9453687
1.1 0.2 2.975269 0.74809444 4.9345956 0.8823529411764706 1.3077598 0.9923893
1.1 0.4 3.0410633 0.737563 5.0768433 0.8627450980392157 1.2356298 1.016421
1.1 1.5 1.028869 0.74148285 0.6072118 0.8627450980392157 1.3837563 1.1260583
1.1 1.7 1.0037696 0.74988365 0.5525746 0.8627450980392157 1.3601437 1.172123
1.0 5.0 0.9203527 0.7730296 0.3583205 0.8627450980392157 1.261382 1.2122672
1.1 0.1 3.1732073 0.7551205 5.3477015 0.8627450980392157 1.2961954 1.0244392
1.1 0.05 3.9349315 0.74389195 7.0759993 0.8627450980392157 1.2645515 0.98826766
1.1 1.6 1.0125153 0.74567986 0.57496864 0.8627450980392157 1.3720087 1.1505187
1.1 1.3 1.078129 0.74361145 0.70606446 0.8431372549019608 1.4574977 1.1585716
1.1 2.75 0.93223524 0.7622945 0.405721 0.8627450980392157 1.2588879 1.2284524
1.1 1.4 1.0541669 0.73427355 0.6693795 0.8431372549019608 1.4204636 1.0929255
1.1 1.8 0.98949105 0.7515688 0.53024393 0.8627450980392157 1.3460245 1.183092
1.1 1.9 0.9783008 0.7525988 0.5008196 0.8627450980392157 1.3261932 1.2213762
1.0 2.0 0.97863156 0.7512963 0.50100857 0.8627450980392157 1.3084024 1.1711702
1.1 3.5 0.91855305 0.7702652 0.3748547 0.8823529411764706 1.2529337 1.1733948
1.2 0.1 2.6793482 0.74121296 4.2926416 0.8627450980392157 1.3178495 1.0327687
1.2 0.05 3.0019076 0.7557261 5.015827 0.8627450980392157 1.322175 1.0292257
1.0 4.75 0.9210127 0.769071 0.36068183 0.8823529411764706 1.2641629 1.2148788
1.1 2.5 0.93998 0.75896704 0.4222292 0.8627450980392157 1.2748675 1.2676325
1.1 2.0 0.9651465 0.75211656 0.47460178 0.8627450980392157 1.3100657 1.2172827
1.1 4.0 0.91326714 0.76971024 0.36646274 0.8823529411764706 1.24251 1.1577713
1.1 1.2 1.0978569 0.7285713 0.7744633 0.8235294117647058 1.4204386 1.0243568
1.1 4.25 0.91118723 0.770578 0.363735 0.8823529411764706 1.2395855 1.1511118
1.1 1.1 1.2023435 0.733588 0.9847118 0.8627450980392157 1.4571648 1.063813
1.1 0.8 1.4228731 0.7343157 1.465935 0.8627450980392157 1.3701812 0.99437356
1.1 0.9 1.3752155 0.7313615 1.3831298 0.8627450980392157 1.4012426 1.0031966
1.1 1.0 1.1214706 0.73068833 0.8350559 0.8235294117647058 1.394361 0.9798412
1.1 5.0 0.90666866 0.7705691 0.35819712 0.9019607843137255 1.231521 1.1318591
1.1 3.75 0.91541284 0.77068955 0.370968 0.8823529411764706 1.2441846 1.1633364
1.1 4.75 0.90702134 0.7705195 0.36043072 0.9019607843137255 1.2269831 1.1398952
1.1 3.0 0.92750025 0.76803505 0.39122477 0.8627450980392157 1.2659905 1.2139606
1.1 3.25 0.9230056 0.7685683 0.38321736 0.8627450980392157 1.2568808 1.1933303
1.1 2.25 0.9509049 0.75757843 0.44648406 0.8627450980392157 1.2771218 1.2656605
1.1 4.5 0.9098282 0.7716437 0.36216545 0.8823529411764706 1.236376 1.1479707
1.2 0.2 3.2790391 0.7452302 5.6082773 0.8627450980392157 1.2957945 1.0352273
1.2 1.2 1.0909393 0.73605466 0.7736863 0.8431372549019608 1.4174696 1.0429709
1.2 1.4 1.0320678 0.7481624 0.61952347 0.8431372549019608 1.3947906 1.156342
1.2 0.8 1.4638027 0.7350245 1.5759538 0.8627450980392157 1.3769702 1.0421262
1.2 1.1 1.1231668 0.7331815 0.8230018 0.8235294117647058 1.4656264 1.1161876
1.2 0.7 1.6547841 0.73725826 1.9708467 0.8627450980392157 1.388785 1.037806
1.2 1.0 1.1842982 0.72787964 0.9751803 0.8431372549019608 1.4192148 1.0085386
1.2 1.3 1.0457497 0.7453372 0.6546506 0.8431372549019608 1.4162544 1.1424406
1.2 0.9 1.2939001 0.73528636 1.2099471 0.8627450980392157 1.4163064 1.0053828
1.2 0.3 2.484329 0.7441719 3.864327 0.8627450980392157 1.3272809 0.985656
1.2 0.6 1.7438163 0.7379937 2.18628 0.8627450980392157 1.3656869 1.0651057
1.2 0.4 3.7154083 0.74188405 6.5907464 0.8627450980392157 1.2623773 1.0260768
1.2 2.5 0.9275918 0.76654 0.4024318 0.8627450980392157 1.2543306 1.1976018
1.2 1.5 1.0097705 0.74787223 0.5715121 0.8627450980392157 1.3798513 1.1671143
1.2 2.0 0.9523637 0.7623465 0.45082316 0.8627450980392157 1.2878524 1.2694693
1.2 1.7 0.98140174 0.74953973 0.51381576 0.8627450980392157 1.3389697 1.2005726
1.2 1.8 0.9714184 0.75344217 0.4914879 0.8627450980392157 1.319101 1.2292271
1.2 2.25 0.9361029 0.76433384 0.4223845 0.8627450980392157 1.265245 1.2440553
1.2 1.9 0.96174026 0.7563409 0.47033 0.8627450980392157 1.299554 1.2494445
1.2 1.6 0.9951331 0.7452321 0.54805255 0.8627450980392157 1.3582201 1.1662841
1.2 0.5 2.893423 0.7392708 4.768506 0.8627450980392157 1.263178 1.0230646
1.3 0.6 1.4777689 0.74648416 1.5802492 0.8627450980392157 1.4443989 1.0551275
1.3 0.7 1.4349116 0.7289076 1.523015 0.8627450980392157 1.4055005 1.0177063
1.3 0.5 1.7888144 0.7392062 2.3104894 0.8627450980392157 1.3412056 0.99635506
1.3 0.8 1.3537164 0.7342397 1.3478363 0.8627450980392157 1.420036 1.0013213
1.3 0.3 2.620858 0.7521195 4.1381755 0.8627450980392157 1.3313428 1.0536784
1.3 0.1 2.1540625 0.7408643 3.0961645 0.8627450980392157 1.3420452 1.0735248
1.3 0.2 2.352074 0.74696654 3.5514412 0.8627450980392157 1.3358072 1.0731074
1.3 0.05 2.5579283 0.7422045 4.0408864 0.8627450980392157 1.2917645 1.0458171
1.3 1.1 1.0805308 0.7267915 0.75519437 0.8431372549019608 1.4224187 1.038545
1.3 1.9 0.9478664 0.76382947 0.44905975 0.8627450980392157 1.283788 1.2717975
1.3 1.0 1.1784614 0.7280867 0.9566156 0.8235294117647058 1.4480656 1.0471135
1.3 1.8 0.9568638 0.7633734 0.46628144 0.8627450980392157 1.2949356 1.2611741
1.2 5.0 0.89683604 0.76812243 0.3635323 0.9215686274509803 1.2012242 1.0707191
1.3 2.25 0.9261345 0.76791775 0.407873 0.8627450980392157 1.2518879 1.1843772
1.3 2.0 0.93957657 0.7644514 0.4335979 0.8627450980392157 1.2695776 1.2586731
1.3 4.25 0.8908315 0.76758564 0.36649796 0.9215686274509803 1.1872112 1.0423203
1.3 0.9 1.1524316 0.72823125 0.90014184 0.8235294117647058 1.4196857 1.0259652
1.3 3.5 0.8989535 0.77089643 0.36929673 0.8823529411764706 1.2052677 1.0684026
1.3 3.0 0.9042125 0.7690407 0.37733036 0.8823529411764706 1.2161965 1.0956576
1.3 3.25 0.90089864 0.7689123 0.37397978 0.8823529411764706 1.2103668 1.072851
1.3 2.75 0.90901536 0.76810277 0.38222963 0.8823529411764706 1.2215831 1.1167159
1.3 4.0 0.89281064 0.769455 0.3669094 0.9215686274509803 1.1913996 1.0466081
1.3 4.75 0.88918304 0.7680452 0.36567092 0.9215686274509803 1.181368 1.0364517
1.2 4.5 0.89871097 0.7690686 0.3637738 0.9019607843137255 1.2080184 1.086702
1.3 4.5 0.88991666 0.7678914 0.3660439 0.9215686274509803 1.1840959 1.0371593
1.2 4.75 0.8967414 0.768847 0.36194408 0.9215686274509803 1.2061819 1.0814558
1.3 0.4 2.3981752 0.7340544 3.6678028 0.8627450980392157 1.2623706 1.0014247
1.3 1.4 1.0141101 0.7511959 0.5854884 0.8627450980392157 1.3862449 1.1980593
1.3 1.6 0.97822076 0.75689816 0.5063224 0.8627450980392157 1.3229262 1.2323608
1.3 1.5 0.9986991 0.75562286 0.55337936 0.8627450980392157 1.3573326 1.200042
1.3 1.3 1.0400416 0.74618596 0.63872045 0.8431372549019608 1.4153048 1.1923813
1.4 0.5 1.735855 0.7381896 2.1592734 0.8627450980392157 1.3850776 1.1158558
1.4 0.6 1.4800485 0.7395617 1.6284381 0.8627450980392157 1.4073952 1.033946
1.3 1.2 1.0552056 0.7510667 0.6598602 0.8431372549019608 1.4527065 1.2159667
1.2 4.0 0.90278673 0.7709746 0.36504963 0.8823529411764706 1.2210122 1.09838
1.2 4.25 0.8998199 0.77030635 0.36425674 0.9019607843137255 1.2105211 1.0879989
1.3 2.5 0.91699475 0.76732266 0.39385098 0.8823529411764706 1.24216 1.1595635
1.4 0.8 1.1970385 0.7336875 0.9939996 0.8235294117647058 1.4557137 1.1106513
1.4 0.7 1.2897404 0.73441535 1.1762199 0.8431372549019608 1.4626635 1.0926049
1.4 1.3 1.0134636 0.73736584 0.60022163 0.8627450980392157 1.3715035 1.1567776
1.3 3.75 0.8955191 0.7699246 0.36859402 0.9019607843137255 1.1983067 1.0571979
1.4 1.2 1.0450745 0.741385 0.66178584 0.8431372549019608 1.4155134 1.1422218
1.4 1.0 1.1382389 0.7527926 0.86256665 0.8235294117647058 1.4807067 1.192231
1.4 1.5 0.9776874 0.7592861 0.5071476 0.8627450980392157 1.3317981 1.2583635
1.4 1.1 1.0674037 0.74090254 0.7219156 0.8431372549019608 1.4135731 1.115181
1.4 1.6 0.9667118 0.76072216 0.48942745 0.8627450980392157 1.3061477 1.2576659
1.4 1.8 0.9396085 0.76453084 0.44128883 0.8627450980392157 1.2627584 1.2596753
1.4 3.5 0.8907551 0.7689663 0.3705237 0.9215686274509803 1.1858665 1.0304207
1.3 5.0 0.8873439 0.7672787 0.3657842 0.9215686274509803 1.176444 1.028424
1.4 1.7 0.9554915 0.7654726 0.46832576 0.8627450980392157 1.2959849 1.2820528
1.4 3.25 0.8943682 0.77105284 0.3729076 0.8823529411764706 1.1952511 1.0363934
1.4 2.25 0.9159741 0.7672305 0.4006837 0.8823529411764706 1.2373983 1.1483207
1.4 2.75 0.90103084 0.7687912 0.38022524 0.8823529411764706 1.2089341 1.0761948
1.4 2.0 0.92806894 0.7672605 0.41987246 0.8627450980392157 1.2470858 1.1977301
1.4 2.5 0.9073306 0.768407 0.38564733 0.8823529411764706 1.220543 1.1050274
1.3 1.7 0.9693306 0.7626511 0.48878908 0.8627450980392157 1.3202682 1.2530375
1.4 0.9 1.1527151 0.7239134 0.89646256 0.8235294117647058 1.4520789 1.091101
1.4 1.4 0.9919196 0.74282 0.5496176 0.8627450980392157 1.3480383 1.1733896
1.4 1.9 0.93273234 0.7641053 0.428387 0.8627450980392157 1.2642182 1.2293879
1.4 3.0 0.89650315 0.7686218 0.3750383 0.8823529411764706 1.1972088 1.0573189
1.2 3.0 0.9152424 0.7681225 0.38186014 0.8823529411764706 1.2404038 1.1513689
1.5 0.4 1.8052038 0.7389942 2.335352 0.8627450980392157 1.3616806 1.0764518
1.5 0.6 1.4409184 0.7402416 1.5173023 0.8627450980392157 1.4436116 1.1259961
1.5 0.9 1.1704389 0.73700505 0.94338894 0.8235294117647058 1.4692186 1.1067886
1.5 0.5 1.5020676 0.74133563 1.6770643 0.8627450980392157 1.41821 1.069844
1.5 0.8 1.2122048 0.73476416 1.0097775 0.8235294117647058 1.480074 1.1323988
1.5 1.0 1.0860744 0.7410736 0.77181536 0.8431372549019608 1.4561248 1.1319809
1.5 1.1 1.0431808 0.743713 0.66363 0.8431372549019608 1.4258 1.2097816
1.5 1.5 0.96059084 0.7612457 0.48393157 0.8627450980392157 1.3083138 1.2741903
1.5 1.8 0.9287081 0.7653315 0.42976707 0.8823529411764706 1.2514102 1.2096012
1.5 0.7 1.2453387 0.7381463 1.1061089 0.8431372549019608 1.4623526 1.1189547
1.6 3.75 0.88081026 0.7682406 0.37565076 0.9215686274509803 1.1546828 0.97185194
1.5 2.0 0.9172118 0.7662533 0.4075963 0.8823529411764706 1.2356626 1.1469465
1.6 3.5 0.8801361 0.76788104 0.37399292 0.9215686274509803 1.1588551 0.9753506
1.5 1.2 0.9974971 0.747679 0.57516706 0.8627450980392157 1.3588921 1.1858411
1.4 4.25 0.8856959 0.76867604 0.36893517 0.9215686274509803 1.1714461 1.0096061
1.5 1.9 0.9208641 0.7655399 0.41510564 0.8823529411764706 1.2394387 1.1670899
1.6 4.0 0.8774929 0.7672227 0.37429678 0.9215686274509803 1.1462699 0.9610263
1.5 1.4 0.9762554 0.757422 0.51615626 0.8627450980392157 1.3303779 1.2467885
1.5 1.7 0.9377071 0.76623607 0.43797004 0.8627450980392157 1.278142 1.2529671
1.4 3.75 0.888747 0.7699362 0.3692385 0.9215686274509803 1.1832091 1.0215783
1.4 4.75 0.88173795 0.7669655 0.36915696 0.9215686274509803 1.1615957 0.9973855
1.5 1.6 0.9485645 0.76537025 0.45619798 0.8627450980392157 1.2937297 1.2886124
1.4 4.5 0.8833085 0.7670885 0.36777696 0.9215686274509803 1.1643765 1.000582
1.6 4.75 0.87280804 0.7642676 0.37526986 0.9215686274509803 1.1305686 0.94948214
1.4 5.0 0.8808357 0.7651776 0.36871812 0.9215686274509803 1.1548496 0.9936321
1.5 0.2 2.195411 0.74962616 3.2113054 0.8627450980392157 1.3610191 1.0668371
1.6 0.1 2.2014873 0.7472015 3.2288406 0.8627450980392157 1.370669 1.1036514
1.6 0.05 2.042586 0.74058604 2.8688571 0.8627450980392157 1.366375 1.139491
1.5 0.05 1.7927557 0.74745846 2.3094957 0.8627450980392157 1.4096991 1.0670632
1.5 0.1 2.185331 0.73846704 3.1989703 0.8627450980392157 1.3475431 1.0878934
1.7 1.6 0.9260276 0.76796496 0.42700696 0.8823529411764706 1.2478417 1.193494
1.5 2.75 0.8954546 0.7702273 0.37602082 0.8823529411764706 1.2003343 1.0452623
1.5 2.25 0.906784 0.7700127 0.39021388 0.8627450980392157 1.22363 1.097158
1.7 0.8 1.2003378 0.75340074 0.96780795 0.8235294117647058 1.528397 1.2502383
1.7 0.7 1.2509643 0.7625509 1.0811827 0.8431372549019608 1.5397295 1.2999163
1.5 0.3 2.1976616 0.7398694 3.2116575 0.8627450980392157 1.3520833 1.0826671
1.7 1.7 0.91833335 0.7688705 0.41733783 0.8823529411764706 1.2443002 1.159426
1.6 1.0 1.0890651 0.7466668 0.7686488 0.8431372549019608 1.4605957 1.1876898
1.6 1.2 1.0022258 0.74785113 0.6003506 0.8627450980392157 1.3786167 1.1872358
1.6 1.4 0.96682477 0.76284945 0.49959335 0.8627450980392157 1.3182632 1.2703326
1.6 1.3 0.9800356 0.7626003 0.5258633 0.8627450980392157 1.3503708 1.2928504
1.6 1.7 0.9278243 0.7684581 0.42822126 0.8823529411764706 1.2543626 1.2047441
1.7 1.9 0.90670556 0.7698078 0.40105078 0.8823529411764706 1.2209784 1.0884461
1.7 1.8 0.91488796 0.7691194 0.4090799 0.8823529411764706 1.2294776 1.1337509
1.6 1.8 0.92251104 0.7688389 0.41668805 0.8823529411764706 1.2430514 1.1805637
1.6 0.7 1.3827168 0.73282325 1.3949494 0.8627450980392157 1.4447604 1.1387079
1.6 0.8 1.1355743 0.75307274 0.85416543 0.8235294117647058 1.4821836 1.2157533
1.6 1.6 0.9376392 0.7688323 0.44018796 0.8627450980392157 1.279764 1.2429833
1.6 0.6 1.417147 0.73156905 1.4634156 0.8627450980392157 1.4444908 1.1124139
1.6 1.1 1.0389239 0.7562014 0.65150386 0.8431372549019608 1.4331895 1.2253811
1.4 4.0 0.886975 0.7680671 0.36928904 0.9215686274509803 1.1768279 1.0136864
1.6 4.5 0.8738292 0.7640016 0.37403062 0.9215686274509803 1.1348981 0.95241815
1.5 2.5 0.8994965 0.7690153 0.3815635 0.8823529411764706 1.2040259 1.0645064
1.5 3.75 0.88223505 0.7661741 0.37209076 0.9215686274509803 1.1620849 0.99013555
1.6 2.5 0.8941503 0.7709185 0.37972036 0.8823529411764706 1.1966516 1.0374974
1.6 3.25 0.8833547 0.7693042 0.37372178 0.9215686274509803 1.1670192 0.9890536
1.6 2.75 0.8888047 0.7708013 0.37687132 0.9019607843137255 1.1829907 1.0104796
1.6 4.25 0.8755956 0.76768 0.37373734 0.9215686274509803 1.1423157 0.9576328
1.6 3.0 0.8856624 0.76915205 0.37433422 0.9215686274509803 1.1754571 1.0003942
1.7 0.1 1.989048 0.74999774 2.7610588 0.8627450980392157 1.3778561 1.0941486
1.5 4.25 0.87909436 0.7670516 0.3709613 0.9215686274509803 1.1531307 0.97839475
1.7 1.5 0.93721086 0.76611763 0.44630507 0.8823529411764706 1.2693533 1.2484636
1.5 3.0 0.891037 0.7705571 0.3737921 0.8823529411764706 1.1907223 1.0249703
1.5 5.0 0.8756899 0.7635911 0.37371182 0.9215686274509803 1.138523 0.96756834
1.6 0.2 1.9192896 0.74660337 2.604055 0.8627450980392157 1.3737055 1.0386078
1.6 0.9 1.123345 0.7271224 0.85389525 0.8235294117647058 1.4650544 1.1321812
1.5 1.3 0.99874306 0.7558904 0.5608644 0.8627450980392157 1.3673363 1.2446963
1.5 3.25 0.88684577 0.768075 0.37279963 0.9215686274509803 1.1740357 1.0092599
1.6 2.0 0.90993184 0.7708341 0.4009643 0.8823529411764706 1.2214949 1.1075615
1.6 2.25 0.8992885 0.77022386 0.38902372 0.8823529411764706 1.2009472 1.0620419
1.7 1.4 0.95353484 0.7661383 0.47575822 0.8627450980392157 1.3123512 1.2978355
1.7 0.9 1.131314 0.7471881 0.8472756 0.8235294117647058 1.4993658 1.2569366
1.7 1.0 1.0582436 0.7571433 0.7089323 0.8431372549019608 1.4468406 1.2139179
1.7 1.2 0.98526007 0.7553482 0.5433056 0.8627450980392157 1.3619875 1.2885292
1.5 3.5 0.884851 0.768139 0.37243748 0.9215686274509803 1.1682717 1.000582
1.7 1.1 1.0208913 0.76670074 0.6189907 0.8627450980392157 1.4207935 1.2858859
1.7 0.3 1.6161786 0.7442234 1.9311975 0.8627450980392157 1.4296316 1.099313
1.7 0.4 1.4281217 0.74261224 1.507039 0.8627450980392157 1.4511806 1.0921713
1.6 5.0 0.8720326 0.7631214 0.37630183 0.9215686274509803 1.126851 0.9473859
1.7 0.2 1.8238908 0.7426121 2.4058032 0.8627450980392157 1.3637724 1.0248293
1.7 0.5 1.3637708 0.73105025 1.3576767 0.8627450980392157 1.4566075 1.1076751
1.5 4.5 0.87833387 0.7660146 0.37164336 0.9215686274509803 1.1488651 0.9767126
1.7 0.05 1.7316118 0.74333835 2.1774654 0.8627450980392157 1.4178594 1.1332395
1.7 1.3 0.96422595 0.7585968 0.51379347 0.8627450980392157 1.3198313 1.2529132
1.8 2.0 0.89681745 0.7704331 0.38913366 0.8823529411764706 1.1957165 1.0455447
1.6 0.3 1.7942985 0.7421403 2.3336112 0.8627450980392157 1.3760022 1.0278555
1.7 0.6 1.4321738 0.738639 1.4634274 0.8627450980392157 1.5061613 1.249794
1.8 0.1 1.8118534 0.74930155 2.3624449 0.8627450980392157 1.4126034 1.1038737
1.8 1.3 0.9525087 0.75954974 0.4864968 0.8823529411764706 1.2913815 1.2513301
1.5 4.75 0.8772896 0.7643704 0.3737391 0.9215686274509803 1.143031 0.97181153
1.5 4.0 0.8806744 0.76582944 0.37198278 0.9215686274509803 1.1579922 0.98400426
1.8 2.75 0.8811059 0.77065396 0.37740692 0.9215686274509803 1.162317 0.97080004
1.6 0.4 1.5045003 0.7442708 1.6822076 0.8627450980392157 1.4372915 1.0488877
1.6 1.9 0.9139314 0.76957756 0.40844363 0.8823529411764706 1.2234308 1.1277118
1.8 2.5 0.88412505 0.7699353 0.37855786 0.9215686274509803 1.1662118 0.98179126
1.8 1.7 0.91096354 0.7699232 0.40880546 0.8823529411764706 1.2283956 1.1156973
1.8 0.2 1.5256857 0.7501143 1.7177868 0.8627450980392157 1.4712744 1.1030968
1.8 1.2 0.9659787 0.76290333 0.52496177 0.8627450980392157 1.3210689 1.2196388
1.8 4.75 0.86721325 0.7632032 0.3809102 0.9215686274509803 1.1102804 0.92324376
1.8 4.5 0.86739916 0.76202023 0.3798811 0.9215686274509803 1.1141263 0.9263917
1.6 0.5 1.6461421 0.74143064 1.9800131 0.8627450980392157 1.4368434 1.1121482
1.7 3.5 0.8766716 0.76752895 0.37561786 0.9215686274509803 1.1459934 0.95648384
1.8 0.3 1.4726453 0.74361026 1.6148237 0.8627450980392157 1.4525212 1.1253008
1.8 3.25 0.87407285 0.76575756 0.37733772 0.9215686274509803 1.1385528 0.9499786
1.8 5.0 0.86648154 0.76166826 0.38092795 0.9215686274509803 1.1094651 0.9213747
1.8 3.75 0.8717827 0.7663691 0.3780039 0.9215686274509803 1.129288 0.93554616
1.8 3.0 0.8781798 0.7695236 0.37712148 0.9215686274509803 1.15238 0.96040154
1.8 3.5 0.87398535 0.76627827 0.37709212 0.9215686274509803 1.1380824 0.94277763
1.7 3.0 0.8817892 0.770092 0.3757543 0.9215686274509803 1.1622599 0.97743726
1.7 2.5 0.88796836 0.77018416 0.3775403 0.9019607843137255 1.1813394 1.0086238
1.9 0.05 1.4994944 0.738903 1.6793813 0.8627450980392157 1.4184977 1.0725319
1.7 3.25 0.87905055 0.7674519 0.3755355 0.9215686274509803 1.1550545 0.97169125
1.7 2.75 0.88378507 0.77132595 0.37598693 0.9215686274509803 1.1708347 0.98444664
1.7 2.25 0.89536864 0.77167726 0.38405675 0.8823529411764706 1.1965188 1.0393933
1.7 2.0 0.90229225 0.7702209 0.39541778 0.8823529411764706 1.2070541 1.0737848
1.7 3.75 0.8752753 0.7673234 0.37486675 0.9215686274509803 1.1431732 0.95220995
1.8 1.9 0.89981395 0.7702146 0.39430058 0.8823529411764706 1.1987414 1.0598737
1.7 4.75 0.8699577 0.76452106 0.3785784 0.9215686274509803 1.1189479 0.9339874
1.9 0.2 1.4144281 0.74124324 1.4926996 0.8627450980392157 1.475716 1.0942988
1.7 4.5 0.8709448 0.7631173 0.37809792 0.9215686274509803 1.1240715 0.939113
1.8 4.25 0.86981344 0.7651844 0.3793966 0.9215686274509803 1.1218863 0.92924905
1.6 1.5 0.94910336 0.76565915 0.46336728 0.8627450980392157 1.2951385 1.2903832
1.7 4.25 0.8724033 0.7664646 0.37590685 0.9215686274509803 1.1316309 0.94232136
1.8 4.0 0.87088233 0.7652253 0.37879014 0.9215686274509803 1.1271263 0.93357635
1.7 4.0 0.8750003 0.7657578 0.3789544 0.9215686274509803 1.1360058 0.94918436
1.9 1.7 0.90423936 0.770947 0.40283036 0.8823529411764706 1.2087286 1.0848064
1.8 0.05 1.6352892 0.74430823 1.9732348 0.8627450980392157 1.43093 1.0869188
1.8 0.9 1.1008748 0.7585155 0.79668546 0.8235294117647058 1.4913927 1.2566072
1.9 1.8 0.8991645 0.7714734 0.39481142 0.8823529411764706 1.2011374 1.064116
1.8 0.8 1.1228629 0.7496434 0.8197083 0.8235294117647058 1.4789227 1.2105646
1.9 0.3 1.5120611 0.75267047 1.6896961 0.8627450980392157 1.4856268 1.1455082
1.8 0.6 1.2688237 0.7375409 1.1412431 0.8431372549019608 1.5160643 1.1697326
1.9 0.4 1.3798275 0.73416734 1.4054302 0.8627450980392157 1.467518 1.1579014
1.9 1.2 0.9605542 0.76813626 0.50922877 0.8627450980392157 1.3266386 1.2991115
1.9 1.5 0.9187734 0.77018124 0.4237736 0.8823529411764706 1.2420293 1.1572806
1.8 0.7 1.1985716 0.74824566 0.9997853 0.8235294117647058 1.5173578 1.2039078
1.9 1.1 0.9874925 0.7671373 0.55547833 0.8627450980392157 1.3846253 1.3355455
1.9 0.6 1.2327265 0.7384798 1.07316 0.8235294117647058 1.5135688 1.2053375
1.9 1.6 0.910311 0.7706166 0.41169235 0.8823529411764706 1.2206343 1.112732
1.9 0.8 1.1087145 0.73759604 0.8293527 0.8235294117647058 1.4531499 1.1738284
1.9 0.7 1.1363548 0.74910384 0.87770295 0.8235294117647058 1.5001932 1.1844745
1.9 0.9 1.0613937 0.75299805 0.7205159 0.8431372549019608 1.4572471 1.2515085
1.7 5.0 0.86902004 0.76346946 0.37810704 0.9215686274509803 1.1168969 0.93130213
1.9 1.0 1.0127038 0.7556532 0.6194258 0.8627450980392157 1.4036075 1.2167485
1.9 0.5 1.3313795 0.7535558 1.2612786 0.8627450980392157 1.530087 1.2814822
1.9 4.25 0.86777097 0.76421463 0.38172305 0.9215686274509803 1.1136287 0.9210024
1.9 3.75 0.8693333 0.76560354 0.3791977 0.9215686274509803 1.1219621 0.9276842
1.9 4.0 0.86808425 0.76465565 0.380199 0.9215686274509803 1.1182066 0.9236939
1.9 1.4 0.9314174 0.770194 0.44045594 0.8823529411764706 1.2644988 1.2286975
1.9 3.5 0.8708544 0.7665895 0.37867597 0.9215686274509803 1.1282976 0.93021274
2.0 0.2 1.5085105 0.73981345 1.6948904 0.8627450980392157 1.4435949 1.0780386
2.0 0.5 1.2795104 0.7345246 1.1977988 0.8627450980392157 1.4874753 1.1279259
2.0 0.3 1.3163954 0.73663306 1.2669604 0.8627450980392157 1.5063962 1.1362841
1.9 1.3 0.9444395 0.76882553 0.4630943 0.8627450980392157 1.3021004 1.3205853
1.9 4.5 0.86569333 0.7624626 0.38218415 0.9215686274509803 1.1061668 0.9169339
1.9 5.0 0.86411506 0.7613483 0.3825184 0.9215686274509803 1.1009542 0.9126884
2.0 0.4 1.312106 0.7406128 1.2436717 0.8627450980392157 1.4796776 1.167947
1.9 2.5 0.8800997 0.770784 0.3791173 0.9215686274509803 1.1592256 0.96480656
2.0 1.5 0.9118395 0.7710438 0.41568142 0.8823529411764706 1.2260245 1.1243565
2.0 2.75 0.87443453 0.76934016 0.37905255 0.9215686274509803 1.1408015 0.93913996
2.0 1.6 0.9044722 0.7710042 0.40478006 0.8823529411764706 1.2102731 1.0862856
2.0 1.4 0.92112464 0.7704885 0.4291938 0.8823529411764706 1.2383183 1.1719426
2.0 3.0 0.8720081 0.7677116 0.3794933 0.9215686274509803 1.1330656 0.93109787
2.0 1.3 0.9344714 0.7704598 0.45354617 0.8823529411764706 1.2743106 1.2447715
1.9 2.75 0.87729067 0.76977956 0.3776609 0.9215686274509803 1.1486704 0.9522795
2.0 2.0 0.8866987 0.77158916 0.38549826 0.9019607843137255 1.178566 0.9979179
2.0 0.6 1.2690388 0.7485069 1.1652075 0.8627450980392157 1.4813976 1.1666754
2.0 3.25 0.86950874 0.7662887 0.38003573 0.9215686274509803 1.1252013 0.92617965
2.0 3.5 0.86842823 0.7661625 0.38121194 0.9215686274509803 1.1180446 0.91825473
2.0 0.7 1.157484 0.75666296 0.9079454 0.8235294117647058 1.532062 1.2933242
2.0 1.9 0.8887921 0.77009594 0.38696358 0.9019607843137255 1.1795102 1.0151132
1.9 3.25 0.8732319 0.76777667 0.377828 0.9215686274509803 1.138548 0.93761104
1.9 3.0 0.8743081 0.7673606 0.37825477 0.9215686274509803 1.1386269 0.9429474
2.0 1.8 0.8935104 0.7721557 0.39166972 0.9019607843137255 1.1874565 1.0310178
2.0 4.25 0.8650127 0.7627664 0.3829011 0.9215686274509803 1.105502 0.9116437
2.0 2.5 0.8777454 0.7707965 0.37899944 0.9215686274509803 1.1499208 0.94921494
1.9 2.0 0.8902221 0.7706566 0.38613644 0.9019607843137255 1.1796101 1.0098653
1.9 1.9 0.89444774 0.7702471 0.3900678 0.9019607843137255 1.1882786 1.0354092
2.0 2.25 0.8807845 0.7702484 0.3806326 0.9215686274509803 1.1632234 0.9703395
2.0 4.0 0.86602575 0.7642697 0.38227803 0.9215686274509803 1.1092967 0.9159097
2.25 0.2 1.3186846 0.7511941 1.270516 0.8627450980392157 1.5184399 1.2087733
2.25 0.1 1.449287 0.73394084 1.5442872 0.8627450980392157 1.4674354 1.174735
1.8 2.25 0.8888294 0.7724408 0.38197014 0.9019607843137255 1.181099 1.0068555
2.25 0.5 1.226933 0.76293695 1.0611368 0.8431372549019608 1.5206958 1.2564756
2.0 0.1 1.4220567 0.74974936 1.489462 0.8627450980392157 1.4907647 1.1531358
2.25 0.05 1.3028643 0.74939513 1.2182317 0.8627450980392157 1.5128647 1.2360783
2.0 4.75 0.8621041 0.7599933 0.38412225 0.9215686274509803 1.0953496 0.907642
2.25 0.3 1.3376175 0.7334833 1.3270336 0.8627450980392157 1.4630793 1.1509539
2.0 0.05 1.5103048 0.7448845 1.6903363 0.8627450980392157 1.4784998 1.1087644
2.0 5.0 0.8621432 0.7605485 0.3853768 0.9215686274509803 1.0939587 0.9060639
2.0 1.2 0.94394237 0.7541456 0.4859352 0.8823529411764706 1.2811724 1.2532113
2.25 0.9 0.9887859 0.7502351 0.5766893 0.8627450980392157 1.3596388 1.2501191
1.9 0.1 1.743162 0.7482338 2.2154322 0.8627450980392157 1.4254113 1.0895908
2.25 0.8 1.0328652 0.7735804 0.63970137 0.8627450980392157 1.4716505 1.3829877
2.0 4.5 0.863846 0.76248604 0.38327426 0.9215686274509803 1.100797 0.9090167
2.25 4.5 0.8594523 0.7586322 0.38646334 0.9215686274509803 1.086884 0.8983652
2.25 1.1 0.9401309 0.77334243 0.47286776 0.8823529411764706 1.2957759 1.2796478
2.25 1.0 0.9634724 0.7607162 0.51603186 0.8627450980392157 1.3357202 1.3171022
2.25 3.5 0.8639202 0.7633352 0.38413033 0.9215686274509803 1.1058656 0.904848
2.25 1.3 0.9151613 0.77471673 0.42343324 0.8823529411764706 1.2408175 1.1390009
1.8 0.4 1.4962525 0.74593186 1.6540663 0.8627450980392157 1.4338576 1.0957534
2.25 4.75 0.86010057 0.7598813 0.38879907 0.9215686274509803 1.0850352 0.89825344
2.25 3.75 0.8627322 0.7631203 0.384716 0.9215686274509803 1.0997556 0.9027335
2.25 5.0 0.8578214 0.75814456 0.38687813 0.9215686274509803 1.0828757 0.8976199
2.25 1.5 0.8949675 0.7702675 0.40035838 0.9019607843137255 1.1868644 1.0386307
2.25 0.6 1.0903794 0.7271081 0.8102363 0.8235294117647058 1.454567 1.1223674
2.25 1.2 0.92735314 0.77324235 0.4407201 0.8823529411764706 1.2666692 1.220177
2.25 0.7 1.0831915 0.7605641 0.7512341 0.8431372549019608 1.4807438 1.3198237
2.25 1.4 0.90521365 0.7730305 0.41232842 0.9019607843137255 1.2106997 1.0868245
2.25 1.8 0.8824594 0.77116597 0.38672197 0.9019607843137255 1.1629734 0.97673076
2.25 1.9 0.8793576 0.7684692 0.38478097 0.9019607843137255 1.155223 0.96549296
2.25 2.5 0.87135196 0.7668792 0.38170955 0.9215686274509803 1.1306487 0.9294075
2.25 2.25 0.87387776 0.76819634 0.38245082 0.9215686274509803 1.1381112 0.93779135
2.25 1.7 0.886425 0.76957077 0.38974452 0.9019607843137255 1.1706675 1.00222
2.25 2.75 0.86935633 0.7681028 0.38193685 0.9215686274509803 1.1246923 0.9172021
2.25 2.0 0.87847906 0.76940155 0.38359213 0.9215686274509803 1.1517609 0.9575341
2.25 1.6 0.89110255 0.7721336 0.3930083 0.9019607843137255 1.1816636 1.0225732
2.5 0.05 1.4197063 0.7333652 1.4940097 0.8627450980392157 1.4750496 1.1890943
2.25 4.25 0.8601511 0.75909823 0.38632444 0.9215686274509803 1.0876082 0.8997774
1.9 2.25 0.88364244 0.7708514 0.381694 0.9019607843137255 1.1654103 0.9834899
2.5 1.8 0.8764289 0.7706622 0.38478634 0.9215686274509803 1.145529 0.947053
2.0 0.8 1.0754901 0.7364713 0.75280243 0.8431372549019608 1.4440123 1.1693726
2.5 1.5 0.8859031 0.770771 0.3925124 0.9019607843137255 1.1682 0.99889684
2.25 4.0 0.86121756 0.7600415 0.38575363 0.9215686274509803 1.0935248 0.90142995
2.5 1.6 0.88200134 0.770874 0.38880464 0.9019607843137255 1.1604637 0.97919273
2.0 1.0 0.99255174 0.75828075 0.5693984 0.8627450980392157 1.397128 1.3001533
2.5 1.7 0.8787301 0.7691164 0.38684416 0.9019607843137255 1.1500834 0.9637418
2.0 1.7 0.8981004 0.7706045 0.39676014 0.9019607843137255 1.1956786 1.0510286
2.0 1.1 0.96608096 0.76202923 0.51777065 0.8627450980392157 1.3446344 1.3131084
2.0 0.9 1.0324556 0.7569033 0.65439546 0.8431372549019608 1.4373875 1.3065782
2.5 3.75 0.8588379 0.7587884 0.3876863 0.9215686274509803 1.0871083 0.89884603
2.5 4.0 0.85841316 0.75869876 0.38813862 0.9215686274509803 1.083043 0.8975872
1.9 4.75 0.86495537 0.76287234 0.3826897 0.9215686274509803 1.1028408 0.9140706
2.25 3.0 0.86693597 0.76576215 0.38250288 0.9215686274509803 1.1168905 0.9119452
2.5 0.4 1.1850852 0.7514541 1.0327554 0.8431372549019608 1.4925226 1.2246501
2.5 0.3 1.2778554 0.7491008 1.1711166 0.8627450980392157 1.53489 1.345945
2.5 0.6 1.0988983 0.7578108 0.79464525 0.8235294117647058 1.4927517 1.3026723
2.5 0.2 1.2614094 0.7311963 1.1623808 0.8627450980392157 1.4982481 1.1661144
2.5 0.5 1.1189831 0.73945236 0.8536214 0.8235294117647058 1.4832546 1.2230947
2.5 0.7 1.0427715 0.75948954 0.6890086 0.8431372549019608 1.4380969 1.2941444
2.25 0.4 1.267665 0.7547076 1.1328478 0.8627450980392157 1.5159764 1.2883158
2.5 0.1 1.343122 0.72592247 1.3442396 0.8627450980392157 1.4535664 1.1037649
2.25 3.25 0.86527324 0.7651283 0.38348237 0.9215686274509803 1.109043 0.9093362
2.0 3.75 0.86689734 0.7650095 0.38166183 0.9215686274509803 1.1140139 0.91869086
2.5 1.0 0.9381508 0.7773006 0.46609473 0.8823529411764706 1.3006216 1.2813044
2.5 1.2 0.9043481 0.77401006 0.4135544 0.9019607843137255 1.2169311 1.0942324
2.5 1.3 0.8930997 0.7712754 0.41079646 0.9019607843137255 1.1846913 1.02887
2.5 1.1 0.91512156 0.76827705 0.44223586 0.8823529411764706 1.2406718 1.1751293
2.5 2.0 0.87188834 0.76731074 0.38424462 0.9215686274509803 1.1332754 0.92834973
2.75 0.4 1.1426384 0.7562227 0.9015609 0.8235294117647058 1.492721 1.2769959
2.5 0.9 0.95097834 0.7484336 0.52821803 0.8823529411764706 1.288611 1.1916308
2.5 1.9 0.87441224 0.76935065 0.38457555 0.9215686274509803 1.1385558 0.9361838
2.5 4.5 0.8573143 0.75918067 0.38821054 0.9215686274509803 1.0788258 0.89351535
2.5 2.25 0.8694725 0.76616675 0.383448 0.9215686274509803 1.1238621 0.9191799
2.5 4.25 0.85837275 0.75879866 0.3885117 0.9215686274509803 1.0813148 0.894364
2.5 0.8 0.98854536 0.76335824 0.57266897 0.8627450980392157 1.3826901 1.3152859
2.5 3.25 0.86224264 0.76282024 0.3865891 0.9215686274509803 1.0977881 0.90146863
2.5 1.4 0.8905931 0.77086514 0.39783147 0.9019607843137255 1.1791542 1.0201904
2.75 1.3 0.8918152 0.78222513 0.394719 0.9019607843137255 1.1999193 1.0068369
2.75 1.1 0.90060544 0.76244897 0.4238083 0.9019607843137255 1.2163801 1.118123
3.0 1.9 0.8678749 0.76757455 0.38552704 0.9215686274509803 1.1161524 0.9137313
3.0 1.8 0.8681955 0.7648183 0.38542086 0.9215686274509803 1.1165361 0.91883683
2.75 1.7 0.8740475 0.7693318 0.38555813 0.9215686274509803 1.1378003 0.9401389
2.75 1.2 0.8978429 0.7791344 0.4062353 0.9019607843137255 1.2200527 1.0486174
2.75 1.4 0.88297606 0.771389 0.39404672 0.9019607843137255 1.157597 0.9807969
3.0 1.7 0.87004 0.76631725 0.38556424 0.9215686274509803 1.1243955 0.9242025
2.75 2.5 0.8644758 0.7650127 0.38537776 0.9215686274509803 1.1088778 0.90498173
2.75 1.9 0.87053996 0.76790214 0.38501734 0.9215686274509803 1.124453 0.9194415
2.75 3.0 0.86109066 0.76235205 0.38767242 0.9215686274509803 1.0949484 0.90094364
2.75 1.0 0.9117487 0.75164723 0.4406774 0.9019607843137255 1.207537 1.1873683
2.5 2.5 0.8672406 0.76705587 0.38389343 0.9215686274509803 1.1174532 0.90931046
2.5 2.75 0.86521363 0.76447153 0.3840265 0.9215686274509803 1.1094912 0.90462106
2.75 2.0 0.86921805 0.7675097 0.38603655 0.9215686274509803 1.1198734 0.9160372
2.5 3.0 0.8631564 0.7627834 0.3855883 0.9215686274509803 1.1021498 0.90280664
2.75 1.8 0.87130827 0.7678486 0.38511837 0.9215686274509803 1.1273893 0.92800486
2.75 0.9 0.9389387 0.771836 0.46877542 0.8823529411764706 1.292689 1.3071764
2.75 2.75 0.862447 0.76338935 0.38696873 0.9215686274509803 1.0985562 0.90228045
2.75 2.25 0.86642027 0.7670802 0.38507777 0.9215686274509803 1.1138815 0.91007864
2.75 0.8 0.96485156 0.75940776 0.5394302 0.8823529411764706 1.3157629 1.2640762
3.0 0.1 1.2083739 0.73260975 1.0825328 0.8235294117647058 1.4672967 1.1791397
3.0 0.9 0.91724634 0.76229227 0.4520575 0.9019607843137255 1.2418636 1.2115318
2.75 0.3 1.212539 0.73856544 1.0722433 0.8235294117647058 1.4663054 1.1700743
2.75 0.2 1.2614901 0.74093443 1.1811458 0.8627450980392157 1.4569812 1.1812108
3.0 1.0 0.90089184 0.75929445 0.4209597 0.9019607843137255 1.195741 1.1175687
3.0 1.6 0.8714102 0.7668573 0.3864375 0.9215686274509803 1.1274015 0.93032014
2.75 0.6 1.0293812 0.7630378 0.67219824 0.8431372549019608 1.4303876 1.2933741
2.5 5.0 0.85605645 0.75845826 0.38881785 0.9215686274509803 1.0758795 0.89241314
3.25 1.4 0.87230754 0.76872694 0.38765594 0.9215686274509803 1.1302468 0.9370654
3.25 1.5 0.87130815 0.76689625 0.3865426 0.9215686274509803 1.1254318 0.92909217
2.75 0.1 1.2917696 0.7512071 1.2264876 0.8627450980392157 1.4948505 1.2192471
3.0 1.5 0.8738331 0.7667358 0.387417 0.9215686274509803 1.1337279 0.9418878
3.25 3.25 0.85683274 0.7591928 0.39022323 0.9215686274509803 1.0826828 0.8957767
3.0 1.4 0.8778774 0.7689887 0.3900058 0.9019607843137255 1.1418322 0.9605624
3.0 0.05 1.2062949 0.73225343 1.0459713 0.8431372549019608 1.4927183 1.2124782
2.75 5.0 0.8545084 0.75732905 0.39034092 0.9215686274509803 1.0732383 0.8930265
3.0 1.2 0.88760215 0.7750961 0.3976229 0.9019607843137255 1.1752357 0.99823624
3.0 1.3 0.8824646 0.7730361 0.39300168 0.9019607843137255 1.1677545 0.9804976
3.0 2.0 0.8661359 0.76523674 0.3868055 0.9215686274509803 1.1121097 0.91011655
2.75 4.5 0.8562456 0.7586144 0.39069712 0.9215686274509803 1.0742835 0.8921156
3.0 3.25 0.85751444 0.7583064 0.3894147 0.9215686274509803 1.0847784 0.897308
3.0 0.7 0.9537336 0.7660372 0.51467407 0.8823529411764706 1.324299 1.3075647
2.75 1.6 0.8761123 0.76927364 0.38650024 0.9215686274509803 1.1430641 0.9491309
2.75 0.05 1.1848809 0.7277837 1.0055883 0.8431372549019608 1.4699278 1.155111
2.75 0.5 1.0807849 0.7472215 0.7765791 0.8431372549019608 1.45572 1.2415636
3.25 4.5 0.8535817 0.756564 0.39156675 0.9215686274509803 1.0710672 0.8947897
3.0 4.0 0.8557368 0.75808847 0.39041734 0.9215686274509803 1.0780073 0.894348
3.0 3.75 0.85587126 0.7567935 0.39059556 0.9215686274509803 1.076794 0.8948612
3.0 4.25 0.85467654 0.7562392 0.39096144 0.9215686274509803 1.0736452 0.8931618
3.0 3.5 0.856328 0.7574192 0.3906011 0.9215686274509803 1.0781153 0.89621365
3.25 0.6 0.9688181 0.76515114 0.5576807 0.8823529411764706 1.3332334 1.2821915
2.75 1.5 0.8781335 0.7682389 0.38886434 0.9019607843137255 1.1475872 0.9665237
2.75 0.7 0.9913478 0.7645693 0.58485126 0.8627450980392157 1.3842382 1.3359342
3.25 4.75 0.8531535 0.75577164 0.3917845 0.9215686274509803 1.0692202 0.89464605
2.75 3.5 0.8577501 0.75877917 0.38836977 0.9215686274509803 1.0832752 0.8938474
3.25 5.0 0.8525753 0.7569264 0.3920481 0.9215686274509803 1.068767 0.89515054
3.25 4.25 0.8537597 0.75635624 0.39191827 0.9215686274509803 1.0706649 0.8948132
3.0 0.8 2.2483644 0.97214985 2.9007123 0.8823529411764706 1.3261226 1.292298
3.5 0.2 1.0909293 0.7570306 0.81404406 0.8235294117647058 1.4744257 1.2494508
3.0 4.5 0.8545583 0.75686157 0.3910746 0.9215686274509803 1.0729433 0.8929335
3.25 0.5 1.013799 0.76545405 0.6236429 0.8627450980392157 1.4123029 1.3492996
3.5 0.1 1.1313335 0.7457477 0.88582414 0.8235294117647058 1.4890146 1.3447044
3.0 0.6 0.9976778 0.76250803 0.60152924 0.8627450980392157 1.3896393 1.3169379
3.0 0.5 1.0307384 0.7484418 0.6922682 0.8431372549019608 1.3937463 1.2010615
3.5 0.05 1.1247758 0.7515284 0.8943423 0.8235294117647058 1.4597956 1.2401103
3.25 3.0 0.8572953 0.7593831 0.39019325 0.9215686274509803 1.0827008 0.89647627
3.0 3.0 0.8590811 0.76005626 0.3883766 0.9215686274509803 1.0876299 0.89826214
3.0 0.4 1.0638247 0.7658044 0.741566 0.8431372549019608 1.4594197 1.3008846
2.75 4.25 0.8561922 0.7594175 0.38908547 0.9215686274509803 1.0775217 0.8922894
2.75 3.75 0.85665554 0.75825757 0.3887792 0.9215686274509803 1.0778245 0.8936499
3.5 1.1 0.87657434 0.7663643 0.39312497 0.9019607843137255 1.1485294 0.9782116
3.25 0.3 1.0877422 0.7617842 0.79835844 0.8235294117647058 1.4809895 1.2744441
3.25 0.4 1.0502168 0.7443297 0.74305326 0.8431372549019608 1.4037651 1.1742973
3.5 1.0 0.885736 0.7743473 0.40230978 0.9019607843137255 1.1734631 1.0047929
3.0 0.3 1.1516433 0.7415458 0.94928825 0.8235294117647058 1.4699622 1.2042816
2.75 4.75 0.855485 0.7587278 0.38930562 0.9215686274509803 1.0738262 0.8913738
3.0 0.2 1.1964407 0.7285509 1.052018 0.8431372549019608 1.4467489 1.1392218
3.5 2.0 0.8618298 0.76122415 0.3888781 0.9215686274509803 1.0958194 0.90326
3.5 1.8 0.8629679 0.7624531 0.38693753 0.9215686274509803 1.1003677 0.9078952
2.75 4.0 0.8562121 0.7582573 0.38894033 0.9215686274509803 1.077537 0.89325196
3.5 2.25 0.8604445 0.7624198 0.3888769 0.9215686274509803 1.0948085 0.90007627
3.5 2.5 0.85883254 0.761169 0.38975558 0.9215686274509803 1.0871028 0.8977871
3.5 1.7 0.8643759 0.7629843 0.38671714 0.9215686274509803 1.1038648 0.9120063
3.5 1.9 0.862145 0.76208174 0.38749957 0.9215686274509803 1.0991184 0.9057363
3.5 1.6 0.86584586 0.76418257 0.38674822 0.9215686274509803 1.1084093 0.9147682
3.25 4.0 0.85532117 0.758124 0.39123318 0.9215686274509803 1.0752339 0.89515364
3.5 4.25 0.85322857 0.7556663 0.39221355 0.9215686274509803 1.0707139 0.89823335
3.5 4.75 0.85333246 0.75768137 0.3922517 0.9215686274509803 1.0707163 0.8983462
3.25 3.75 0.8547023 0.7561084 0.39046234 0.9215686274509803 1.0748726 0.89551675
3.5 4.5 0.8531444 0.75655735 0.39228827 0.9215686274509803 1.0699111 0.8977204
3.0 1.1 0.8908107 0.76220834 0.40947372 0.9019607843137255 1.1749023 1.0497113
3.5 5.0 0.85271734 0.75690526 0.39229983 0.9215686274509803 1.068765 0.896831
3.75 0.9 0.88815063 0.7755999 0.40189013 0.9019607843137255 1.1856266 1.0230415
3.0 2.5 0.8616734 0.76227325 0.3870049 0.9215686274509803 1.0971359 0.8994831
3.0 2.25 0.86436373 0.7654021 0.3858163 0.9215686274509803 1.1051687 0.901934
3.75 0.3 1.0116051 0.7454692 0.65886027 0.8823529411764706 1.3713093 1.2163489
3.75 0.5 0.9552498 0.77941114 0.5255702 0.8823529411764706 1.3369526 1.2675014
3.75 0.7 0.9117443 0.77854407 0.440751 0.9019607843137255 1.2514237 1.159652
3.75 0.8 0.8899631 0.7506737 0.42288998 0.9019607843137255 1.1780915 1.0818577
3.75 1.7 0.8636772 0.7627451 0.38800156 0.9215686274509803 1.101353 0.90675974
3.25 1.3 0.8758734 0.7680481 0.3893777 0.9019607843137255 1.1386315 0.9508605
3.75 0.2 1.0437702 0.745741 0.71655315 0.8431372549019608 1.4217272 1.2564089
3.75 0.4 0.95973825 0.74676853 0.5877795 0.9019607843137255 1.3097798 1.216658
3.75 1.5 0.8652273 0.764109 0.3877391 0.9215686274509803 1.1091974 0.91513634
3.75 1.6 0.8654027 0.76689947 0.38781133 0.9215686274509803 1.1101019 0.9108155
3.75 0.6 0.9291394 0.7670785 0.4830896 0.9019607843137255 1.260877 1.2429172
3.25 1.1 0.87723374 0.7528867 0.4004851 0.9019607843137255 1.1419535 1.0036522
3.75 1.4 0.8687841 0.77023375 0.3868265 0.9215686274509803 1.1258577 0.92065537
3.25 2.75 0.8587077 0.7603158 0.3894293 0.9215686274509803 1.0888051 0.89720786
3.5 1.4 0.8705923 0.76781094 0.38712543 0.9215686274509803 1.1245145 0.928087
3.5 1.2 0.8800094 0.7842866 0.38917312 0.9019607843137255 1.1702642 0.9562622
3.5 1.5 0.86820096 0.7681806 0.38651043 0.9215686274509803 1.1172704 0.92193216
3.75 1.9 0.8619874 0.76155794 0.38790983 0.9215686274509803 1.096305 0.9028789
3.25 1.0 0.8890982 0.7678467 0.40861577 0.9019607843137255 1.1757134 1.0350995
3.75 1.8 0.86266273 0.7621287 0.3884637 0.9215686274509803 1.0959185 0.9054063
3.25 0.7 0.939477 0.7588494 0.490164 0.9019607843137255 1.2771811 1.2935232
3.5 0.3 1.0544411 0.74474084 0.73127854 0.8431372549019608 1.42458 1.2612478
3.25 1.2 0.8794319 0.7689922 0.39196235 0.9019607843137255 1.1503044 0.9708094
3.75 4.25 0.8533413 0.75745285 0.39217195 0.9215686274509803 1.0720541 0.9006357
3.25 2.5 0.8600645 0.7622138 0.38892058 0.9215686274509803 1.0885768 0.8969103
3.25 1.7 0.8661534 0.76472366 0.3860647 0.9215686274509803 1.1108819 0.9135482
3.25 0.8 0.92068833 0.77406865 0.4510374 0.9019607843137255 1.2652956 1.2187678
3.5 1.3 0.87198704 0.76664484 0.38731956 0.9215686274509803 1.128888 0.93520784
3.0 4.75 0.85464764 0.7574078 0.39145005 0.9215686274509803 1.0711614 0.8925203
3.75 3.5 0.8540217 0.7558581 0.3917697 0.9215686274509803 1.074706 0.8985098
3.75 4.0 0.8533055 0.7553914 0.3924352 0.9215686274509803 1.0691457 0.8989139
3.25 0.9 0.90693885 0.77548647 0.42203674 0.9019607843137255 1.2292843 1.1238014
3.75 3.75 0.85325843 0.75533825 0.39222944 0.9215686274509803 1.0709788 0.89857376
3.25 1.8 0.86521864 0.7635249 0.38709897 0.9215686274509803 1.1052929 0.9076897
3.75 3.0 0.8559158 0.7590021 0.39101353 0.9215686274509803 1.0810924 0.8984792
3.5 2.75 0.85732824 0.7596369 0.39056 0.9215686274509803 1.0839474 0.89699495
3.75 2.75 0.856559 0.7589921 0.39105737 0.9215686274509803 1.0821904 0.89790267
3.25 1.6 0.86822826 0.7664928 0.38639304 0.9215686274509803 1.1177248 0.91772
3.25 1.9 0.8640875 0.7629135 0.38686502 0.9215686274509803 1.1025387 0.90400076
3.75 1.2 0.8706623 0.7697676 0.38831007 0.9215686274509803 1.1329659 0.9404777
3.75 3.25 0.8552123 0.75818074 0.39161107 0.9215686274509803 1.0791806 0.89921963
4.0 0.4 0.94921297 0.7705569 0.5129249 0.9019607843137255 1.3102115 1.2659729
4.0 0.2 1.011449 0.7516955 0.6597095 0.9019607843137255 1.3701224 1.2552961
3.75 5.0 0.8528474 0.75870013 0.39211598 0.9215686274509803 1.0704904 0.9001465
4.0 0.1 1.0246938 0.76152754 0.66920525 0.9019607843137255 1.4012157 1.2945999
4.0 0.05 1.0237267 0.75238514 0.69302535 0.9019607843137255 1.3735927 1.2300342
4.0 0.3 0.98223525 0.7552318 0.6002997 0.8627450980392157 1.350289 1.2549131
4.0 0.6 0.9099248 0.7613808 0.45342928 0.9019607843137255 1.2244898 1.1755251
4.0 0.5 0.92863226 0.7525217 0.49208492 0.8823529411764706 1.2614689 1.2559804
3.5 3.75 0.8536745 0.755181 0.3915538 0.9215686274509803 1.0730085 0.8962114
3.5 4.0 0.8535931 0.7560885 0.39186585 0.9215686274509803 1.0709354 0.8973426
3.25 2.0 0.8636711 0.76402086 0.3870379 0.9215686274509803 1.1050541 0.902845
1.4 0.1 2.9829388 0.7429508 4.9790683 0.8627450980392157 1.2840558 0.9791849
1.4 0.05 2.2500775 0.74702454 3.347806 0.8627450980392157 1.3432215 1.0741782
4.0 1.6 0.86348104 0.7643484 0.38863525 0.9215686274509803 1.1022996 0.90628654
4.0 1.5 0.86449814 0.7648258 0.3876562 0.9215686274509803 1.1059346 0.9111529
3.25 2.25 0.861314 0.7621851 0.38777423 0.9215686274509803 1.0966852 0.8986202
4.0 1.0 0.8743005 0.7644624 0.392475 0.9019607843137255 1.1411103 0.96174145
4.0 0.9 0.87640405 0.75174034 0.40139514 0.9019607843137255 1.1338919 0.9932555
1.4 0.2 2.43024 0.7365416 3.757355 0.8627450980392157 1.272719 0.99988633
4.0 1.1 0.8688727 0.7613632 0.3902675 0.9215686274509803 1.123556 0.94583243
4.0 1.2 0.87107366 0.77278 0.3886793 0.9215686274509803 1.1334374 0.93052125
4.0 1.4 0.86608577 0.7660996 0.3870009 0.9215686274509803 1.1096901 0.91517055
4.0 1.3 0.86764747 0.7653837 0.38830978 0.9215686274509803 1.1171058 0.91402113
1.4 0.3 1.9715943 0.7496171 2.7203748 0.8627450980392157 1.3670331 1.0529917
3.5 0.7 0.9293468 0.7671467 0.46166742 0.9019607843137255 1.2749897 1.2835116
3.25 3.5 0.8549938 0.757512 0.39020747 0.9215686274509803 1.0767474 0.89293015
3.5 3.5 0.8553088 0.7583108 0.39089853 0.9215686274509803 1.0781218 0.89649165
4.25 0.2 0.9984978 0.76285124 0.62920815 0.9019607843137255 1.3548368 1.2205431
4.25 0.05 0.99753857 0.7508714 0.62146544 0.8823529411764706 1.3768951 1.3102028
4.0 4.75 0.8530807 0.7579657 0.39216053 0.9215686274509803 1.0718462 0.9047444
4.0 5.0 0.8529355 0.7590207 0.39214784 0.9215686274509803 1.0705209 0.90374863
3.5 0.4 1.0118275 0.75672615 0.6463493 0.8627450980392157 1.3945303 1.283378
4.25 0.1 0.98777634 0.75394666 0.6173464 0.9019607843137255 1.3358351 1.2120144
3.75 0.1 1.044208 0.7523172 0.7193402 0.8627450980392157 1.4091817 1.2137305
3.5 0.6 0.9422694 0.78102934 0.48761213 0.8627450980392157 1.3307587 1.2877812
4.25 0.8 0.87788326 0.75059927 0.40274954 0.9019607843137255 1.1363504 1.0058724
3.5 3.0 0.85671383 0.758518 0.39096513 0.9215686274509803 1.0817016 0.89740014
1.4 0.4 2.0488915 0.74527323 2.8654897 0.8627450980392157 1.3501581 1.0626339
3.5 0.5 0.96453613 0.7414416 0.5720723 0.9019607843137255 1.297411 1.1975217
4.25 1.0 0.8752524 0.7741196 0.3905338 0.9019607843137255 1.1462096 0.9513303
4.25 0.9 0.88278216 0.78512007 0.39123648 0.9019607843137255 1.1748215 0.9723753
3.75 4.75 0.8529871 0.75747824 0.39223498 0.9215686274509803 1.0711621 0.90100044
4.25 1.5 0.8629666 0.7649624 0.38790432 0.9215686274509803 1.1056594 0.9080516
4.25 1.4 0.8642464 0.76546276 0.38795772 0.9215686274509803 1.1073927 0.9106772
3.75 2.0 0.860085 0.7612883 0.38847446 0.9215686274509803 1.0913075 0.89824784
4.0 2.0 0.8589695 0.7592536 0.38927233 0.9215686274509803 1.0848342 0.89544904
4.0 2.75 0.85533285 0.7576549 0.3911322 0.9215686274509803 1.0769224 0.89850056
4.0 1.9 0.85961527 0.76023984 0.38886347 0.9215686274509803 1.0878077 0.8971582
3.75 2.25 0.8586641 0.7607751 0.38885227 0.9215686274509803 1.0875615 0.8943228
4.0 3.25 0.8539404 0.75835645 0.39108714 0.9215686274509803 1.0764294 0.9003367
4.0 2.5 0.85586745 0.75851715 0.39048842 0.9215686274509803 1.0805435 0.8978046
4.0 3.0 0.85413057 0.7560693 0.3911055 0.9215686274509803 1.0751675 0.8980932
4.25 4.25 0.8530598 0.75765413 0.39190114 0.9215686274509803 1.073247 0.90660465
4.0 2.25 0.8579922 0.7603724 0.38973856 0.9215686274509803 1.0869907 0.8962635
4.0 1.7 0.86197114 0.7624693 0.388444 0.9215686274509803 1.095705 0.9008118
4.25 2.5 0.8561656 0.75924546 0.3917273 0.9215686274509803 1.0837486 0.8998466
4.25 2.0 0.858907 0.7610423 0.38966817 0.9215686274509803 1.0876509 0.899124
4.5 0.2 0.9492996 0.7550994 0.54378796 0.9019607843137255 1.2814428 1.2130117
4.25 1.9 0.8593692 0.76197255 0.38996828 0.9215686274509803 1.0898726 0.899245
4.25 2.25 0.857436 0.7593372 0.39133868 0.9215686274509803 1.0847658 0.8979555
4.5 0.6 0.89433956 0.7634105 0.4197294 0.9019607843137255 1.1864582 1.1075635
4.0 3.5 0.85287786 0.75588626 0.39145234 0.9215686274509803 1.0716763 0.89927137
3.75 2.5 0.85712916 0.759056 0.39055312 0.9215686274509803 1.083852 0.89632475
4.0 1.8 0.8609968 0.76177 0.38785562 0.9215686274509803 1.0931166 0.8995317
4.0 4.0 0.8531688 0.7585876 0.391639 0.9215686274509803 1.0722662 0.9006076
4.0 0.7 0.89873195 0.7698821 0.425325 0.9019607843137255 1.2078398 1.0949824
4.0 4.25 0.85316396 0.75882804 0.3910268 0.9215686274509803 1.0721331 0.90254104
3.75 4.5 0.8528678 0.75752234 0.39118358 0.9215686274509803 1.0693586 0.89982593
4.25 1.6 0.86170036 0.7629647 0.38839513 0.9215686274509803 1.0957636 0.9049164
4.25 5.0 0.85258585 0.7584769 0.3922064 0.9411764705882353 1.0711919 0.90733373
3.75 0.05 1.0659624 0.75017184 0.76745945 0.8431372549019608 1.4464573 1.2672343
4.25 4.75 0.8529392 0.7576925 0.3920658 0.9215686274509803 1.0724202 0.9078382
4.25 1.7 0.8617007 0.76268333 0.38846812 0.9215686274509803 1.0944792 0.9031961
4.0 3.75 0.85288984 0.7562522 0.39156955 0.9215686274509803 1.0697938 0.899528
4.5 1.2 0.86745733 0.7687645 0.3869732 0.9215686274509803 1.1187001 0.9184189
4.5 0.3 0.94780165 0.7821864 0.51382035 0.9019607843137255 1.2981185 1.1724832
4.25 0.5 0.9186327 0.75403005 0.46558124 0.9019607843137255 1.239668 1.244991
4.25 1.8 0.86023015 0.76107657 0.38966662 0.9215686274509803 1.092166 0.9006845
4.5 0.9 0.8747075 0.77491736 0.39352432 0.9019607843137255 1.1460056 0.95978683
4.25 4.5 0.85237855 0.7562562 0.39229605 0.9215686274509803 1.0707656 0.90702987
4.5 1.3 0.86643285 0.770193 0.3869153 0.9215686274509803 1.1105666 0.92527676
4.5 1.5 0.8627092 0.7645004 0.38810495 0.9215686274509803 1.1001252 0.9044719
4.5 1.4 0.8645305 0.7660048 0.38705668 0.9215686274509803 1.1022339 0.90849555
4.5 0.7 0.88161606 0.76187575 0.41030243 0.9019607843137255 1.1498679 1.0231836
4.5 1.6 0.86182946 0.76287234 0.389438 0.9215686274509803 1.0951282 0.90265995
4.25 0.4 0.93723965 0.74735224 0.5210956 0.9019607843137255 1.2525789 1.1992133
4.5 4.25 0.85256577 0.7561041 0.39207235 0.9411764705882353 1.0728768 0.9091057
4.5 0.8 0.8811086 0.770509 0.3952576 0.9019607843137255 1.1596028 0.9953113
4.25 0.6 0.8975961 0.75113726 0.4387714 0.9019607843137255 1.1912209 1.1433153
4.25 0.3 0.96612793 0.75961566 0.55993235 0.9019607843137255 1.3211163 1.246065
4.5 0.5 0.8927629 0.714794 0.4555999 0.8627450980392157 1.2106233 1.1732621
4.25 1.3 0.8627839 0.75852394 0.3888953 0.9215686274509803 1.1016601 0.9177892
4.25 1.1 0.8716583 0.77569103 0.38733032 0.9215686274509803 1.1361518 0.93872774
4.5 1.8 0.8597617 0.7616155 0.38990277 0.9215686274509803 1.0890785 0.8988782
4.5 0.4 0.9269824 0.7554331 0.48916456 0.9019607843137255 1.2464997 1.2429266
4.5 3.75 0.8529622 0.7562638 0.39204267 0.9215686274509803 1.0734428 0.90710795
4.5 3.5 0.85320145 0.75726163 0.3920754 0.9215686274509803 1.0779591 0.90635073
4.5 1.7 0.86035806 0.7617165 0.38985336 0.9215686274509803 1.0905433 0.90057397
4.25 1.2 0.86723703 0.7682356 0.38657802 0.9215686274509803 1.1205834 0.9245767
4.0 4.5 0.8526414 0.7557122 0.39250463 0.9215686274509803 1.0699043 0.9035794
4.5 4.0 0.85301495 0.7574308 0.39239803 0.9215686274509803 1.0738813 0.90784645
4.5 1.9 0.8592953 0.76110953 0.3900512 0.9215686274509803 1.0871551 0.8989143
4.25 0.7 0.8961516 0.77480793 0.4111334 0.9019607843137255 1.1890126 1.0772749
4.25 3.25 0.85426974 0.7580052 0.3916819 0.9215686274509803 1.0789137 0.90533805
4.25 3.0 0.85404354 0.7552482 0.39260724 0.9215686274509803 1.0749702 0.90550816
4.25 4.0 0.8526395 0.7571534 0.3921164 0.9215686274509803 1.0742888 0.9046563
4.25 3.5 0.85271406 0.7547964 0.392512 0.9215686274509803 1.0721809 0.90380764
4.25 2.75 0.8551404 0.7583459 0.391655 0.9215686274509803 1.081193 0.9010974
4.25 3.75 0.85225266 0.75474685 0.39237216 0.9215686274509803 1.0713035 0.903561
4.75 1.5 0.8611564 0.7630485 0.38914713 0.9215686274509803 1.0979378 0.9011177
4.75 1.0 0.86641854 0.7658129 0.3886499 0.9215686274509803 1.1196928 0.9382209
4.5 1.1 0.864096 0.7595854 0.38796964 0.9215686274509803 1.1055094 0.92983544
4.75 1.2 0.861523 0.76031095 0.38858163 0.9215686274509803 1.10349 0.914683
4.75 1.3 0.8646205 0.76820034 0.38834912 0.9215686274509803 1.1056856 0.9122766
4.75 1.1 0.86391085 0.7606351 0.38766193 0.9215686274509803 1.1093062 0.92105055
4.5 0.05 0.97249746 0.76659274 0.57340306 0.9019607843137255 1.3386003 1.2506293
4.5 0.1 0.9763139 0.7569744 0.59878594 0.9019607843137255 1.3239598 1.1983879
4.75 2.75 0.8535059 0.7554681 0.3928039 0.9215686274509803 1.0743564 0.9050492
3.75 1.0 0.87885016 0.77198696 0.39787275 0.9019607843137255 1.1539243 0.9849807
4.75 2.5 0.8549118 0.75758654 0.39171642 0.9215686274509803 1.0797697 0.9049046
4.5 1.0 0.86958456 0.7679521 0.38880596 0.9215686274509803 1.1320665 0.936241
4.75 1.4 0.86267185 0.7648013 0.38788885 0.9215686274509803 1.1020235 0.9054285
4.75 3.0 0.85412145 0.7572813 0.3921801 0.9215686274509803 1.0770712 0.9052924
4.75 3.25 0.8534692 0.7569617 0.39211422 0.9215686274509803 1.0780292 0.90972936
4.5 3.0 0.8546365 0.75675654 0.39374295 0.9215686274509803 1.0767846 0.9013591
4.75 2.25 0.8560905 0.75787234 0.39132732 0.9215686274509803 1.0838126 0.9026842
4.75 2.0 0.85789156 0.7597643 0.3910565 0.9215686274509803 1.085067 0.9021356
4.75 5.0 0.85338145 0.7596692 0.39199132 0.9411764705882353 1.0733007 0.9138113
3.75 1.1 0.87490624 0.76934373 0.38949242 0.9019607843137255 1.1487308 0.95923615
4.75 4.5 0.85270506 0.7578311 0.39187908 0.9411764705882353 1.0747637 0.9139439
4.75 4.75 0.85244966 0.757205 0.3919806 0.9411764705882353 1.072616 0.9136821
4.75 4.0 0.8520481 0.7549094 0.392527 0.9411764705882353 1.072724 0.91087216
4.75 4.25 0.85280395 0.7565125 0.39209804 0.9411764705882353 1.0732968 0.91224134
4.75 0.6 0.8833999 0.7522369 0.42045304 0.9019607843137255 1.1585957 1.0512428
4.5 2.25 0.85714227 0.75952345 0.3915355 0.9215686274509803 1.0846411 0.9001548
5.0 0.2 0.9246436 0.7585065 0.49927637 0.9019607843137255 1.227576 1.1635014
4.5 2.5 0.8554247 0.75807416 0.39166945 0.9215686274509803 1.0796554 0.9013188
4.5 2.75 0.8546106 0.7577368 0.39176512 0.9215686274509803 1.0778964 0.9018152
5.0 0.05 0.9293383 0.75206697 0.5089418 0.9019607843137255 1.2295637 1.1538962
5.0 0.1 0.9423876 0.75802743 0.5161067 0.9019607843137255 1.292514 1.279723
5.0 0.3 0.91818684 0.76725733 0.4776286 0.9019607843137255 1.2404934 1.1878227
5.0 0.4 0.898302 0.75943595 0.44739965 0.9019607843137255 1.1959369 1.1509709
4.0 0.8 0.88801265 0.76969707 0.4072993 0.9019607843137255 1.189955 1.0460312
4.5 3.25 0.8530672 0.75554574 0.39279103 0.9215686274509803 1.0750864 0.90749073
5.0 0.7 0.8817015 0.77824247 0.39906663 0.9019607843137255 1.1669117 0.9827291
4.75 0.3 0.9343464 0.753934 0.51032954 0.9019607843137255 1.2607397 1.230691
5.0 0.6 0.88252276 0.7616329 0.40945956 0.9019607843137255 1.1441727 1.0244349
5.0 0.8 0.87266773 0.7666333 0.3931316 0.9019607843137255 1.1304528 0.95903957
5.0 0.5 0.89518565 0.7600694 0.42500752 0.9019607843137255 1.1891861 1.113913
4.75 0.4 0.9167238 0.7591108 0.46576375 0.9019607843137255 1.23495 1.2187917
4.75 0.5 0.8983967 0.76179236 0.43729874 0.9019607843137255 1.1985453 1.1125666
4.75 0.9 0.87191373 0.76653653 0.38812017 0.9019607843137255 1.1341642 0.96236193
4.5 2.0 0.85845095 0.7606913 0.3907786 0.9215686274509803 1.0858904 0.8985373
5.0 2.5 0.8546019 0.7570996 0.39179492 0.9215686274509803 1.0794188 0.9056006
5.0 1.9 0.8577681 0.75988257 0.39049697 0.9215686274509803 1.085021 0.9031066
5.0 2.0 0.85683376 0.7592138 0.39173308 0.9215686274509803 1.0822006 0.90387285
5.0 2.25 0.8560553 0.7581804 0.39224574 0.9215686274509803 1.082405 0.90648055
4.75 0.7 0.87820077 0.758821 0.4041199 0.9019607843137255 1.1418723 1.0011977
5.0 0.9 0.8736753 0.7676991 0.3887608 0.9215686274509803 1.128607 0.94110286
4.75 0.8 0.875678 0.76177824 0.39390168 0.9019607843137255 1.1374669 0.9802879
5.0 1.0 0.8664243 0.7669804 0.38823205 0.9215686274509803 1.1197358 0.9279301
5.0 1.1 0.87050694 0.78365993 0.3862392 0.9215686274509803 1.1464602 0.92047983
5.0 4.75 0.85254043 0.7579858 0.391481 0.9411764705882353 1.0731152 0.9163243
4.75 3.75 0.85230374 0.75516105 0.39204907 0.9215686274509803 1.0722065 0.90963113
5.0 1.2 0.8613607 0.76321393 0.38739708 0.9215686274509803 1.1044416 0.9172551
4.75 1.9 0.8578994 0.760097 0.3909953 0.9215686274509803 1.082289 0.8991982
5.0 4.25 0.8528407 0.7582185 0.3922091 0.9411764705882353 1.0756869 0.9151949
4.75 1.8 0.8587072 0.7604729 0.38983485 0.9215686274509803 1.0853496 0.8975694
5.0 4.5 0.8529491 0.7581594 0.39150542 0.9411764705882353 1.075783 0.9172782
1.0 0.6 2.3561502 0.7430267 3.5403287 0.8627450980392157 1.2469168 0.98233426
4.75 0.1 0.94784456 0.76288986 0.5227883 0.9019607843137255 1.2890587 1.2219392
0.9 5.0 0.9357762 0.76947904 0.3649446 0.8627450980392157 1.2860279 1.3003215
0.9 3.5 0.94842094 0.7607497 0.40227863 0.8627450980392157 1.2908446 1.3296059
1.0 0.1 3.6216605 0.73907113 6.365033 0.8627450980392157 1.2378188 0.95267904
4.75 0.05 0.9552954 0.74342215 0.5568695 0.9019607843137255 1.2879485 1.2097226
1.0 4.5 0.9225779 0.7697599 0.36499485 0.8823529411764706 1.2610424 1.2170796
1.2 3.5 0.90784746 0.7704898 0.37053794 0.8823529411764706 1.2307532 1.1148043
1.2 3.25 0.91009945 0.7696779 0.37683883 0.8823529411764706 1.2276541 1.1195952
1.2 3.75 0.9063862 0.7699026 0.37121654 0.8823529411764706 1.2209941 1.1053544
4.75 0.2 0.94632286 0.76929903 0.5411808 0.9019607843137255 1.2709713 1.1144419
1.2 2.75 0.92006606 0.7675996 0.3918052 0.8627450980392157 1.2435689 1.1735032
4.5 5.0 0.85296637 0.76084185 0.39066312 0.9411764705882353 1.07173 0.9104092
1.0 0.05 3.7394598 0.7515323 6.622597 0.8627450980392157 1.3041698 0.99590385
3.25 0.05 1.1738037 0.74869233 0.97788465 0.8235294117647058 1.5115261 1.3039438
1.8 1.5 0.9272496 0.76983595 0.43199876 0.8823529411764706 1.2544364 1.2026706
3.0 5.0 0.853983 0.7570812 0.39199665 0.9215686274509803 1.0717148 0.8933995
1.8 1.4 0.9418394 0.76992977 0.45569253 0.8823529411764706 1.2819918 1.2818804
5.0 3.75 0.8527195 0.75572664 0.39170358 0.9411764705882353 1.0733246 0.9134428
1.8 0.5 1.5077149 0.74832976 1.6877242 0.8627450980392157 1.4468502 1.1755425
1.8 1.6 0.9180402 0.77145994 0.4153859 0.8823529411764706 1.235984 1.1460543
4.5 4.5 0.8529299 0.75949776 0.3907393 0.9411764705882353 1.07371 0.91112614
2.5 3.5 0.86066025 0.7599444 0.387305 0.9215686274509803 1.0918988 0.90007997
5.0 4.0 0.8527228 0.7571371 0.39223173 0.9411764705882353 1.0756999 0.9138263
1.8 1.8 0.9060404 0.769639 0.4019259 0.8823529411764706 1.2122165 1.0909863
1.8 1.0 1.0268296 0.7519256 0.65129995 0.8431372549019608 1.4085193 1.199378
1.8 1.1 1.0051676 0.77355516 0.5681476 0.8627450980392157 1.4139572 1.3595297
4.75 1.7 0.85930485 0.76069987 0.38944554 0.9215686274509803 1.0869799 0.89550334
4.5 4.75 0.8530497 0.7597918 0.39084318 0.9411764705882353 1.0727292 0.9107777
3.25 0.1 1.1896714 0.7479261 1.027227 0.8235294117647058 1.4732734 1.2187158
3.25 0.2 1.1429578 0.7412958 0.9311963 0.8431372549019608 1.4595594 1.2083569
4.75 3.5 0.8532439 0.7567764 0.39243323 0.9215686274509803 1.0776962 0.9102478
4.75 1.6 0.86057097 0.76381946 0.38955292 0.9215686274509803 1.0946842 0.89811015
5.0 3.25 0.8530092 0.75591505 0.3921598 0.9411764705882353 1.0754267 0.9124903
5.0 3.5 0.8532627 0.7554906 0.39216673 0.9411764705882353 1.073829 0.91295934
3.5 3.25 0.8570044 0.7586249 0.39287296 0.9215686274509803 1.0808637 0.8982271
0.9 3.0 0.9581751 0.75519466 0.43072504 0.8627450980392157 1.2924279 1.3444585
2.5 4.75 0.85674787 0.7586278 0.3889426 0.9215686274509803 1.0778645 0.8948586
2.75 3.25 0.8592701 0.75969934 0.388377 0.9215686274509803 1.0912805 0.900146
3.0 2.75 0.8606915 0.76210225 0.38800833 0.9215686274509803 1.0937729 0.8996588
5.0 1.5 0.86141986 0.762797 0.3888714 0.9215686274509803 1.0924987 0.8976145
3.75 1.3 0.8705625 0.76834464 0.3878671 0.9215686274509803 1.126088 0.9291222
1.0 4.25 0.92324084 0.76913166 0.3667779 0.8823529411764706 1.2616565 1.2204518
1.0 0.2 2.3124795 0.7387576 3.4400191 0.8627450980392157 1.2760643 0.9850182
5.0 1.6 0.85968584 0.7614242 0.39012486 0.9215686274509803 1.0880603 0.8995142
5.0 1.7 0.8587281 0.760655 0.3901387 0.9215686274509803 1.086293 0.8985584
5.0 3.0 0.85363847 0.7570292 0.39096186 0.9215686274509803 1.0753285 0.91107035
5.0 1.4 0.86236376 0.7650002 0.38868946 0.9215686274509803 1.0958439 0.9007019
5.0 1.3 0.8637347 0.7657982 0.38977608 0.9215686274509803 1.1025745 0.9038946
0.9 1.4 1.0702066 0.7542313 0.6751849 0.8431372549019608 1.4072442 1.0889013
5.0 2.75 0.8529141 0.75563776 0.39176285 0.9215686274509803 1.0723271 0.9061489
0.6 4.25 1.0561745 0.7672211 0.5153743 0.8823529411764706 1.4240564 1.5141494
0.8 2.75 0.9858286 0.7402563 0.4876751 0.8627450980392157 1.3238744 1.2275549
5.0 1.8 0.8581477 0.7603159 0.39029044 0.9215686274509803 1.0825843 0.8965834
5.0 5.0 0.85296434 0.76089907 0.39083952 0.9411764705882353 1.073311 0.9163172
3.5 0.9 0.88897794 0.7549107 0.40986186 0.9019607843137255 1.1810422 1.0746225
3.5 0.8 0.9060623 0.7714769 0.43374744 0.9019607843137255 1.2208717 1.1219654
5.0 5.0 0.85296434 0.76089907 0.39083952 0.9411764705882353 1.073311 0.9163172
5.0 5.0 0.85296434 0.76089907 0.39083952 0.9411764705882353 1.073311 0.9163172