lengthscale l2regularizer rmse_mean rmse_median rmse_std pi_cov pi_sum nll_mean nll_median nll_std

0.05 0.05 5.393294 5.578905 1.202736 0.921569 47 1.193912 0.910242 0.440400
0.05 0.10 4.961818 5.178205 1.001083 0.941176 48 1.239309 0.943408 0.529963
0.05 0.15 5.514341 5.575932 0.783195 0.901961 46 1.246831 0.943672 0.538743
0.05 0.20 5.550725 5.636165 1.357728 0.901961 46 1.351295 0.963639 0.828937
0.05 0.25 5.040864 4.890643 1.218916 0.882353 45 1.528345 0.999046 1.326175
0.05 0.30 5.718501 5.321305 1.208600 0.901961 46 1.191804 0.958088 0.419535
0.05 0.35 5.567238 5.510982 1.334920 0.921569 47 1.261373 0.987708 0.488573
0.05 0.40 5.412369 4.981422 1.500097 0.941176 48 1.095413 0.963187 0.346979
0.05 0.45 5.427868 5.681288 1.611071 0.901961 46 1.143195 1.077600 0.307018
0.05 0.50 5.845571 5.483919 1.746763 0.941176 48 1.117952 0.931680 0.341997
0.05 0.55 5.915002 5.401238 1.577767 0.882353 45 1.371648 0.930416 1.029394
0.05 0.60 5.572380 5.862340 1.429061 0.941176 48 1.149455 0.969459 0.362460
0.05 0.65 5.211900 5.500519 1.054619 0.921569 47 1.280757 1.106326 0.460981
0.05 0.70 5.755849 5.779120 1.457368 0.960784 49 1.071962 0.957207 0.329304
0.05 0.75 5.586640 5.512014 1.358801 0.941176 48 1.176630 0.958651 0.465837
0.05 0.80 5.497006 5.137653 0.990644 0.960784 49 1.052833 0.918890 0.257682
0.05 0.85 5.861422 5.914575 1.995620 0.901961 46 1.344862 0.997415 0.631048
0.05 0.90 5.089499 5.324072 1.432751 0.941176 48 1.089543 0.889744 0.427916
0.05 0.95 5.920144 6.186740 0.946328 0.941176 48 1.168303 0.913428 0.420362
0.05 1.00 5.525306 5.251127 1.645158 0.960784 49 1.037810 0.902014 0.259843
0.10 0.05 3.947812 3.554514 2.058003 0.901961 46 1.136031 0.913116 0.431685
0.10 0.10 3.898952 3.901350 2.244003 0.862745 44 1.146653 0.927446 0.445686
0.10 0.15 4.189809 3.915000 2.425093 0.901961 46 1.093065 0.867272 0.438342
0.10 0.20 4.081881 4.512811 2.423746 0.882353 45 1.163620 1.069635 0.411661
0.10 0.25 4.138151 4.242994 2.084510 0.882353 45 1.135105 0.995702 0.414393
0.10 0.30 3.797762 3.216777 1.967402 0.901961 46 1.182882 1.041122 0.470566
0.10 0.35 4.142638 3.860272 1.928529 0.921569 47 1.109064 0.893929 0.429104
0.10 0.40 4.231113 3.828587 2.005449 0.882353 45 1.174404 1.056609 0.402117
0.10 0.45 3.933060 3.542139 1.934582 0.882353 45 1.179455 1.029881 0.458680
0.10 0.50 4.075945 3.996918 2.149980 0.882353 45 1.148009 1.014720 0.433565
0.10 0.55 4.228966 3.628631 2.115183 0.862745 44 1.113242 1.006799 0.399306
0.10 0.60 4.026530 3.498832 2.215180 0.901961 46 1.144243 0.973768 0.447853
0.10 0.65 4.039452 3.900012 1.941547 0.862745 44 1.125009 0.994945 0.412791
0.10 0.70 4.192923 4.444086 2.180097 0.862745 44 1.134111 0.937632 0.484539
0.10 0.75 4.004739 3.565267 2.344860 0.882353 45 1.126953 0.937693 0.439729
0.10 0.80 3.892514 3.597911 1.914284 0.882353 45 1.185817 0.989414 0.488901
0.10 0.85 3.947168 3.379242 2.301257 0.901961 46 1.190257 0.992980 0.460150
0.10 0.90 4.365619 4.232453 2.282567 0.901961 46 1.162222 1.002470 0.432318
0.10 0.95 4.113700 3.375414 2.244405 0.882353 45 1.166795 1.070733 0.444222
0.10 1.00 4.035472 3.108471 2.225705 0.882353 45 1.142176 0.989827 0.414068
0.15 0.05 2.368094 1.699276 1.610173 0.921569 47 1.085371 0.937433 0.413739
0.15 0.10 2.512238 1.760814 1.588383 0.921569 47 1.028207 0.958254 0.265973
0.15 0.15 2.235149 1.808017 1.262829 0.941176 48 1.035698 1.018146 0.218648
0.15 0.20 2.079407 1.473901 1.337124 0.941176 48 1.005761 0.935737 0.136920
0.15 0.25 2.217868 1.747623 1.322696 0.960784 49 0.917032 0.873766 0.136091
0.15 0.30 2.497931 1.986919 1.499616 0.921569 47 0.967544 0.889800 0.165576
0.15 0.35 2.236885 1.613732 1.371030 0.941176 48 0.974645 0.899709 0.206779
0.15 0.40 2.292144 1.729311 1.417183 0.941176 48 0.972523 0.898470 0.175008
0.15 0.45 2.405426 1.927353 1.654532 0.882353 45 1.021871 1.010522 0.178628
0.15 0.50 2.370790 1.668103 1.575464 0.980392 50 0.935656 0.852000 0.196554
0.15 0.55 2.272547 1.611522 1.464368 0.921569 47 1.041712 0.972870 0.264678
0.15 0.60 2.336561 1.671672 1.340518 0.901961 46 0.989643 0.963284 0.135972
0.15 0.65 2.264421 1.732236 1.390037 0.960784 49 0.963185 0.949729 0.133951
0.15 0.70 2.254216 1.579869 1.365420 0.980392 50 0.917881 0.858264 0.158175
0.15 0.75 2.390403 1.891696 1.188147 0.980392 50 0.988145 0.878504 0.243973
0.15 0.80 2.383763 2.100061 1.148759 0.941176 48 1.001679 0.922874 0.243574
0.15 0.85 2.212426 1.796951 1.471607 0.882353 45 1.201546 1.090917 0.465444
0.15 0.90 2.202747 1.813785 1.159390 0.941176 48 0.979638 0.943305 0.176931
0.15 0.95 2.360042 1.785884 1.267356 0.941176 48 0.985990 0.895751 0.204958
0.15 1.00 2.248919 1.874448 1.030018 0.960784 49 0.964530 0.935092 0.153755
0.20 0.05 2.515779 1.661562 2.250475 0.921569 47 1.166612 0.942759 0.396551
0.20 0.10 2.208767 2.007259 1.549563 0.980392 50 1.017503 0.860460 0.279219
0.20 0.15 2.478081 1.771165 1.928569 0.921569 47 1.154483 0.995421 0.411258
0.20 0.20 2.571302 2.056764 1.941626 0.980392 50 0.987729 0.850801 0.256244
0.20 0.25 2.229286 1.838025 1.688427 0.960784 49 0.932488 0.888824 0.108466
0.20 0.30 2.611552 2.125141 1.969184 0.901961 46 1.233136 1.085803 0.482657
0.20 0.35 2.367459 1.632330 1.782020 0.921569 47 1.086767 0.901197 0.345598
0.20 0.40 2.669983 1.726440 2.252195 0.941176 48 1.159919 0.928312 0.483873
0.20 0.45 2.495658 1.598723 1.843990 0.941176 48 1.025433 0.954810 0.201206
0.20 0.50 2.344616 1.730466 1.812723 0.921569 47 1.340560 0.979185 0.983277
0.20 0.55 2.384255 1.741900 1.824166 0.921569 47 1.090507 0.990899 0.263667
0.20 0.60 2.399597 1.728365 1.886194 0.921569 47 1.229030 0.975441 0.696935
0.20 0.65 2.313886 1.485576 1.773819 0.941176 48 1.083385 0.989766 0.292374
0.20 0.70 2.492035 1.980060 2.079596 0.921569 47 1.032869 0.955557 0.213383
0.20 0.75 2.343797 1.692741 1.777188 0.921569 47 1.045708 0.933263 0.296246
0.20 0.80 2.572553 1.729655 1.867867 0.941176 48 1.019543 0.971725 0.166192
0.20 0.85 2.551578 1.922817 1.975677 0.921569 47 0.949610 0.857616 0.163077
0.20 0.90 2.267500 1.460173 1.559541 0.901961 46 1.096338 0.908504 0.413669
0.20 0.95 2.385111 1.896497 1.761416 0.941176 48 1.023192 0.867693 0.260897
0.20 1.00 2.243815 1.206856 1.985584 0.960784 49 1.026928 0.894026 0.306672
0.25 0.05 2.597673 2.131261 1.737827 0.921569 47 0.970520 0.876126 0.197897
0.25 0.10 2.559187 2.280773 1.612311 0.960784 49 1.077136 0.963654 0.299276
0.25 0.15 2.495779 2.052479 1.632665 0.921569 47 1.156118 0.957238 0.508524
0.25 0.20 2.559692 2.096016 1.886287 0.941176 48 1.005949 0.908523 0.210848
0.25 0.25 2.584682 2.191151 1.550972 0.941176 48 1.004668 0.858582 0.245442
0.25 0.30 2.627154 2.149144 1.931097 0.921569 47 1.002403 0.907462 0.200090
0.25 0.35 2.346137 1.900942 1.720683 0.960784 49 0.969822 0.917319 0.129634
0.25 0.40 2.777897 2.414967 1.935087 0.901961 46 1.033336 0.985031 0.213455
0.25 0.45 2.856834 2.435442 1.910993 0.901961 46 1.052974 1.009988 0.218170
0.25 0.50 2.826134 2.351390 1.867986 0.941176 48 1.059626 0.978464 0.216214
0.25 0.55 2.560169 2.085086 1.563953 0.941176 48 1.040713 0.959275 0.232211
0.25 0.60 2.373597 2.165674 1.598122 0.960784 49 0.983459 0.874835 0.215462
0.25 0.65 2.374917 2.053298 1.397789 0.960784 49 1.006562 0.874320 0.235926
0.25 0.70 2.431166 1.880695 1.703894 0.941176 48 1.016500 0.864642 0.257304
0.25 0.75 2.423836 1.776319 1.750606 0.941176 48 1.004870 0.903293 0.213387
0.25 0.80 2.124185 1.562654 1.467918 0.941176 48 1.194005 0.937723 0.741654
0.25 0.85 2.382139 1.645795 1.671233 0.980392 50 0.884591 0.832184 0.121908
0.25 0.90 2.323152 1.580008 1.783673 0.921569 47 1.053114 0.970573 0.241790
0.25 0.95 2.462091 2.223070 1.656263 0.941176 48 1.015882 0.996226 0.152088
0.25 1.00 2.286160 1.785130 1.662364 0.980392 50 0.939456 0.867965 0.178210
0.30 0.05 1.952460 1.603657 1.085827 0.941176 48 0.986345 0.900867 0.214547
0.30 0.10 2.035527 1.655470 1.182678 0.941176 48 1.082120 0.973108 0.271315
0.30 0.15 2.182918 2.007058 1.175919 0.941176 48 0.958003 0.887357 0.159265
0.30 0.20 2.102054 1.577506 1.363208 0.941176 48 0.979345 0.860341 0.175523
0.30 0.25 2.215915 2.027080 1.187503 0.901961 46 1.069452 1.007445 0.274252
0.30 0.30 2.080469 1.579309 1.312283 0.960784 49 0.956695 0.976062 0.103278
0.30 0.35 1.999322 1.530934 1.303886 0.960784 49 0.971147 0.884099 0.175085
0.30 0.40 1.999488 1.710971 1.112042 0.941176 48 1.016417 0.928943 0.222734
0.30 0.45 1.959023 1.451554 1.159777 0.980392 50 0.950849 0.871964 0.157735
0.30 0.50 1.739621 1.485536 0.890891 0.941176 48 0.938245 0.847192 0.157023
0.30 0.55 2.098687 1.377700 1.378112 0.960784 49 0.969887 0.865648 0.174270
0.30 0.60 1.659182 1.401093 0.892268 0.960784 49 0.950704 0.890638 0.157730
0.30 0.65 2.213374 1.929272 1.221432 0.960784 49 0.961961 0.877161 0.177986
0.30 0.70 2.042102 1.545658 1.248097 0.941176 48 0.990503 0.852938 0.239802
0.30 0.75 1.977105 1.778313 0.970338 0.941176 48 1.017102 0.948164 0.177238
0.30 0.80 2.105704 1.939036 1.128936 0.941176 48 0.998850 0.932840 0.190373
0.30 0.85 2.312091 2.036168 1.378118 0.941176 48 1.019324 0.904155 0.242235
0.30 0.90 1.728461 1.399753 0.945158 0.960784 49 1.006884 0.904723 0.247898
0.30 0.95 1.945624 1.449063 1.076381 0.941176 48 1.023889 0.867239 0.305416
0.30 1.00 1.992853 1.490788 1.261539 0.921569 47 1.001165 0.903499 0.234381
0.35 0.05 1.717971 1.430584 0.879463 0.921569 47 1.143931 1.066805 0.333363
0.35 0.10 1.510423 1.199402 0.851885 0.921569 47 1.158289 1.006673 0.406501
0.35 0.15 1.663262 1.360874 0.882014 0.901961 46 1.087204 1.069377 0.256441
0.35 0.20 1.876933 1.381270 1.117786 0.941176 48 1.081553 1.010514 0.301434
0.35 0.25 1.735965 1.336646 0.966560 0.901961 46 1.086958 1.026258 0.298254
0.35 0.30 1.716141 1.450946 0.874944 0.921569 47 1.147145 1.017104 0.383394
0.35 0.35 1.756485 1.458452 0.911932 0.921569 47 1.078523 0.991990 0.266527
0.35 0.40 1.618349 1.394659 0.849781 0.941176 48 1.166328 1.053469 0.396882
0.35 0.45 1.670330 1.285115 0.940970 0.882353 45 1.167575 0.978728 0.440362
0.35 0.50 1.728964 1.360887 0.893401 0.901961 46 1.176635 1.011934 0.436103
0.35 0.55 1.806458 1.173822 1.269077 0.941176 48 1.171227 1.057426 0.414322
0.35 0.60 1.749593 1.472077 0.902518 0.901961 46 1.053851 1.023893 0.237325
0.35 0.65 1.693960 1.441153 0.854707 0.921569 47 1.072040 0.992111 0.277524
0.35 0.70 1.551497 1.295283 0.851081 0.921569 47 1.138161 1.100226 0.320850
0.35 0.75 1.552838 1.205640 0.856081 0.921569 47 1.181835 1.014576 0.446834
0.35 0.80 1.662899 1.486627 0.800478 0.901961 46 1.133082 1.083616 0.409177
0.35 0.85 1.812547 1.485171 1.032228 0.921569 47 1.178313 1.024884 0.429319
0.35 0.90 1.725138 1.651944 0.897060 0.901961 46 1.147811 1.069300 0.381073
0.35 0.95 1.594882 1.290435 0.847235 0.921569 47 1.183220 1.104197 0.404391
0.35 1.00 1.614799 1.375937 0.797956 0.941176 48 1.153168 1.036066 0.387381
0.40 0.05 1.613675 1.516412 0.827035 0.921569 47 1.267170 1.247897 0.601030
0.40 0.10 1.527043 1.521191 0.726212 0.941176 48 1.297731 1.268635 0.581879
0.40 0.15 1.553218 1.570132 0.713783 0.901961 46 1.285119 1.290570 0.588539
0.40 0.20 1.540353 1.557330 0.727253 0.941176 48 1.336193 1.287105 0.639710
0.40 0.25 1.500385 1.520291 0.688022 0.921569 47 1.343133 1.280169 0.648980
0.40 0.30 1.582786 1.570203 0.780005 0.921569 47 1.329962 1.277160 0.666880
0.40 0.35 1.548378 1.570534 0.683427 0.901961 46 1.275913 1.209273 0.596134
0.40 0.40 1.518080 1.582415 0.726329 0.941176 48 1.319972 1.222163 0.644410
0.40 0.45 1.712509 1.539430 0.954557 0.941176 48 1.273321 1.247928 0.581497
0.40 0.50 1.557413 1.492863 0.736015 0.901961 46 1.276330 1.255685 0.593132
0.40 0.55 1.573176 1.542127 0.738406 0.941176 48 1.308074 1.293040 0.593229
0.40 0.60 1.620132 1.486212 0.941836 0.960784 49 1.363449 1.273214 0.672503
0.40 0.65 1.453714 1.555274 0.675282 0.882353 45 1.312742 1.250865 0.667792
0.40 0.70 1.497739 1.591997 0.692399 0.901961 46 1.313922 1.278255 0.621915
0.40 0.75 1.590366 1.491450 0.813956 0.941176 48 1.320844 1.277477 0.595338
0.40 0.80 1.451422 1.482361 0.634738 0.921569 47 1.341608 1.267923 0.655460
0.40 0.85 1.619651 1.559964 0.811878 0.941176 48 1.287786 1.268342 0.581767
0.40 0.90 1.555418 1.526773 0.698684 0.921569 47 1.250239 1.237089 0.539905
0.40 0.95 1.514133 1.537805 0.697244 0.921569 47 1.283644 1.232283 0.594463
0.40 1.00 1.632964 1.587862 0.885437 0.921569 47 1.343920 1.259027 0.664402
0.45 0.05 1.291223 1.332598 0.590750 0.921569 47 1.192721 1.250562 0.336612
0.45 0.10 1.291527 1.314990 0.632188 0.921569 47 1.158226 1.218059 0.283443
0.45 0.15 1.276144 1.285703 0.608408 0.921569 47 1.136712 1.229316 0.264005
0.45 0.20 1.289339 1.370999 0.608977 0.921569 47 1.154145 1.188485 0.295375
0.45 0.25 1.304029 1.355093 0.614557 0.921569 47 1.192191 1.237559 0.335835
0.45 0.30 1.264801 1.326533 0.593604 0.921569 47 1.216743 1.265148 0.355047
0.45 0.35 1.242625 1.269446 0.591684 0.921569 47 1.189958 1.258753 0.322705
0.45 0.40 1.266652 1.325031 0.568067 0.921569 47 1.182791 1.227556 0.313757
0.45 0.45 1.256509 1.263236 0.583621 0.921569 47 1.182942 1.262509 0.315212
0.45 0.50 1.316403 1.398245 0.621996 0.901961 46 1.161525 1.184919 0.299049
0.45 0.55 1.221797 1.196145 0.588102 0.921569 47 1.153121 1.228247 0.277787
0.45 0.60 1.300249 1.347177 0.597658 0.901961 46 1.171654 1.222494 0.304499
0.45 0.65 1.284427 1.333165 0.606720 0.921569 47 1.172503 1.193693 0.317164
0.45 0.70 1.268582 1.181239 0.606931 0.921569 47 1.221955 1.255781 0.385869
0.45 0.75 1.268623 1.222573 0.611549 0.901961 46 1.177988 1.217208 0.309196
0.45 0.80 1.256897 1.273695 0.590723 0.921569 47 1.211868 1.258153 0.372758
0.45 0.85 1.289482 1.340109 0.629885 0.921569 47 1.163747 1.230082 0.294799
0.45 0.90 1.265754 1.239266 0.591692 0.921569 47 1.163287 1.243011 0.293562
0.45 0.95 1.248113 1.274890 0.598867 0.921569 47 1.165726 1.202878 0.298436
0.45 1.00 1.275201 1.284493 0.603646 0.921569 47 1.177526 1.208445 0.315663
0.50 0.05 1.113365 1.004808 0.557115 0.941176 48 1.075498 1.126567 0.183516
0.50 0.10 1.102882 1.017640 0.563270 0.941176 48 1.086438 1.140926 0.192819
0.50 0.15 1.110873 1.026952 0.564339 0.941176 48 1.045546 1.086415 0.158051
0.50 0.20 1.115545 1.025869 0.559152 0.941176 48 1.063067 1.083219 0.177296
0.50 0.25 1.113874 1.003622 0.561425 0.941176 48 1.058498 1.059827 0.180587
0.50 0.30 1.112140 1.033651 0.569212 0.941176 48 1.055826 1.099378 0.169621
0.50 0.35 1.106326 1.002308 0.563226 0.941176 48 1.059111 1.085665 0.174826
0.50 0.40 1.135474 1.086085 0.552916 0.941176 48 1.052167 1.087444 0.169825
0.50 0.45 1.118898 1.033425 0.563713 0.941176 48 1.068566 1.113570 0.183055
0.50 0.50 1.123299 1.062784 0.563495 0.941176 48 1.070274 1.108472 0.186342
0.50 0.55 1.132401 1.059915 0.572130 0.941176 48 1.024331 1.029323 0.155094
0.50 0.60 1.155795 1.072955 0.582217 0.941176 48 1.046245 1.087375 0.167551
0.50 0.65 1.119373 1.021233 0.572183 0.941176 48 1.088012 1.119945 0.201091
0.50 0.70 1.131025 1.049424 0.563917 0.941176 48 1.102673 1.110231 0.226969
0.50 0.75 1.133228 1.041855 0.567248 0.941176 48 1.042798 1.082224 0.158482
0.50 0.80 1.143642 1.124020 0.572545 0.960784 49 1.018481 1.059947 0.139802
0.50 0.85 1.108001 1.028757 0.559731 0.941176 48 1.076248 1.084432 0.189134
0.50 0.90 1.122073 1.098609 0.563532 0.941176 48 1.057389 1.060899 0.181778
0.50 0.95 1.114120 1.010207 0.561319 0.941176 48 1.041521 1.034657 0.169512
0.50 1.00 1.114415 0.999545 0.570477 0.941176 48 1.062483 1.107139 0.170090
0.55 0.05 1.088301 0.987819 0.553317 0.980392 50 0.997086 1.035470 0.139801
0.55 0.10 1.111108 0.990087 0.549058 0.980392 50 0.994465 1.008179 0.139706
0.55 0.15 1.096862 1.024870 0.575685 0.980392 50 1.008951 1.017144 0.139232
0.55 0.20 1.071348 0.926054 0.546639 0.960784 49 1.020783 1.037108 0.143958
0.55 0.25 1.066335 0.941597 0.559051 0.960784 49 1.026066 1.056730 0.148912
0.55 0.30 1.085698 1.009459 0.542766 0.960784 49 1.012775 1.059043 0.129155
0.55 0.35 1.059018 0.929364 0.554620 0.960784 49 1.023098 1.056587 0.141457
0.55 0.40 1.114607 1.030389 0.549011 0.980392 50 0.994398 1.015650 0.143148
0.55 0.45 1.105956 1.028011 0.545556 0.980392 50 0.990983 0.974722 0.134332
0.55 0.50 1.068037 0.953207 0.551830 0.960784 49 1.014154 1.044691 0.147703
0.55 0.55 1.088843 0.930874 0.553935 0.960784 49 1.010558 1.066695 0.142007
0.55 0.60 1.113265 1.006761 0.549009 0.980392 50 1.004029 1.022911 0.134960
0.55 0.65 1.080657 0.939288 0.547723 0.980392 50 1.015731 1.060145 0.142757
0.55 0.70 1.083616 0.994941 0.541510 0.980392 50 1.010709 0.998894 0.137955
0.55 0.75 1.067433 0.957784 0.548563 0.960784 49 1.027811 1.038442 0.141271
0.55 0.80 1.091481 0.938177 0.548500 0.960784 49 1.013771 1.048104 0.144457
0.55 0.85 1.090790 0.984596 0.552379 0.960784 49 1.017174 1.070473 0.148846
0.55 0.90 1.084242 1.014984 0.548979 0.980392 50 0.997250 0.994403 0.134892
0.55 0.95 1.072874 0.986898 0.542913 0.960784 49 1.020076 1.039020 0.133622
0.55 1.00 1.098271 0.988447 0.553757 0.980392 50 1.006353 1.027793 0.142863
0.60 0.05 1.093554 0.979896 0.544153 0.980392 50 1.000662 0.997544 0.150380
0.60 0.10 1.097538 0.980337 0.538277 0.980392 50 1.008675 1.004616 0.161033
0.60 0.15 1.089844 0.948755 0.537774 0.980392 50 1.015151 1.043968 0.152798
0.60 0.20 1.117142 0.971027 0.549400 0.980392 50 1.005901 1.013717 0.144115
0.60 0.25 1.095846 0.996756 0.528407 0.980392 50 0.997721 0.990383 0.145665
0.60 0.30 1.080707 0.993696 0.523835 0.980392 50 1.002428 0.997880 0.155843
0.60 0.35 1.111482 0.967167 0.550428 0.980392 50 1.009513 1.009239 0.152852
0.60 0.40 1.100261 1.008483 0.543167 0.980392 50 0.998701 0.998072 0.151665
0.60 0.45 1.100572 0.975311 0.539991 0.980392 50 1.017792 1.030378 0.154943
0.60 0.50 1.085048 1.000169 0.531568 0.980392 50 1.004331 0.997289 0.150971
0.60 0.55 1.101350 0.959080 0.523096 0.980392 50 1.007432 1.011893 0.147312
0.60 0.60 1.108654 0.981137 0.541616 0.980392 50 1.008587 0.995208 0.158350
0.60 0.65 1.089357 0.985915 0.529332 0.980392 50 1.001147 1.006004 0.148961
0.60 0.70 1.098872 0.973852 0.534128 0.980392 50 1.006369 0.988825 0.152203
0.60 0.75 1.116419 0.989573 0.537768 0.980392 50 1.016861 1.014424 0.157535
0.60 0.80 1.092755 0.957779 0.523508 0.980392 50 1.011116 1.010503 0.142446
0.60 0.85 1.079238 1.000637 0.536043 0.980392 50 0.993601 0.989320 0.148746
0.60 0.90 1.106089 1.007095 0.548226 0.980392 50 1.005939 0.998347 0.160535
0.60 0.95 1.070344 0.978473 0.528107 0.980392 50 1.011891 0.995151 0.139521
0.60 1.00 1.065355 0.926976 0.537144 0.980392 50 1.012738 1.023893 0.155803
0.65 0.05 1.096672 1.001337 0.484575 0.980392 50 1.016140 0.999171 0.155856
0.65 0.10 1.100199 0.969324 0.515767 0.980392 50 1.002225 0.978559 0.142199
0.65 0.15 1.133332 1.042778 0.506711 0.980392 50 1.011031 0.985722 0.156709
0.65 0.20 1.103131 1.000879 0.503062 0.980392 50 1.015003 0.994890 0.156813
0.65 0.25 1.083965 1.013302 0.497017 0.980392 50 1.008053 1.001534 0.149498
0.65 0.30 1.102975 1.005986 0.501179 0.980392 50 1.014810 0.996216 0.152946
0.65 0.35 1.108032 1.031040 0.504344 0.980392 50 1.013715 0.976106 0.157992
0.65 0.40 1.098488 0.994065 0.512441 0.980392 50 0.993784 0.983592 0.147112
0.65 0.45 1.083800 1.005631 0.486405 0.980392 50 1.017207 1.021242 0.149213
0.65 0.50 1.104241 0.997182 0.503624 0.980392 50 1.006694 1.012713 0.145377
0.65 0.55 1.103327 1.014800 0.478956 0.980392 50 1.020057 1.009091 0.153225
0.65 0.60 1.105109 1.011836 0.512903 0.980392 50 1.018216 1.001324 0.158381
0.65 0.65 1.110968 1.006018 0.508552 0.980392 50 1.019567 1.020244 0.158556
0.65 0.70 1.082942 1.052772 0.486380 0.980392 50 1.010905 0.987740 0.153520
0.65 0.75 1.099577 1.011371 0.500972 0.980392 50 1.003736 0.986358 0.151290
0.65 0.80 1.122096 1.014954 0.524772 0.980392 50 1.017113 0.997876 0.156949
0.65 0.85 1.120252 1.030933 0.503400 0.980392 50 1.012880 1.003336 0.157325
0.65 0.90 1.112224 1.015346 0.506126 0.980392 50 1.025438 1.010502 0.164978
0.65 0.95 1.115510 1.027840 0.494081 0.980392 50 1.006070 0.975393 0.153683
0.65 1.00 1.111451 0.995749 0.510160 0.980392 50 1.007085 0.975237 0.147704
0.70 0.05 1.099644 1.025893 0.456831 0.980392 50 1.007300 0.977127 0.152735
0.70 0.10 1.097478 1.033433 0.444401 0.980392 50 1.017404 0.995847 0.154858
0.70 0.15 1.108137 1.022051 0.463145 0.980392 50 1.016747 0.984315 0.159526
0.70 0.20 1.108460 1.043618 0.458175 0.980392 50 1.023329 1.004678 0.157673
0.70 0.25 1.123820 1.042757 0.448723 0.980392 50 1.011228 0.976562 0.158215
0.70 0.30 1.103027 1.017973 0.456478 0.980392 50 1.006881 0.978702 0.152477
0.70 0.35 1.109239 1.030824 0.465270 0.980392 50 1.015659 0.998387 0.160783
0.70 0.40 1.108610 1.023599 0.460648 0.980392 50 1.016134 0.990317 0.156576
0.70 0.45 1.110368 1.023674 0.478784 0.980392 50 1.005424 0.985526 0.153171
0.70 0.50 1.098036 1.044993 0.443545 0.980392 50 1.008648 0.988446 0.154222
0.70 0.55 1.089755 1.029770 0.454882 0.980392 50 1.023851 0.979392 0.162536
0.70 0.60 1.100822 1.043482 0.469823 0.980392 50 1.010603 0.996155 0.154374
0.70 0.65 1.096986 1.048043 0.450475 0.980392 50 1.009945 1.015073 0.135881
0.70 0.70 1.118152 1.050177 0.473469 0.980392 50 1.013970 0.973272 0.154963
0.70 0.75 1.098307 1.037292 0.456922 0.980392 50 1.022583 0.992801 0.162895
0.70 0.80 1.103969 1.028189 0.468032 0.980392 50 1.017945 1.000357 0.157131
0.70 0.85 1.121547 1.055131 0.462696 0.980392 50 1.016011 1.006054 0.152379
0.70 0.90 1.091894 1.026916 0.445139 0.980392 50 1.017545 1.009600 0.153904
0.70 0.95 1.099439 1.027341 0.461101 0.980392 50 1.015299 0.998814 0.161635
0.70 1.00 1.109388 1.038557 0.462440 0.980392 50 1.016989 0.989418 0.158491
0.75 0.05 1.098880 1.046780 0.418231 1.000000 51 1.010032 0.971680 0.157280
0.75 0.10 1.094310 1.059045 0.416022 0.980392 50 1.017210 0.995439 0.157997
0.75 0.15 1.087940 1.052386 0.411092 0.980392 50 1.015494 0.995634 0.153053
0.75 0.20 1.096031 1.054169 0.417421 0.980392 50 1.010170 0.988166 0.155232
0.75 0.25 1.098512 1.042674 0.426001 0.980392 50 1.011923 0.982753 0.158931
0.75 0.30 1.108712 1.055752 0.421385 0.980392 50 1.012249 0.984384 0.153941
0.75 0.35 1.102532 1.050254 0.426767 1.000000 51 1.006862 0.971271 0.158600
0.75 0.40 1.087476 1.050455 0.431651 0.980392 50 1.005620 0.969921 0.151794
0.75 0.45 1.098750 1.052395 0.417096 1.000000 51 1.005492 0.977944 0.151851
0.75 0.50 1.095481 1.060030 0.420757 1.000000 51 1.011272 0.988605 0.151000
0.75 0.55 1.104940 1.048591 0.428568 1.000000 51 1.008581 0.973517 0.153523
0.75 0.60 1.101080 1.056233 0.428047 1.000000 51 1.015041 0.985009 0.160636
0.75 0.65 1.104567 1.057126 0.424542 0.980392 50 1.009382 0.985376 0.157023
0.75 0.70 1.097450 1.046714 0.421595 0.980392 50 1.005921 0.977225 0.151748
0.75 0.75 1.100181 1.054070 0.422461 0.980392 50 1.012894 0.991313 0.153493
0.75 0.80 1.089191 1.047100 0.416359 1.000000 51 1.007067 0.970903 0.157115
0.75 0.85 1.099818 1.042558 0.428487 1.000000 51 1.006144 0.965853 0.161169
0.75 0.90 1.102222 1.070638 0.420039 1.000000 51 1.009346 0.965718 0.159340
0.75 0.95 1.090038 1.046348 0.432173 0.980392 50 1.011622 0.984567 0.155818
0.75 1.00 1.089927 1.051036 0.421364 0.980392 50 1.012866 0.982242 0.160278
0.80 0.05 1.089045 1.058887 0.399361 1.000000 51 1.007793 0.978356 0.154066
0.80 0.10 1.093756 1.057774 0.402905 1.000000 51 1.008769 0.978395 0.153071
0.80 0.15 1.089799 1.061753 0.410322 0.980392 50 1.010596 0.978322 0.156160
0.80 0.20 1.089152 1.051125 0.406430 1.000000 51 1.008329 0.978488 0.159036
0.80 0.25 1.093824 1.055821 0.403182 1.000000 51 1.010245 0.978807 0.151693
0.80 0.30 1.095554 1.052083 0.402923 1.000000 51 1.011260 0.995886 0.153603
0.80 0.35 1.084100 1.047890 0.402210 1.000000 51 1.007353 0.973244 0.157859
0.80 0.40 1.078591 1.059417 0.403002 0.980392 50 1.011908 0.980714 0.155265
0.80 0.45 1.090505 1.053669 0.403255 1.000000 51 1.005014 0.966719 0.153749
0.80 0.50 1.078825 1.047416 0.393357 0.980392 50 1.008688 0.969933 0.158439
0.80 0.55 1.092853 1.060286 0.406128 1.000000 51 1.007763 0.976815 0.156849
0.80 0.60 1.089125 1.056256 0.404176 1.000000 51 1.006396 0.965297 0.158394
0.80 0.65 1.089516 1.061664 0.404831 1.000000 51 1.014785 0.993539 0.156316
0.80 0.70 1.083472 1.056579 0.398915 1.000000 51 1.008220 0.987100 0.156679
0.80 0.75 1.086411 1.048477 0.402345 0.980392 50 1.006653 0.974153 0.156848
0.80 0.80 1.086040 1.045387 0.395048 1.000000 51 1.010276 0.983237 0.155068
0.80 0.85 1.086913 1.046753 0.404198 1.000000 51 1.005683 0.971422 0.154232
0.80 0.90 1.080945 1.061859 0.394485 1.000000 51 1.010353 0.977566 0.155143
0.80 0.95 1.077733 1.053553 0.398449 0.980392 50 1.011398 0.981390 0.157564
0.80 1.00 1.086018 1.055588 0.404962 0.980392 50 1.011377 0.975631 0.156679
0.85 0.05 1.072314 1.042152 0.388737 0.980392 50 1.006550 0.978328 0.157455
0.85 0.10 1.065097 1.033735 0.393294 0.980392 50 1.005744 0.973133 0.156567
0.85 0.15 1.071641 1.024220 0.390283 0.980392 50 1.005467 0.966292 0.157531
0.85 0.20 1.074123 1.050635 0.385140 0.980392 50 1.007992 0.970999 0.153915
0.85 0.25 1.071875 1.042708 0.392698 0.980392 50 1.003530 0.975199 0.152278
0.85 0.30 1.071812 1.031915 0.385866 0.980392 50 1.013244 0.978251 0.159865
0.85 0.35 1.068232 1.034841 0.389655 0.980392 50 1.007637 0.977121 0.156337
0.85 0.40 1.071353 1.042547 0.391354 0.980392 50 1.007162 0.983080 0.154052
0.85 0.45 1.067938 1.031100 0.392268 1.000000 51 1.004962 0.972306 0.156990
0.85 0.50 1.075193 1.034883 0.389964 1.000000 51 1.009929 0.976487 0.157967
0.85 0.55 1.076164 1.041990 0.388702 0.980392 50 1.009230 0.982358 0.159532
0.85 0.60 1.074217 1.033683 0.391984 0.980392 50 1.006282 0.973639 0.161127
0.85 0.65 1.078019 1.043531 0.387694 1.000000 51 1.008645 0.970694 0.155676
0.85 0.70 1.078385 1.036215 0.392042 1.000000 51 1.007740 0.979943 0.157203
0.85 0.75 1.081125 1.053222 0.390409 0.980392 50 1.001968 0.971699 0.157961
0.85 0.80 1.076398 1.033682 0.390029 0.980392 50 1.004576 0.974467 0.154377
0.85 0.85 1.071953 1.044547 0.385717 0.980392 50 1.011654 0.977527 0.162157
0.85 0.90 1.072231 1.038252 0.390458 0.980392 50 1.010198 0.982172 0.157121
0.85 0.95 1.071607 1.043958 0.388140 0.980392 50 1.008701 0.981752 0.155939
0.85 1.00 1.075476 1.041282 0.392741 1.000000 51 1.005121 0.973149 0.155786
0.90 0.05 1.051846 1.016141 0.382956 0.980392 50 1.004594 0.963842 0.157536
0.90 0.10 1.050363 1.019036 0.385593 0.980392 50 1.006660 0.969865 0.156294
0.90 0.15 1.047046 0.996533 0.383630 0.980392 50 1.004772 0.960074 0.159389
0.90 0.20 1.054620 1.021051 0.386465 0.980392 50 1.008304 0.971913 0.159043
0.90 0.25 1.051804 1.011178 0.380918 0.980392 50 1.008385 0.971753 0.159618
0.90 0.30 1.062035 1.017243 0.387549 0.980392 50 1.005866 0.977544 0.155051
0.90 0.35 1.054633 1.015470 0.380792 0.980392 50 1.006995 0.970960 0.161763
0.90 0.40 1.051597 1.016101 0.382168 0.980392 50 1.004833 0.970383 0.155702
0.90 0.45 1.060128 1.024726 0.384842 0.980392 50 1.006842 0.972514 0.156157
0.90 0.50 1.059436 1.013562 0.383734 0.980392 50 1.008917 0.982678 0.159681
0.90 0.55 1.059534 1.016792 0.383771 0.980392 50 1.004665 0.976220 0.156698
0.90 0.60 1.056032 1.026592 0.386545 0.980392 50 1.004250 0.964517 0.156498
0.90 0.65 1.058315 1.018884 0.387266 0.980392 50 1.006656 0.975458 0.157917
0.90 0.70 1.062056 1.018902 0.381402 0.980392 50 1.009570 0.979662 0.160924
0.90 0.75 1.053518 1.016956 0.382261 0.980392 50 1.006785 0.969242 0.157971
0.90 0.80 1.053117 1.018270 0.381415 0.980392 50 1.008968 0.977965 0.156801
0.90 0.85 1.055332 1.014734 0.385265 0.980392 50 1.004769 0.969149 0.158908
0.90 0.90 1.055564 1.013673 0.387429 0.980392 50 1.005546 0.960403 0.159640
0.90 0.95 1.057249 1.008057 0.384548 0.980392 50 1.003744 0.971834 0.156136
0.90 1.00 1.048562 0.991851 0.376285 0.980392 50 1.005394 0.968518 0.159515
0.95 0.05 1.033500 0.981457 0.382849 0.980392 50 1.004657 0.947469 0.159679
0.95 0.10 1.029967 0.987172 0.381550 0.980392 50 1.004355 0.945287 0.161057
0.95 0.15 1.039256 0.998341 0.385795 0.980392 50 1.007004 0.958281 0.162261
0.95 0.20 1.039525 0.989066 0.383537 0.980392 50 1.003392 0.950179 0.161609
0.95 0.25 1.033773 0.993290 0.378906 0.980392 50 1.004700 0.948495 0.160149
0.95 0.30 1.038776 0.990317 0.381876 0.980392 50 1.006694 0.949103 0.163021
0.95 0.35 1.035443 0.972846 0.380187 0.980392 50 1.005283 0.960005 0.160370
0.95 0.40 1.028812 0.974460 0.382639 0.980392 50 1.004913 0.945784 0.159371
0.95 0.45 1.033736 0.979673 0.385254 0.980392 50 1.001415 0.939073 0.160889
0.95 0.50 1.033539 0.986112 0.379159 0.980392 50 1.006066 0.958141 0.160576
0.95 0.55 1.031770 0.987333 0.378517 0.980392 50 1.004203 0.948215 0.160969
0.95 0.60 1.036126 0.977424 0.378190 0.980392 50 1.006387 0.957613 0.158493
0.95 0.65 1.027633 0.981770 0.384600 0.980392 50 1.001297 0.939813 0.157977
0.95 0.70 1.038825 0.989908 0.381259 0.980392 50 1.006683 0.955188 0.159136
0.95 0.75 1.032243 0.975972 0.379061 0.980392 50 1.005258 0.953106 0.160244
0.95 0.80 1.033735 0.983467 0.379287 0.980392 50 1.006817 0.956623 0.160830
0.95 0.85 1.037101 0.977634 0.385645 0.980392 50 1.005764 0.950143 0.160300
0.95 0.90 1.037076 0.981960 0.379535 0.980392 50 1.008376 0.958302 0.161095
0.95 0.95 1.033768 0.990937 0.372406 0.980392 50 1.008110 0.960995 0.159552
0.95 1.00 1.035271 0.986846 0.381222 0.980392 50 1.005915 0.962156 0.159149
1.00 0.05 1.017535 0.964001 0.376881 0.980392 50 1.007776 0.942997 0.163776
1.00 0.10 1.023541 0.968141 0.376857 0.980392 50 1.005974 0.948832 0.161950
1.00 0.15 1.015430 0.943784 0.379087 0.980392 50 1.003320 0.931224 0.165883
1.00 0.20 1.006944 0.948881 0.383888 0.980392 50 1.002817 0.914621 0.164081
1.00 0.25 1.020357 0.957232 0.382921 0.980392 50 1.006528 0.932976 0.164606
1.00 0.30 1.016927 0.970408 0.377837 0.980392 50 1.008305 0.932312 0.165163
1.00 0.35 1.018627 0.948771 0.383142 0.980392 50 1.005181 0.933160 0.162758
1.00 0.40 1.027188 0.962695 0.380719 0.960784 49 1.007678 0.945757 0.159239
1.00 0.45 1.010247 0.952557 0.385559 0.980392 50 1.001708 0.918309 0.164271
1.00 0.50 1.017909 0.964596 0.379669 0.960784 49 1.003776 0.926587 0.159307
1.00 0.55 1.024250 0.963146 0.373169 0.960784 49 1.008874 0.946113 0.158350
1.00 0.60 1.015460 0.952275 0.380698 0.960784 49 1.007284 0.933076 0.161114
1.00 0.65 1.017043 0.950125 0.380482 0.960784 49 1.006617 0.936262 0.163922
1.00 0.70 1.020568 0.955838 0.380267 0.980392 50 1.005670 0.937305 0.163787
1.00 0.75 1.014314 0.938992 0.379178 0.980392 50 1.003204 0.925635 0.163198
1.00 0.80 1.015346 0.968145 0.376350 0.980392 50 1.003969 0.931963 0.164921
1.00 0.85 1.012780 0.959427 0.383063 0.980392 50 1.004625 0.921850 0.164220
1.00 0.90 1.018120 0.960952 0.374748 0.980392 50 1.007098 0.944122 0.163439
1.00 0.95 1.009505 0.936992 0.379987 0.980392 50 1.003292 0.924227 0.164380
1.00 1.00 1.017911 0.958765 0.378659 0.980392 50 1.007232 0.943596 0.162359