2.250000000000000056e-01 2.500000000000000139e-02 1.204983499999999985e+00 6.067759999999999820e-01
2.250000000000000056e-01 5.000000000000000278e-02 1.151124199999999931e+00 4.872598000000000207e-01
2.250000000000000056e-01 7.499999999999999722e-02 1.219535599999999942e+00 6.542660599999999826e-01
2.250000000000000056e-01 1.000000000000000056e-01 1.150526200000000054e+00 5.606008999999999576e-01
2.250000000000000056e-01 1.250000000000000000e-01 1.113517400000000102e+00 4.456289700000000131e-01
2.250000000000000056e-01 1.499999999999999944e-01 1.056523600000000007e+00 4.284561599999999748e-01
2.250000000000000056e-01 1.749999999999999889e-01 1.239301200000000103e+00 6.314735399999999998e-01
2.250000000000000056e-01 2.000000000000000111e-01 1.160726200000000041e+00 4.888470500000000052e-01
2.250000000000000056e-01 2.250000000000000056e-01 1.202623400000000009e+00 6.120641999999999472e-01
2.250000000000000056e-01 2.500000000000000000e-01 1.201441800000000004e+00 7.076440999999999981e-01
2.250000000000000056e-01 2.750000000000000222e-01 1.208375200000000094e+00 6.477977000000000318e-01
2.250000000000000056e-01 2.999999999999999889e-01 1.166866299999999912e+00 6.085391999999999468e-01
2.250000000000000056e-01 3.250000000000000111e-01 1.112297700000000056e+00 6.479271699999999967e-01
2.250000000000000056e-01 3.499999999999999778e-01 1.141632999999999898e+00 5.441326499999999955e-01
2.250000000000000056e-01 3.750000000000000000e-01 1.059875200000000017e+00 4.221418000000000115e-01
2.250000000000000056e-01 4.000000000000000222e-01 1.168583600000000056e+00 6.930148000000000419e-01
2.250000000000000056e-01 4.249999999999999889e-01 1.133795099999999945e+00 4.851071000000000133e-01
2.250000000000000056e-01 4.500000000000000111e-01 1.115679499999999935e+00 5.953122400000000480e-01
2.250000000000000056e-01 4.749999999999999778e-01 1.107481699999999902e+00 5.494939699999999982e-01
2.250000000000000056e-01 5.000000000000000000e-01 1.156919500000000101e+00 4.406112699999999993e-01
2.250000000000000056e-01 5.250000000000000222e-01 1.132485600000000092e+00 4.838872599999999857e-01
2.250000000000000056e-01 5.500000000000000444e-01 1.145099300000000042e+00 4.228052800000000055e-01
2.250000000000000056e-01 5.749999999999999556e-01 1.161979300000000048e+00 4.572464800000000107e-01
2.250000000000000056e-01 5.999999999999999778e-01 1.084402199999999983e+00 4.672941600000000140e-01
2.250000000000000056e-01 6.250000000000000000e-01 1.192725899999999895e+00 5.452149499999999760e-01
2.250000000000000056e-01 6.500000000000000222e-01 1.173663399999999912e+00 6.237553399999999915e-01
2.250000000000000056e-01 6.750000000000000444e-01 1.151894600000000102e+00 6.395437000000000483e-01
2.250000000000000056e-01 6.999999999999999556e-01 1.155198799999999970e+00 5.054203000000000445e-01
2.250000000000000056e-01 7.249999999999999778e-01 1.093398300000000045e+00 4.816049600000000264e-01
2.250000000000000056e-01 7.500000000000000000e-01 1.188656200000000052e+00 5.400983000000000311e-01
2.250000000000000056e-01 7.750000000000000222e-01 1.168632300000000068e+00 5.049963600000000330e-01
2.250000000000000056e-01 8.000000000000000444e-01 1.212108399999999975e+00 5.338393999999999640e-01
2.250000000000000056e-01 8.249999999999999556e-01 1.135047600000000045e+00 5.541104000000000029e-01
2.250000000000000056e-01 8.499999999999999778e-01 1.182607399999999975e+00 5.578999500000000333e-01
2.250000000000000056e-01 8.750000000000000000e-01 1.061549999999999994e+00 3.562090700000000165e-01
2.250000000000000056e-01 9.000000000000000222e-01 1.105263499999999954e+00 4.136239299999999730e-01
2.250000000000000056e-01 9.250000000000000444e-01 1.228527900000000006e+00 6.189824000000000437e-01
2.250000000000000056e-01 9.499999999999999556e-01 1.150485999999999898e+00 4.902123999999999926e-01
2.250000000000000056e-01 9.749999999999999778e-01 1.123224999999999918e+00 5.279407499999999587e-01
2.250000000000000056e-01 1.000000000000000000e+00 1.167308199999999907e+00 5.098825000000000163e-01
2.500000000000000000e-01 2.500000000000000139e-02 1.136587900000000095e+00 5.997921000000000502e-01
2.500000000000000000e-01 5.000000000000000278e-02 1.263346999999999998e+00 6.223583999999999783e-01
2.500000000000000000e-01 7.499999999999999722e-02 1.100940699999999994e+00 5.649311000000000194e-01
2.500000000000000000e-01 1.000000000000000056e-01 1.116281400000000090e+00 4.404007500000000075e-01
2.500000000000000000e-01 1.250000000000000000e-01 1.141583100000000073e+00 4.799886600000000114e-01
2.500000000000000000e-01 1.499999999999999944e-01 1.061575799999999958e+00 4.256216600000000128e-01
2.500000000000000000e-01 1.749999999999999889e-01 1.191548700000000016e+00 6.078171999999999464e-01
2.500000000000000000e-01 2.000000000000000111e-01 1.112249299999999996e+00 5.483869300000000502e-01
2.500000000000000000e-01 2.250000000000000056e-01 1.123868700000000054e+00 4.472189200000000198e-01
2.500000000000000000e-01 2.500000000000000000e-01 1.117888100000000051e+00 5.180551399999999695e-01
2.500000000000000000e-01 2.750000000000000222e-01 1.077522499999999939e+00 6.035199999999999454e-01
2.500000000000000000e-01 2.999999999999999889e-01 1.243306800000000045e+00 7.211134000000000155e-01
2.500000000000000000e-01 3.250000000000000111e-01 1.199237300000000062e+00 6.503421700000000527e-01
2.500000000000000000e-01 3.499999999999999778e-01 1.126945400000000097e+00 5.125644000000000311e-01
2.500000000000000000e-01 3.750000000000000000e-01 1.221658600000000039e+00 5.954361000000000237e-01
2.500000000000000000e-01 4.000000000000000222e-01 1.108557500000000084e+00 4.635731599999999841e-01
2.500000000000000000e-01 4.249999999999999889e-01 1.115656699999999946e+00 4.637955000000000272e-01
2.500000000000000000e-01 4.500000000000000111e-01 1.163755899999999954e+00 5.050183499999999492e-01
2.500000000000000000e-01 4.749999999999999778e-01 1.128132499999999983e+00 5.770197999999999716e-01
2.500000000000000000e-01 5.000000000000000000e-01 1.134616499999999917e+00 5.521722399999999809e-01
2.500000000000000000e-01 5.250000000000000222e-01 1.137476900000000013e+00 4.873173499999999825e-01
2.500000000000000000e-01 5.500000000000000444e-01 1.102278000000000091e+00 5.404063999999999535e-01
2.500000000000000000e-01 5.749999999999999556e-01 1.235967000000000038e+00 6.004414999999999614e-01
2.500000000000000000e-01 5.999999999999999778e-01 1.158129799999999987e+00 4.893371000000000248e-01
2.500000000000000000e-01 6.250000000000000000e-01 1.168531100000000045e+00 5.454213599999999662e-01
2.500000000000000000e-01 6.500000000000000222e-01 1.175306699999999926e+00 5.986856999999999873e-01
2.500000000000000000e-01 6.750000000000000444e-01 1.069080100000000089e+00 5.556083299999999836e-01
2.500000000000000000e-01 6.999999999999999556e-01 1.160000200000000037e+00 6.580294399999999655e-01
2.500000000000000000e-01 7.249999999999999778e-01 1.191834599999999966e+00 6.468945999999999863e-01
2.500000000000000000e-01 7.500000000000000000e-01 1.188600300000000054e+00 4.469060300000000097e-01
2.500000000000000000e-01 7.750000000000000222e-01 1.172970000000000068e+00 5.924393500000000312e-01
2.500000000000000000e-01 8.000000000000000444e-01 1.114084499999999922e+00 5.005483600000000255e-01
2.500000000000000000e-01 8.249999999999999556e-01 1.116432899999999950e+00 5.476305999999999674e-01
2.500000000000000000e-01 8.499999999999999778e-01 1.083303700000000092e+00 5.815082999999999780e-01
2.500000000000000000e-01 8.750000000000000000e-01 1.199740900000000110e+00 5.298878000000000199e-01
2.500000000000000000e-01 9.000000000000000222e-01 1.128533400000000020e+00 4.715224000000000082e-01
2.500000000000000000e-01 9.250000000000000444e-01 1.134916000000000036e+00 5.450886000000000342e-01
2.500000000000000000e-01 9.499999999999999556e-01 1.064831000000000083e+00 4.916051300000000013e-01
2.500000000000000000e-01 9.749999999999999778e-01 1.096100800000000097e+00 4.780059799999999970e-01
2.500000000000000000e-01 1.000000000000000000e+00 1.160721799999999915e+00 5.703175999999999801e-01
2.750000000000000222e-01 2.500000000000000139e-02 1.103800799999999915e+00 5.170607600000000081e-01
2.750000000000000222e-01 5.000000000000000278e-02 1.204248100000000044e+00 5.627016400000000029e-01
2.750000000000000222e-01 7.499999999999999722e-02 1.129566700000000035e+00 5.419115399999999694e-01
2.750000000000000222e-01 1.000000000000000056e-01 1.125009799999999949e+00 5.642103600000000219e-01
2.750000000000000222e-01 1.250000000000000000e-01 1.210161400000000054e+00 7.223534999999999817e-01
2.750000000000000222e-01 1.499999999999999944e-01 1.149258899999999972e+00 5.414771400000000234e-01
2.750000000000000222e-01 1.749999999999999889e-01 1.069462399999999924e+00 4.981245999999999730e-01
2.750000000000000222e-01 2.000000000000000111e-01 1.169102400000000097e+00 6.843485999999999736e-01
2.750000000000000222e-01 2.250000000000000056e-01 1.123247099999999943e+00 5.623632699999999707e-01
2.750000000000000222e-01 2.500000000000000000e-01 1.066085299999999902e+00 4.958602999999999761e-01
2.750000000000000222e-01 2.750000000000000222e-01 1.156785200000000069e+00 5.093168000000000140e-01
2.750000000000000222e-01 2.999999999999999889e-01 1.085439700000000007e+00 5.372689999999999966e-01
2.750000000000000222e-01 3.250000000000000111e-01 1.178755999999999915e+00 5.845270999999999662e-01
2.750000000000000222e-01 3.499999999999999778e-01 1.142308600000000007e+00 5.753926999999999792e-01
2.750000000000000222e-01 3.750000000000000000e-01 1.120040499999999994e+00 4.821068600000000259e-01
2.750000000000000222e-01 4.000000000000000222e-01 1.130268599999999957e+00 5.596744399999999953e-01
2.750000000000000222e-01 4.249999999999999889e-01 1.174919199999999941e+00 6.020694399999999558e-01
2.750000000000000222e-01 4.500000000000000111e-01 1.121472400000000036e+00 5.982830000000000092e-01
2.750000000000000222e-01 4.749999999999999778e-01 1.118344000000000005e+00 5.888953999999999578e-01
2.750000000000000222e-01 5.000000000000000000e-01 1.094606799999999991e+00 4.856302399999999908e-01
2.750000000000000222e-01 5.250000000000000222e-01 1.076574799999999943e+00 5.067224999999999646e-01
2.750000000000000222e-01 5.500000000000000444e-01 1.118120000000000003e+00 5.026651600000000553e-01
2.750000000000000222e-01 5.749999999999999556e-01 1.158043600000000062e+00 5.759273000000000309e-01
2.750000000000000222e-01 5.999999999999999778e-01 1.134494499999999961e+00 6.650275599999999621e-01
2.750000000000000222e-01 6.250000000000000000e-01 1.072094700000000067e+00 5.055262999999999840e-01
2.750000000000000222e-01 6.500000000000000222e-01 1.145569999999999977e+00 5.273845000000000338e-01
2.750000000000000222e-01 6.750000000000000444e-01 1.139934100000000061e+00 6.157461400000000529e-01
2.750000000000000222e-01 6.999999999999999556e-01 1.170984100000000083e+00 5.331122999999999834e-01
2.750000000000000222e-01 7.249999999999999778e-01 1.203022000000000036e+00 5.476490000000000524e-01
2.750000000000000222e-01 7.500000000000000000e-01 1.142374999999999918e+00 4.600857999999999892e-01
2.750000000000000222e-01 7.750000000000000222e-01 1.174000500000000002e+00 6.289058299999999990e-01
2.750000000000000222e-01 8.000000000000000444e-01 1.148131000000000013e+00 4.895199499999999815e-01
2.750000000000000222e-01 8.249999999999999556e-01 1.110251199999999994e+00 5.904969599999999597e-01
2.750000000000000222e-01 8.499999999999999778e-01 1.192472500000000046e+00 5.413088000000000344e-01
2.750000000000000222e-01 8.750000000000000000e-01 1.088430800000000032e+00 4.898831499999999894e-01
2.750000000000000222e-01 9.000000000000000222e-01 1.151383800000000068e+00 4.482815600000000233e-01
2.750000000000000222e-01 9.250000000000000444e-01 1.213191899999999990e+00 5.358937999999999757e-01
2.750000000000000222e-01 9.499999999999999556e-01 1.116474900000000048e+00 4.696825700000000214e-01
2.750000000000000222e-01 9.749999999999999778e-01 1.076576999999999895e+00 4.656129199999999857e-01
2.750000000000000222e-01 1.000000000000000000e+00 1.112276400000000054e+00 5.545974999999999655e-01
0.225 0.025 1.204983 0.606776
0.225 0.050 1.151124 0.487260
0.225 0.075 1.219536 0.654266
0.225 0.100 1.150526 0.560601
0.225 0.125 1.113517 0.445629
0.225 0.150 1.056524 0.428456
0.225 0.175 1.239301 0.631474
0.225 0.200 1.160726 0.488847
0.225 0.225 1.202623 0.612064
0.225 0.250 1.201442 0.707644
0.225 0.275 1.208375 0.647798
0.225 0.300 1.166866 0.608539
0.225 0.325 1.112298 0.647927
0.225 0.350 1.141633 0.544133
0.225 0.375 1.059875 0.422142
0.225 0.400 1.168584 0.693015
0.225 0.425 1.133795 0.485107
0.225 0.450 1.115679 0.595312
0.225 0.475 1.107482 0.549494
0.225 0.500 1.156920 0.440611
0.225 0.525 1.132486 0.483887
0.225 0.550 1.145099 0.422805
0.225 0.575 1.161979 0.457246
0.225 0.600 1.084402 0.467294
0.225 0.625 1.192726 0.545215
0.225 0.650 1.173663 0.623755
0.225 0.675 1.151895 0.639544
0.225 0.700 1.155199 0.505420
0.225 0.725 1.093398 0.481605
0.225 0.750 1.188656 0.540098
0.225 0.775 1.168632 0.504996
0.225 0.800 1.212108 0.533839
0.225 0.825 1.135048 0.554110
0.225 0.850 1.182607 0.557900
0.225 0.875 1.061550 0.356209
0.225 0.900 1.105263 0.413624
0.225 0.925 1.228528 0.618982
0.225 0.950 1.150486 0.490212
0.225 0.975 1.123225 0.527941
0.225 1.000 1.167308 0.509883
0.250 0.025 1.136588 0.599792
0.250 0.050 1.263347 0.622358
0.250 0.075 1.100941 0.564931
0.250 0.100 1.116281 0.440401
0.250 0.125 1.141583 0.479989
0.250 0.150 1.061576 0.425622
0.250 0.175 1.191549 0.607817
0.250 0.200 1.112249 0.548387
0.250 0.225 1.123869 0.447219
0.250 0.250 1.117888 0.518055
0.250 0.275 1.077522 0.603520
0.250 0.300 1.243307 0.721113
0.250 0.325 1.199237 0.650342
0.250 0.350 1.126945 0.512564
0.250 0.375 1.221659 0.595436
0.250 0.400 1.108558 0.463573
0.250 0.425 1.115657 0.463796
0.250 0.450 1.163756 0.505018
0.250 0.475 1.128132 0.577020
0.250 0.500 1.134616 0.552172
0.250 0.525 1.137477 0.487317
0.250 0.550 1.102278 0.540406
0.250 0.575 1.235967 0.600441
0.250 0.600 1.158130 0.489337
0.250 0.625 1.168531 0.545421
0.250 0.650 1.175307 0.598686
0.250 0.675 1.069080 0.555608
0.250 0.700 1.160000 0.658029
0.250 0.725 1.191835 0.646895
0.250 0.750 1.188600 0.446906
0.250 0.775 1.172970 0.592439
0.250 0.800 1.114084 0.500548
0.250 0.825 1.116433 0.547631
0.250 0.850 1.083304 0.581508
0.250 0.875 1.199741 0.529888
0.250 0.900 1.128533 0.471522
0.250 0.925 1.134916 0.545089
0.250 0.950 1.064831 0.491605
0.250 0.975 1.096101 0.478006
0.250 1.000 1.160722 0.570318
0.275 0.025 1.103801 0.517061
0.275 0.050 1.204248 0.562702
0.275 0.075 1.129567 0.541912
0.275 0.100 1.125010 0.564210
0.275 0.125 1.210161 0.722353
0.275 0.150 1.149259 0.541477
0.275 0.175 1.069462 0.498125
0.275 0.200 1.169102 0.684349
0.275 0.225 1.123247 0.562363
0.275 0.250 1.066085 0.495860
0.275 0.275 1.156785 0.509317
0.275 0.300 1.085440 0.537269
0.275 0.325 1.178756 0.584527
0.275 0.350 1.142309 0.575393
0.275 0.375 1.120040 0.482107
0.275 0.400 1.130269 0.559674
0.275 0.425 1.174919 0.602069
0.275 0.450 1.121472 0.598283
0.275 0.475 1.118344 0.588895
0.275 0.500 1.094607 0.485630
0.275 0.525 1.076575 0.506722
0.275 0.550 1.118120 0.502665
0.275 0.575 1.158044 0.575927
0.275 0.600 1.134494 0.665028
0.275 0.625 1.072095 0.505526
0.275 0.650 1.145570 0.527385
0.275 0.675 1.139934 0.615746
0.275 0.700 1.170984 0.533112
0.275 0.725 1.203022 0.547649
0.275 0.750 1.142375 0.460086
0.275 0.775 1.174001 0.628906
0.275 0.800 1.148131 0.489520
0.275 0.825 1.110251 0.590497
0.275 0.850 1.192473 0.541309
0.275 0.875 1.088431 0.489883
0.275 0.900 1.151384 0.448282
0.275 0.925 1.213192 0.535894
0.275 0.950 1.116475 0.469683
0.275 0.975 1.076577 0.465613
0.275 1.000 1.112276 0.5545970.225 0.025 1.204983 0.606776
0.225 0.050 1.151124 0.487260
0.225 0.075 1.219536 0.654266
0.225 0.100 1.150526 0.560601
0.225 0.125 1.113517 0.445629
0.225 0.150 1.056524 0.428456
0.225 0.175 1.239301 0.631474
0.225 0.200 1.160726 0.488847
0.225 0.225 1.202623 0.612064
0.225 0.250 1.201442 0.707644
0.225 0.275 1.208375 0.647798
0.225 0.300 1.166866 0.608539
0.225 0.325 1.112298 0.647927
0.225 0.350 1.141633 0.544133
0.225 0.375 1.059875 0.422142
0.225 0.400 1.168584 0.693015
0.225 0.425 1.133795 0.485107
0.225 0.450 1.115679 0.595312
0.225 0.475 1.107482 0.549494
0.225 0.500 1.156920 0.440611
0.225 0.525 1.132486 0.483887
0.225 0.550 1.145099 0.422805
0.225 0.575 1.161979 0.457246
0.225 0.600 1.084402 0.467294
0.225 0.625 1.192726 0.545215
0.225 0.650 1.173663 0.623755
0.225 0.675 1.151895 0.639544
0.225 0.700 1.155199 0.505420
0.225 0.725 1.093398 0.481605
0.225 0.750 1.188656 0.540098
0.225 0.775 1.168632 0.504996
0.225 0.800 1.212108 0.533839
0.225 0.825 1.135048 0.554110
0.225 0.850 1.182607 0.557900
0.225 0.875 1.061550 0.356209
0.225 0.900 1.105263 0.413624
0.225 0.925 1.228528 0.618982
0.225 0.950 1.150486 0.490212
0.225 0.975 1.123225 0.527941
0.225 1.000 1.167308 0.509883
0.250 0.025 1.136588 0.599792
0.250 0.050 1.263347 0.622358
0.250 0.075 1.100941 0.564931
0.250 0.100 1.116281 0.440401
0.250 0.125 1.141583 0.479989
0.250 0.150 1.061576 0.425622
0.250 0.175 1.191549 0.607817
0.250 0.200 1.112249 0.548387
0.250 0.225 1.123869 0.447219
0.250 0.250 1.117888 0.518055
0.250 0.275 1.077522 0.603520
0.250 0.300 1.243307 0.721113
0.250 0.325 1.199237 0.650342
0.250 0.350 1.126945 0.512564
0.250 0.375 1.221659 0.595436
0.250 0.400 1.108558 0.463573
0.250 0.425 1.115657 0.463796
0.250 0.450 1.163756 0.505018
0.250 0.475 1.128132 0.577020
0.250 0.500 1.134616 0.552172
0.250 0.525 1.137477 0.487317
0.250 0.550 1.102278 0.540406
0.250 0.575 1.235967 0.600441
0.250 0.600 1.158130 0.489337
0.250 0.625 1.168531 0.545421
0.250 0.650 1.175307 0.598686
0.250 0.675 1.069080 0.555608
0.250 0.700 1.160000 0.658029
0.250 0.725 1.191835 0.646895
0.250 0.750 1.188600 0.446906
0.250 0.775 1.172970 0.592439
0.250 0.800 1.114084 0.500548
0.250 0.825 1.116433 0.547631
0.250 0.850 1.083304 0.581508
0.250 0.875 1.199741 0.529888
0.250 0.900 1.128533 0.471522
0.250 0.925 1.134916 0.545089
0.250 0.950 1.064831 0.491605
0.250 0.975 1.096101 0.478006
0.250 1.000 1.160722 0.570318
0.275 0.025 1.103801 0.517061
0.275 0.050 1.204248 0.562702
0.275 0.075 1.129567 0.541912
0.275 0.100 1.125010 0.564210
0.275 0.125 1.210161 0.722353
0.275 0.150 1.149259 0.541477
0.275 0.175 1.069462 0.498125
0.275 0.200 1.169102 0.684349
0.275 0.225 1.123247 0.562363
0.275 0.250 1.066085 0.495860
0.275 0.275 1.156785 0.509317
0.275 0.300 1.085440 0.537269
0.275 0.325 1.178756 0.584527
0.275 0.350 1.142309 0.575393
0.275 0.375 1.120040 0.482107
0.275 0.400 1.130269 0.559674
0.275 0.425 1.174919 0.602069
0.275 0.450 1.121472 0.598283
0.275 0.475 1.118344 0.588895
0.275 0.500 1.094607 0.485630
0.275 0.525 1.076575 0.506722
0.275 0.550 1.118120 0.502665
0.275 0.575 1.158044 0.575927
0.275 0.600 1.134494 0.665028
0.275 0.625 1.072095 0.505526
0.275 0.650 1.145570 0.527385
0.275 0.675 1.139934 0.615746
0.275 0.700 1.170984 0.533112
0.275 0.725 1.203022 0.547649
0.275 0.750 1.142375 0.460086
0.275 0.775 1.174001 0.628906
0.275 0.800 1.148131 0.489520
0.275 0.825 1.110251 0.590497
0.275 0.850 1.192473 0.541309
0.275 0.875 1.088431 0.489883
0.275 0.900 1.151384 0.448282
0.275 0.925 1.213192 0.535894
0.275 0.950 1.116475 0.469683
0.275 0.975 1.076577 0.465613
0.275 1.000 1.112276 0.554597