lengthscale l2regularizer rmse_mean rmse_std

0.05 0.025 1.1223295 0.4737057
0.05 0.05 1.1661084 0.6048273
0.05 0.075 1.1297395 0.5024405
0.05 0.1 1.0880402 0.46544033
0.05 0.125 1.138047 0.5010669
0.05 0.15 1.1442101 0.52756757
0.05 0.175 1.1776435 0.5107573
0.05 0.2 1.1378267 0.41842082
0.05 0.225 1.1806395 0.58139074
0.05 0.25 1.2458569 0.5295689
0.05 0.275 1.2204789 0.66401625
0.05 0.3 1.1280508 0.40899992
0.05 0.325 1.1434067 0.5095019
0.05 0.35 1.1145223 0.5351739
0.05 0.375 1.1194499 0.51964635
0.05 0.4 1.1104448 0.50555086
0.05 0.425 1.105046 0.49166155
0.05 0.45 1.1913006 0.43561497
0.05 0.475 1.1993557 0.71485937
0.05 0.5 1.1231935 0.4727226
0.05 0.525 1.1700915 0.43861854
0.05 0.55 1.1141392 0.5329176
0.05 0.575 1.1811463 0.61804545
0.05 0.6 1.0792366 0.520896
0.05 0.625 1.1807588 0.49850947
0.05 0.65 1.1218357 0.59317696
0.05 0.675 1.1577154 0.59354603
0.05 0.7 1.1367792 0.44851187
0.05 0.725 1.2054355 0.5008756
0.05 0.75 1.1297407 0.52300626
0.05 0.775 1.1594355 0.6603267
0.05 0.8 1.0999362 0.46301377
0.05 0.825 1.1321442 0.43297142
0.05 0.85 1.1693205 0.5299802
0.05 0.875 1.1229321 0.51433325
0.05 0.9 1.146233 0.47292015
0.05 0.925 1.1577448 0.59048116
0.05 0.95 1.1996197 0.5819733
0.05 0.975 1.1937242 0.5299294
0.05 1.0 1.0813335 0.5157586
0.075 0.025 1.1123607 0.5318297
0.075 0.05 1.078594 0.4577758
0.075 0.075 1.1346477 0.6033773
0.075 0.1 1.2418555 0.69580704
0.075 0.125 1.1843971 0.49550027
0.075 0.15 1.2368233 0.68426126
0.075 0.175 1.0743473 0.56180704
0.075 0.2 1.2158616 0.581617
0.075 0.225 1.1229162 0.4782826
0.075 0.25 1.0983816 0.4604712
0.075 0.275 1.1203976 0.5677535
0.075 0.3 1.0677598 0.5416248
0.075 0.325 1.037102 0.40006033
0.075 0.35 1.120208 0.5942454
0.075 0.375 1.1153446 0.56903857
0.075 0.4 1.1130431 0.44879928
0.075 0.425 1.1331508 0.4701793
0.075 0.45 1.1344671 0.48704106
0.075 0.475 1.1640414 0.5728554
0.075 0.5 1.1406119 0.57707405
0.075 0.525 1.0883412 0.53159666
0.075 0.55 1.2038532 0.5630947
0.075 0.575 1.1793674 0.6421928
0.075 0.6 1.2340542 0.60371506
0.075 0.625 1.12444 0.544408
0.075 0.65 1.1254085 0.4702587
0.075 0.675 1.2463653 0.62431866
0.075 0.7 1.0953231 0.4543112
0.075 0.725 1.1322424 0.576926
0.075 0.75 1.1528685 0.5389767
0.075 0.775 1.2284112 0.59959054
0.075 0.8 1.0770574 0.43117934
0.075 0.825 1.1704836 0.51670927
0.075 0.85 1.2580918 0.62757975
0.075 0.875 1.1572472 0.65317786
0.075 0.9 1.142734 0.5641275
0.075 0.925 1.1243883 0.5343707
0.075 0.95 1.0945396 0.52913284
0.075 0.975 1.1628606 0.53003156
0.075 1.0 1.0998764 0.4892946
0.1 0.025 1.1565257 0.57112664
0.1 0.05 1.2131064 0.59941095
0.1 0.075 1.1771764 0.5213142
0.1 0.1 1.2167729 0.52492785
0.1 0.125 1.1047655 0.6030857
0.1 0.15 1.1703856 0.49193284
0.1 0.175 1.2206436 0.5482008
0.1 0.2 1.0783436 0.4416986
0.1 0.225 1.1766558 0.48523164
0.1 0.25 1.1566328 0.55721563
0.1 0.275 1.1336268 0.5313646
0.1 0.3 1.1234595 0.52861756
0.1 0.325 1.1986854 0.51575476
0.1 0.35 1.1356237 0.48826146
0.1 0.375 1.1099403 0.5634497
0.1 0.4 1.1298538 0.51968527
0.1 0.425 1.2124405 0.5713328
0.1 0.45 1.1574423 0.51275945
0.1 0.475 1.1181126 0.49494913
0.1 0.5 1.1818136 0.55858356
0.1 0.525 1.1439762 0.5632614
0.1 0.55 1.1622944 0.5661053
0.1 0.575 1.1540952 0.45985633
0.1 0.6 1.1175716 0.4317691
0.1 0.625 1.169572 0.59850615
0.1 0.65 1.2057557 0.66906124
0.1 0.675 1.1005719 0.4525174
0.1 0.7 1.0880723 0.5295081
0.1 0.725 1.1465347 0.46545845
0.1 0.75 1.2669785 0.53333163
0.1 0.775 1.205428 0.63384473
0.1 0.8 1.257566 0.64641345
0.1 0.825 1.1124436 0.5207927
0.1 0.85 1.1567165 0.46468708
0.1 0.875 1.1205913 0.49455464
0.1 0.9 1.1093794 0.4465349
0.1 0.925 1.1247511 0.5183433
0.1 0.95 1.1185371 0.4949869
0.1 0.975 1.0603181 0.47348213
0.1 1.0 1.0652202 0.48120517
0.125 0.025 1.171113 0.5974811
0.125 0.05 1.125783 0.4565688
0.125 0.075 1.0897642 0.56052005
0.125 0.1 1.1486399 0.6361453
0.125 0.125 1.2617214 0.5967607
0.125 0.15 1.1596711 0.6022407
0.125 0.175 1.1073261 0.5379433
0.125 0.2 1.1771497 0.49047756
0.125 0.225 1.1192977 0.5313352
0.125 0.25 1.1815847 0.577925
0.125 0.275 1.0870922 0.5122157
0.125 0.3 1.1154343 0.59963614
0.125 0.325 1.1649292 0.46747938
0.125 0.35 1.1472468 0.5823339
0.125 0.375 1.0518463 0.45835096
0.125 0.4 1.1574141 0.6182008
0.125 0.425 1.1516763 0.5163547
0.125 0.45 1.1394389 0.49968767
0.125 0.475 1.0844847 0.4145715
0.125 0.5 1.1255047 0.48552626
0.125 0.525 1.1856989 0.49999753
0.125 0.55 1.1677213 0.52271056
0.125 0.575 1.1878085 0.479813
0.125 0.6 1.0948856 0.46186623
0.125 0.625 1.1116221 0.45101413
0.125 0.65 1.068793 0.41945872
0.125 0.675 1.1356033 0.5443382
0.125 0.7 1.1737483 0.59766906
0.125 0.725 1.1048206 0.6236388
0.125 0.75 1.1010802 0.5661857
0.125 0.775 1.2257308 0.5462919
0.125 0.8 1.1305962 0.43300545
0.125 0.825 1.2197201 0.5376332
0.125 0.85 1.1412249 0.57078516
0.125 0.875 1.1721458 0.55128866
0.125 0.9 1.2559198 0.5683448
0.125 0.925 1.1229376 0.5543909
0.125 0.95 1.0952125 0.4834019
0.125 0.975 1.1870486 0.5551874
0.125 1.0 1.1802143 0.58613753
0.15 0.025 1.2325822 0.6139222
0.15 0.05 1.1309172 0.47471523
0.15 0.075 1.1131841 0.5268507
0.15 0.1 1.2170395 0.6281936
0.15 0.125 1.1445346 0.54017055
0.15 0.15 1.2495507 0.70254016
0.15 0.175 1.214304 0.611983
0.15 0.2 1.1475903 0.49427357
0.15 0.225 1.2340475 0.66846347
0.15 0.25 1.074681 0.45100516
0.15 0.275 1.1480427 0.5606525
0.15 0.3 1.161862 0.48815936
0.15 0.325 1.2070854 0.5797917
0.15 0.35 1.1340164 0.5842677
0.15 0.375 1.0381376 0.41723216
0.15 0.4 1.0671018 0.52201355
0.15 0.425 1.141352 0.6047797
0.15 0.45 1.1548632 0.4459663
0.15 0.475 0.99527013 0.4932659
0.15 0.5 1.2347492 0.52632046
0.15 0.525 1.1295105 0.3773797
0.15 0.55 1.101217 0.5547062
0.15 0.575 1.1718713 0.61114645
0.15 0.6 1.1675134 0.56621224
0.15 0.625 1.154969 0.5038497
0.15 0.65 1.0815195 0.50086266
0.15 0.675 1.1537502 0.47472358
0.15 0.7 1.1657293 0.6347233
0.15 0.725 1.1079143 0.45700678
0.15 0.75 1.0962574 0.5948611
0.15 0.775 1.1494184 0.42396867
0.15 0.8 1.1261938 0.43817785
0.15 0.825 1.187046 0.60495025
0.15 0.85 1.0997732 0.4837409
0.15 0.875 1.127249 0.55290216
0.15 0.9 1.0849893 0.5110389
0.15 0.925 1.147706 0.5089894
0.15 0.95 1.2135556 0.5217788
0.15 0.975 1.2483413 0.6477516
0.15 1.0 1.1163247 0.48221356
0.175 0.025 1.149184 0.53542143
0.175 0.05 1.1812855 0.525823
0.175 0.075 1.0988766 0.48850855
0.175 0.1 1.1258528 0.4914742
0.175 0.125 1.098589 0.44011644
0.175 0.15 1.1537325 0.49816638
0.175 0.175 1.2272542 0.6308712
0.175 0.2 1.101285 0.50364166
0.175 0.225 1.147459 0.50585896
0.175 0.25 1.0786464 0.454209
0.175 0.275 1.1668673 0.55605775
0.175 0.3 1.1723015 0.54259807
0.175 0.325 1.1638061 0.43476883
0.175 0.35 1.0868165 0.4591756
0.175 0.375 1.2322417 0.7104326
0.175 0.4 1.120331 0.49505743
0.175 0.425 1.1585978 0.57526195
0.175 0.45 1.2152283 0.6046539
0.175 0.475 1.1336349 0.46907875
0.175 0.5 1.2149153 0.63085276
0.175 0.525 1.0990561 0.4433161
0.175 0.55 1.08333 0.4266351
0.175 0.575 1.1815212 0.55943245
0.175 0.6 1.1721705 0.56212693
0.175 0.625 1.199469 0.6571501
0.175 0.65 1.1687093 0.5012452
0.175 0.675 1.120207 0.52723193
0.175 0.7 1.0929226 0.54767
0.175 0.725 1.1850729 0.5675295
0.175 0.75 1.1286764 0.5840782
0.175 0.775 1.1721773 0.5742461
0.175 0.8 1.1281965 0.62159884
0.175 0.825 1.1588833 0.5839326
0.175 0.85 1.2294006 0.57679784
0.175 0.875 1.1503556 0.5738457
0.175 0.9 1.2177826 0.5008622
0.175 0.925 1.1628673 0.6048459
0.175 0.95 1.0659797 0.455576
0.175 0.975 1.2081743 0.68206203
0.175 1.0 1.1446741 0.54564196
0.2 0.025 1.1991701 0.5529645
0.2 0.05 1.2016342 0.6520577
0.2 0.075 1.2122922 0.75146216
0.2 0.1 1.1728855 0.48043266
0.2 0.125 1.1106639 0.49320626
0.2 0.15 1.1252122 0.45853442
0.2 0.175 1.2389224 0.60650927
0.2 0.2 1.1340317 0.4896664
0.2 0.225 1.1903929 0.45775494
0.2 0.25 1.1485875 0.49279997
0.2 0.275 1.0851979 0.52286476
0.2 0.3 1.1938651 0.5830884
0.2 0.325 1.12138 0.5325514
0.2 0.35 1.114905 0.50836957
0.2 0.375 1.1652263 0.531241
0.2 0.4 1.2190268 0.585583
0.2 0.425 1.1336848 0.43579054
0.2 0.45 1.1659111 0.5775755
0.2 0.475 1.0966154 0.475344
0.2 0.5 1.1801496 0.5039217
0.2 0.525 1.2057154 0.52489024
0.2 0.55 1.2000622 0.52770126
0.2 0.575 1.1832196 0.5560301
0.2 0.6 1.1617421 0.60940945
0.2 0.625 1.138489 0.5724927
0.2 0.65 1.0839878 0.4655661
0.2 0.675 1.125805 0.47924185
0.2 0.7 1.1185143 0.45955938
0.2 0.725 1.0837253 0.4877939
0.2 0.75 1.1560795 0.46816373
0.2 0.775 1.1366614 0.5131105
0.2 0.8 1.0909045 0.5165791
0.2 0.825 1.1197546 0.5799701
0.2 0.85 1.186539 0.5733891
0.2 0.875 1.1440144 0.47706753
0.2 0.9 1.1158695 0.54661626
0.2 0.925 1.1745085 0.59190077
0.2 0.95 1.1713521 0.66360384
0.2 0.975 1.1829603 0.5802276
0.2 1.0 1.1302361 0.48725796
0.3 0.025 1.1231409 0.45397103
0.3 0.05 1.0951529 0.36562228
0.3 0.075 1.1916767 0.5494292
0.3 0.1 1.1616827 0.557394
0.3 0.125 1.1135962 0.5121362
0.3 0.15 1.1881549 0.62937593
0.3 0.175 1.1233877 0.53971905
0.3 0.2 0.9851246 0.39174768
0.3 0.225 1.1927472 0.61871296
0.3 0.25 1.0908005 0.5256585
0.3 0.275 1.2272774 0.5628591
0.3 0.3 1.1832259 0.5699727
0.3 0.325 1.1430836 0.43193957
0.3 0.35 1.0908924 0.51558703
0.3 0.375 1.1264259 0.47175446
0.3 0.4 1.0993297 0.5779963
0.3 0.425 1.1338127 0.6214641
0.3 0.45 1.1719056 0.6288903
0.3 0.475 1.1878707 0.51840687
0.3 0.5 1.1905022 0.5553848
0.3 0.525 1.1421416 0.559225
0.3 0.55 1.1621052 0.5763192
0.3 0.575 1.1686386 0.5019131
0.3 0.6 1.1390427 0.5388217
0.3 0.625 1.0912603 0.48362085
0.3 0.65 1.066853 0.46414676
0.3 0.675 1.0926335 0.51656985
0.3 0.7 1.1395977 0.59725624
0.3 0.725 1.1591265 0.56087327
0.3 0.75 1.1376045 0.5518671
0.3 0.775 1.1630732 0.6749121
0.3 0.8 1.2241898 0.6337291
0.3 0.825 1.1999553 0.57242507
0.3 0.85 1.1758797 0.7612786
0.3 0.875 1.1420596 0.5352247
0.3 0.9 1.122772 0.50242096
0.3 0.925 1.0970964 0.5029996
0.3 0.95 1.1216935 0.48771232
0.3 0.975 1.1500509 0.5272391
0.3 1.0 1.1141804 0.49793544

0.325 0.025 1.1820619 0.5463236
0.325 0.05 1.1445639 0.636531
0.325 0.075 1.0883356 0.48472065
0.325 0.1 1.1329278 0.5987859
0.325 0.125 1.0783976 0.4431257
0.325 0.15 1.1368705 0.5003044
0.325 0.175 1.150436 0.59775084
0.325 0.2 1.1218005 0.57537687
0.325 0.225 1.0678518 0.44352692
0.325 0.25 1.0505096 0.48215878
0.325 0.275 1.1391048 0.5328399
0.325 0.3 1.1908928 0.6705636
0.325 0.325 1.1645812 0.5264928
0.325 0.35 1.0269153 0.33605987
0.325 0.375 1.1534195 0.61036265
0.325 0.4 1.1166635 0.43936464
0.325 0.425 1.1675208 0.5553053
0.325 0.45 1.2328714 0.4718595
0.325 0.475 1.1844745 0.6256158
0.325 0.5 1.1484962 0.5688264
0.325 0.525 1.1633786 0.5510736
0.325 0.55 1.2017853 0.5496887
0.325 0.575 1.2203062 0.70554096