lengthscale l2regularizer rmse_mean rmse_std

0.725 0.025 1.039949 0.557581
0.725 0.05 1.1670343 0.5076565
0.725 0.075 1.1671665 0.68289953
0.725 0.1 1.0697422 0.5368808
0.725 0.125 1.1522852 0.5427018
0.725 0.15 1.0798247 0.5407572
0.725 0.175 1.1696495 0.53213996
0.725 0.2 1.1400639 0.6180344
0.725 0.225 1.1477219 0.54027915
0.725 0.25 1.1260196 0.557069
0.725 0.275 1.0707109 0.57428455
0.725 0.3 1.1241044 0.55756354
0.725 0.325 1.2053523 0.63305813
0.725 0.35 1.0681133 0.3788099
0.725 0.375 1.1379277 0.6042043
0.725 0.4 1.0313318 0.49420345
0.725 0.425 1.0825615 0.5741885
0.725 0.45 1.1750085 0.6771439
0.725 0.475 1.2218224 0.5500779
0.725 0.5 1.1659123 0.5206118
0.725 0.525 1.196068 0.47707722
0.725 0.55 1.1954347 0.6868326
0.725 0.575 1.1047106 0.49672192
0.725 0.6 1.1236026 0.5139814
0.725 0.625 1.1983682 0.5377136
0.725 0.65 1.1804914 0.51645327
0.725 0.025 1.1221192 0.494906
0.725 0.05 1.1041495 0.5487627
0.725 0.075 1.1327283 0.48149052
0.725 0.1 1.004813 0.42534918
0.725 0.125 1.1711683 0.51948524
0.725 0.15 1.1433432 0.54190445
0.725 0.175 1.1294556 0.5013761
0.725 0.2 1.1865697 0.5277609
0.725 0.225 1.2431524 0.59537685
0.725 0.25 1.059177 0.60200536
0.725 0.275 1.1653848 0.6447092
0.725 0.3 1.0222341 0.37252876
0.725 0.325 1.2819045 0.5918148
0.725 0.35 1.0952743 0.50052536
0.725 0.375 1.1193691 0.5272297
0.725 0.4 1.1489193 0.49197024
0.725 0.425 1.143419 0.5565589
0.725 0.45 1.1371822 0.6172958
0.725 0.475 1.0943472 0.4943944
0.725 0.5 1.020026 0.4380108
0.725 0.525 1.1370134 0.5761345
0.725 0.55 1.0451376 0.42542052
0.725 0.575 1.1025676 0.58459556
0.725 0.6 1.0086794 0.53817004
0.725 0.625 1.1956623 0.5362059
0.725 0.65 1.1278449 0.48204675
0.725 0.675 1.1652313 0.56644624
0.725 0.7 1.1580029 0.5579457
0.725 0.725 1.0940603 0.58221996
0.725 0.75 1.2100668 0.76638144
0.725 0.775 1.1362278 0.5143687
0.725 0.8 1.1479915 0.56958914
0.725 0.825 1.1971728 0.56160617
0.725 0.85 1.127182 0.59067196
0.725 0.875 1.1673663 0.568924
0.725 0.9 1.1026449 0.57900155
0.725 0.925 1.1545622 0.61878806
0.725 0.95 1.1578594 0.52914107
0.725 0.975 1.1066926 0.5469976
0.725 1.0 1.0929759 0.47945
0.75 0.025 1.0174992 0.40562013
0.75 0.05 1.077899 0.5871777
0.75 0.075 1.1516582 0.48966494
0.75 0.1 1.212103 0.5620128
0.75 0.125 1.1423234 0.5734709
0.75 0.15 1.0511436 0.43024266
0.75 0.175 1.2874532 0.5436828
0.75 0.2 1.1028969 0.5618886
0.75 0.225 1.1085888 0.52698445
0.75 0.25 1.1683475 0.6484293
0.75 0.275 1.2215832 0.61778384
0.75 0.3 1.2226646 0.6413221
0.75 0.325 1.1077312 0.5019452
0.75 0.35 1.1241266 0.5093218
0.75 0.375 1.1428056 0.5466114
0.75 0.4 1.1647078 0.60566425
0.75 0.425 1.1105394 0.5019278
0.75 0.45 1.1284727 0.52822524
0.75 0.475 1.1413257 0.6061531
0.75 0.5 1.1731201 0.56422037
0.75 0.525 1.1280397 0.6086188
0.75 0.55 1.1240337 0.53637654
0.75 0.575 1.0047886 0.39173606
0.75 0.6 1.1642579 0.48960558
0.75 0.625 1.1229149 0.4680627
0.75 0.65 1.0372407 0.4091608
0.75 0.675 1.1496507 0.6374104
0.75 0.7 1.0037768 0.48630747
0.75 0.725 1.2371258 0.501168
0.75 0.75 1.1608465 0.5240855
0.75 0.775 1.070698 0.54502153
0.75 0.8 1.084732 0.42971957
0.75 0.825 1.0181776 0.5309999
0.75 0.85 1.1979507 0.54900354
0.75 0.875 1.097983 0.5424333
0.75 0.9 1.0836309 0.5915138
0.75 0.925 1.0960193 0.5496752
0.75 0.95 1.1126666 0.5717926
0.75 0.975 1.170248 0.684362
0.75 1.0 1.1327106 0.56513226
0.775 0.025 1.1215559 0.58145154
0.775 0.05 1.1481569 0.5417019
0.775 0.075 1.2609034 0.532281
0.775 0.1 1.1015227 0.6011625
0.775 0.125 1.0010425 0.4710386
0.775 0.15 1.0838538 0.58652467
0.775 0.175 1.1326263 0.6349962
0.775 0.2 1.2157354 0.57643235
0.775 0.225 1.140427 0.6316824
0.775 0.25 1.1080043 0.62095547
0.775 0.275 1.0711968 0.50199735
0.775 0.3 1.0762241 0.37834895
0.775 0.325 1.2389643 0.5836087
0.775 0.35 1.0471433 0.57964176
0.775 0.375 1.0985534 0.48833907
0.775 0.4 1.096173 0.42252466
0.775 0.425 1.1585205 0.5114364
0.775 0.45 1.1250422 0.59470284
0.775 0.475 1.1658125 0.502191
0.775 0.5 1.1154834 0.5097175
0.775 0.525 1.1066405 0.53090966
0.775 0.55 1.1875571 0.7089444
0.775 0.575 1.1368288 0.44038436
0.775 0.6 1.1369216 0.5776833
0.775 0.625 1.2178615 0.53865916
0.775 0.65 1.100059 0.5695135
0.775 0.675 1.1381024 0.5917261
0.775 0.7 1.1163086 0.57985383
0.775 0.725 1.2077067 0.54958576
0.775 0.75 1.153736 0.62223804
0.775 0.775 1.136452 0.5448398
0.775 0.8 1.1437591 0.578252
0.775 0.825 1.1836141 0.5816316
0.775 0.85 1.1763666 0.5919833
0.775 0.875 1.0836122 0.49711812
0.775 0.9 1.1957455 0.59567034
0.775 0.925 1.2011989 0.53121424
0.775 0.95 1.15347 0.69891584
0.775 0.975 1.1469969 0.5980947
0.775 1.0 1.1280307 0.52892494
0.8 0.025 1.1226223 0.5811363
0.8 0.05 1.1336926 0.46686527
0.8 0.075 1.2162846 0.5440118
0.8 0.1 1.0995084 0.5355672
0.8 0.125 1.1291053 0.5555023
0.8 0.15 1.0271666 0.4596417
0.8 0.175 1.1713369 0.64745355
0.8 0.2 1.0752913 0.4553682
0.8 0.225 1.0604227 0.46915388
0.8 0.25 1.1276982 0.5170162
0.8 0.275 1.1219951 0.48458925
0.8 0.3 1.1490825 0.5155713
0.8 0.325 1.1630704 0.5138439
0.8 0.35 1.190372 0.55357945
0.8 0.375 1.1707652 0.53755444
0.8 0.4 1.1964127 0.6472778
0.8 0.425 1.1210359 0.57812345
0.8 0.45 1.1199543 0.6711683
0.8 0.475 1.06706 0.55157036
0.8 0.5 1.1635864 0.56636935
0.8 0.525 1.1115583 0.5580146
0.8 0.55 0.9987484 0.46889198
0.8 0.575 1.0739666 0.5133396
0.8 0.6 1.1853365 0.52864414
0.8 0.625 1.1368573 0.5754768
0.8 0.65 1.185291 0.52611774
0.8 0.675 1.0906147 0.5503479
0.8 0.7 1.0729821 0.55353504
0.8 0.725 1.0817461 0.42485166
0.8 0.75 1.1574823 0.51487106
0.8 0.775 1.1127485 0.55992997
0.8 0.8 1.1024797 0.5487188
0.8 0.825 1.1450791 0.6431116
0.8 0.85 1.0636766 0.5120894
0.8 0.875 1.0594108 0.44127882
0.8 0.9 1.0936725 0.5693637
0.8 0.925 0.99081326 0.49153045
0.8 0.95 1.1511552 0.5370093
0.8 0.975 1.0837963 0.49531153
0.8 1.0 1.1731522 0.6758137