
0.05 0.1 1.0852673 0.5125834 0.5294117647058824 27
0.05 0.2 1.0699214 0.49289814 0.5294117647058824 27
0.05 0.15 1.0882715 0.5168572 0.5294117647058824 27
0.05 0.35 1.0796143 0.520248 0.5294117647058824 27
0.05 0.45 1.0874307 0.48873445 0.5294117647058824 27
0.05 0.4 1.0743105 0.51119745 0.5294117647058824 27
0.05 0.05 1.0686173 0.49525902 0.5294117647058824 27
0.1 0.65 1.1348995 0.60610616 0.5294117647058824 27
0.1 0.45 1.1279417 0.61439663 0.5490196078431373 28
0.1 0.1 1.1113558 0.58171207 0.5490196078431373 28
0.075 0.7 1.0841179 0.5817045 0.5294117647058824 27
0.075 0.45 1.0942519 0.553482 0.5098039215686274 26
0.075 0.4 1.0846186 0.55350995 0.5098039215686274 26
0.075 0.75 1.0719538 0.5710661 0.5294117647058824 27
0.075 0.65 1.0726885 0.5688903 0.5294117647058824 27
0.075 0.25 1.0866599 0.57374376 0.5294117647058824 27
0.075 0.6 1.1031808 0.5882481 0.5098039215686274 26
0.075 0.8 1.0879996 0.5929619 0.5294117647058824 27
0.075 0.35 1.0942451 0.5811303 0.5098039215686274 26
0.075 0.15 1.0802447 0.53852904 0.5098039215686274 26
0.05 0.7 1.0855725 0.533378 0.5490196078431373 28
0.075 0.55 1.0912063 0.5602929 0.5098039215686274 26
0.075 0.95 1.0517933 0.5523612 0.5294117647058824 27
0.05 0.75 1.0905516 0.52056366 0.5294117647058824 27
0.1 0.05 1.1217418 0.6208406 0.5490196078431373 28
0.05 0.9 1.091444 0.5115484 0.5294117647058824 27
0.05 0.3 1.0718831 0.48235846 0.5490196078431373 28
0.075 0.85 1.0811441 0.5924607 0.5294117647058824 27
0.075 1.0 1.0844467 0.6035772 0.5490196078431373 28
0.05 0.6 1.0878878 0.52944773 0.5294117647058824 27
0.075 0.2 1.0914569 0.5586417 0.5098039215686274 26
0.05 0.95 1.0710266 0.51279664 0.5294117647058824 27
0.075 0.9 1.0799061 0.5866666 0.5098039215686274 26
0.075 0.5 1.0904248 0.5456092 0.5098039215686274 26
0.075 0.05 1.0990803 0.57836306 0.5098039215686274 26
0.05 0.85 1.0947156 0.5215272 0.5294117647058824 27
0.05 0.25 1.0755018 0.5006155 0.5490196078431373 28
0.05 0.55 1.0814054 0.48313382 0.5294117647058824 27
0.05 0.5 1.0567391 0.48666656 0.5490196078431373 28
0.1 0.15 1.1003996 0.58482474 0.5098039215686274 26
0.1 0.7 1.1297448 0.60759085 0.5294117647058824 27
0.125 0.1 1.1335913 0.6734976 0.5294117647058824 27
0.1 0.2 1.1307068 0.61412174 0.5294117647058824 27
0.1 0.25 1.117267 0.6100652 0.5686274509803921 29
0.1 0.5 1.1061008 0.593194 0.5098039215686274 26
0.1 0.3 1.129483 0.6003597 0.5098039215686274 26
0.1 0.35 1.1131117 0.6018288 0.5490196078431373 28
0.1 0.4 1.117976 0.5798477 0.5490196078431373 28
0.1 0.55 1.1182902 0.5980041 0.5686274509803921 29
0.125 0.2 1.1336482 0.63526595 0.5098039215686274 26
0.1 0.6 1.1446223 0.6117401 0.5490196078431373 28
0.1 0.9 1.1283659 0.5963909 0.5294117647058824 27
0.1 0.75 1.1445082 0.61564094 0.5294117647058824 27
0.1 0.85 1.1300355 0.5942363 0.5294117647058824 27
0.1 0.8 1.1377399 0.6139068 0.5294117647058824 27
0.125 0.15 1.1411836 0.67473656 0.5098039215686274 26
0.125 0.3 1.1254017 0.6260712 0.5294117647058824 27
0.125 0.25 1.1697692 0.6938973 0.5294117647058824 27
0.125 0.65 1.1329514 0.62412596 0.5098039215686274 26
0.125 0.05 1.1320493 0.66036963 0.5294117647058824 27
0.1 0.95 1.1240789 0.6272643 0.5294117647058824 27
0.1 1.0 1.1288738 0.6264512 0.5490196078431373 28
0.125 0.7 1.1243379 0.61633384 0.5098039215686274 26
0.15 0.05 1.1261098 0.67897934 0.5490196078431373 28
0.125 0.85 1.1424487 0.63158566 0.5098039215686274 26
0.125 0.9 1.1385326 0.6521945 0.5098039215686274 26
0.125 0.75 1.1210945 0.61832786 0.5294117647058824 27
0.125 0.8 1.1282899 0.6179861 0.5098039215686274 26
0.15 0.1 1.1221664 0.67663497 0.5490196078431373 28
0.125 0.95 1.1411369 0.64055747 0.5294117647058824 27
0.125 0.6 1.1404302 0.6362412 0.5098039215686274 26
0.15 0.3 1.1197484 0.6677478 0.5294117647058824 27
0.15 0.6 1.1243044 0.67701304 0.5294117647058824 27
0.2 0.9 1.0398388 0.517882 0.5686274509803921 29
0.205 0.3 0.99795234 0.4129499 0.5490196078431373 28
0.15 0.15 1.1205404 0.66514504 0.5490196078431373 28
0.125 1.0 1.1352631 0.62827516 0.49019607843137253 25
0.205 0.6 0.9891046 0.4036882 0.5490196078431373 28
0.205 0.55 0.98364574 0.40649706 0.5490196078431373 28
0.205 0.65 1.013751 0.40392232 0.5686274509803921 29
0.15 0.35 1.1261994 0.67585987 0.5490196078431373 28
0.205 0.35 1.0012271 0.4053134 0.5098039215686274 26
0.22 0.15 0.98198926 0.40981802 0.5490196078431373 28
0.22 0.1 0.96560574 0.4006494 0.5098039215686274 26
0.22 0.05 0.9549962 0.39723584 0.5294117647058824 27
0.2 0.85 1.0352255 0.50826806 0.5686274509803921 29
0.175 0.05 1.0716623 0.63714385 0.5686274509803921 29
0.205 0.8 0.96811044 0.4156632 0.5686274509803921 29
0.205 0.45 0.9729594 0.41703054 0.5294117647058824 27
0.215 0.85 0.9933235 0.42347625 0.5098039215686274 26
0.15 0.55 1.1191069 0.6710423 0.5490196078431373 28
0.15 0.4 1.117936 0.66675293 0.5490196078431373 28
0.205 0.85 1.0000665 0.42415515 0.5098039215686274 26
0.205 0.7 0.9865324 0.40480155 0.5490196078431373 28
0.205 0.05 0.9682628 0.41656563 0.5294117647058824 27
0.215 0.65 0.9773142 0.41336855 0.5098039215686274 26
0.215 0.7 0.9828099 0.41443413 0.5686274509803921 29
0.23 0.15 0.9739601 0.39744365 0.5294117647058824 27
0.15 0.45 1.124882 0.67036664 0.5490196078431373 28
0.15 0.5 1.1211793 0.6679927 0.5294117647058824 27
0.2 1.0 1.0362991 0.5166327 0.5686274509803921 29
0.215 1.0 1.0079343 0.40331215 0.5490196078431373 28
0.205 0.1 0.9743269 0.41673127 0.5490196078431373 28
0.2 0.95 1.0287387 0.5113812 0.5686274509803921 29
0.215 0.75 0.9856204 0.40431085 0.5490196078431373 28
0.205 0.2 1.0040414 0.40527818 0.5098039215686274 26
0.205 0.15 1.0073358 0.41238755 0.5490196078431373 28
0.205 0.25 0.9794529 0.39734995 0.5098039215686274 26
0.205 0.4 0.9656955 0.41632068 0.5294117647058824 27
0.22 0.25 0.9816281 0.41735005 0.5490196078431373 28
0.205 0.5 0.9809108 0.41040808 0.5098039215686274 26
0.25 0.6 0.9637941 0.40044954 0.5686274509803921 29
0.23 0.2 0.9862679 0.39120623 0.5490196078431373 28
0.205 0.75 1.0164474 0.41766077 0.5294117647058824 27
0.215 0.95 1.0153494 0.43487325 0.5294117647058824 27
0.23 0.25 0.9727089 0.40808165 0.5490196078431373 28
0.23 0.45 0.9946399 0.4052812 0.5294117647058824 27
0.23 0.3 0.96235716 0.40545008 0.5294117647058824 27
0.215 0.9 0.9999054 0.4337901 0.5294117647058824 27
0.23 0.35 0.9786428 0.39445993 0.5490196078431373 28
0.23 0.4 0.98183775 0.39540377 0.5490196078431373 28
0.235 0.15 0.96449625 0.41178232 0.5490196078431373 28
0.22 0.2 0.97195446 0.4048808 0.49019607843137253 25
0.24 0.7 0.9640722 0.40438175 0.5098039215686274 26
0.25 0.75 0.9582264 0.40432775 0.5490196078431373 28
0.215 0.8 1.0027386 0.41908818 0.5294117647058824 27
0.25 0.7 0.9646411 0.40562823 0.5490196078431373 28
0.24 0.2 0.96392316 0.3987252 0.5490196078431373 28
0.23 0.5 0.9859024 0.40147054 0.5098039215686274 26
0.22 0.35 0.974088 0.40509218 0.49019607843137253 25
0.24 0.65 0.9690604 0.40256187 0.5294117647058824 27
0.22 0.3 0.9889482 0.41659337 0.5294117647058824 27
0.24 0.45 0.96110916 0.40884075 0.5490196078431373 28
0.25 0.8 0.9614175 0.40467265 0.5490196078431373 28
0.25 0.65 0.9567024 0.40111753 0.5490196078431373 28
0.25 0.95 0.9534523 0.40847 0.5490196078431373 28
0.24 0.4 0.9589585 0.40336716 0.5490196078431373 28
0.24 0.55 0.9679071 0.40212095 0.5490196078431373 28
0.245 0.75 0.96483105 0.40500265 0.5490196078431373 28
0.255 0.05 0.96694195 0.39797953 0.5686274509803921 29
0.25 1.0 0.94189054 0.40440932 0.5490196078431373 28
0.26 1.0 0.96271867 0.40445647 0.5490196078431373 28
0.265 0.4 0.97751045 0.40484986 0.5686274509803921 29
0.265 0.35 0.9763986 0.40292823 0.5686274509803921 29
0.26 0.95 0.96603614 0.40994003 0.5686274509803921 29
0.27 0.1 0.99413717 0.39522317 0.5686274509803921 29
0.25 0.55 0.9607641 0.40822685 0.5490196078431373 28
0.24 0.6 0.9522373 0.4029736 0.5490196078431373 28
0.265 0.2 0.98149985 0.40627593 0.5686274509803921 29
0.265 0.45 0.97527647 0.4043296 0.5686274509803921 29
0.26 0.9 0.96433985 0.40553197 0.5686274509803921 29
0.285 0.6 0.9731289 0.4113987 0.5686274509803921 29
0.265 0.25 0.98190224 0.4074789 0.5686274509803921 29
0.25 0.85 0.95352095 0.40886256 0.5490196078431373 28
0.265 0.6 0.9712162 0.40745157 0.5686274509803921 29
0.275 1.0 0.9738302 0.40657234 0.5686274509803921 29
0.265 0.95 0.9660578 0.40963057 0.5686274509803921 29
0.265 0.85 0.9644005 0.4071501 0.5686274509803921 29
0.265 0.15 0.98365104 0.405177 0.5686274509803921 29
0.25 0.9 0.9714373 0.40809315 0.5490196078431373 28
0.255 0.1 0.97611606 0.4004924 0.5490196078431373 28
0.27 1.0 0.9734327 0.4019357 0.5686274509803921 29
0.27 0.8 0.97372854 0.41977745 0.5686274509803921 29
0.275 0.3 0.99329007 0.39667684 0.5686274509803921 29
0.265 0.5 0.9868263 0.39557165 0.5686274509803921 29
0.28 0.25 0.9925383 0.3979986 0.5686274509803921 29
0.3 0.75 0.9682795 0.41252884 0.5686274509803921 29
0.28 0.15 0.9947707 0.3956896 0.5686274509803921 29
0.265 0.3 0.9906286 0.3976233 0.5686274509803921 29
0.275 0.75 0.9817751 0.40489382 0.5686274509803921 29
0.275 0.25 0.99181795 0.39759403 0.5686274509803921 29
0.265 0.55 0.9840585 0.39562786 0.5686274509803921 29
0.285 0.25 0.9835359 0.40598696 0.5686274509803921 29
0.31 0.15 0.97315776 0.4086952 0.5686274509803921 29
0.265 0.1 0.98352146 0.40654787 0.5686274509803921 29
0.265 0.05 0.9830452 0.40347317 0.5686274509803921 29
0.28 0.7 0.9677397 0.4130543 0.5686274509803921 29
0.31 0.35 0.9564546 0.42026103 0.5686274509803921 29
0.29 0.35 0.98196965 0.40567484 0.5686274509803921 29
0.28 1.0 0.96281147 0.41365904 0.5686274509803921 29
0.285 0.1 0.990668 0.4006363 0.5686274509803921 29
0.265 0.75 0.96284115 0.40442824 0.5686274509803921 29
0.285 0.7 0.9683811 0.41581437 0.5686274509803921 29
0.285 0.8 0.9648218 0.41679677 0.5686274509803921 29
0.265 0.7 0.97933686 0.39824083 0.5686274509803921 29
0.27 0.3 0.9933426 0.39741337 0.5686274509803921 29
0.31 0.65 0.9559865 0.41652066 0.5686274509803921 29
0.29 0.2 0.98158276 0.4037093 0.5686274509803921 29
0.275 0.15 0.99474335 0.3953828 0.5686274509803921 29
0.28 0.6 0.9724491 0.4099949 0.5686274509803921 29
0.265 1.0 0.96306217 0.40795758 0.5686274509803921 29
0.275 0.8 0.9786707 0.40334076 0.5686274509803921 29
0.27 0.5 0.977979 0.4084028 0.5686274509803921 29
0.27 0.7 0.97037756 0.40556166 0.5686274509803921 29
0.285 0.15 0.988962 0.4013395 0.5686274509803921 29
0.265 0.65 0.9719176 0.40651017 0.5686274509803921 29
0.285 1.0 0.9594881 0.4184092 0.5686274509803921 29
0.27 0.9 0.9713914 0.40200981 0.5686274509803921 29
0.305 0.35 0.9788135 0.40612566 0.5686274509803921 29
0.31 0.4 0.9534111 0.4206222 0.5686274509803921 29
0.265 0.9 0.96595067 0.4065922 0.5686274509803921 29
0.27 0.55 0.9745577 0.407243 0.5686274509803921 29
0.305 0.75 0.9532207 0.41903177 0.5686274509803921 29
0.265 0.8 0.9699451 0.41015026 0.5686274509803921 29
0.32 0.75 0.94390327 0.4267665 0.5490196078431373 28
0.3 0.65 0.9657451 0.4084596 0.5490196078431373 28
0.27 0.25 0.9795728 0.40772727 0.5686274509803921 29
0.27 0.4 0.9877707 0.39995712 0.5686274509803921 29
0.27 0.05 0.9916086 0.3916737 0.5686274509803921 29
0.27 0.2 0.9914587 0.39270303 0.5686274509803921 29
0.27 0.85 0.9786655 0.40331835 0.5686274509803921 29
0.275 0.4 0.9915039 0.396475 0.5686274509803921 29
0.28 0.55 0.9834677 0.39918512 0.5686274509803921 29
0.275 0.35 0.98990566 0.39944372 0.5686274509803921 29
0.27 0.6 0.9846137 0.39657137 0.5686274509803921 29
0.27 0.35 0.9752226 0.40366676 0.5686274509803921 29
0.32 0.7 0.930606 0.43362156 0.5490196078431373 28
0.275 0.65 0.9861239 0.41090205 0.5686274509803921 29
0.275 0.7 0.9797247 0.40167192 0.5686274509803921 29
0.27 0.45 0.976608 0.40567985 0.5686274509803921 29
0.315 0.95 0.9398138 0.42628837 0.5490196078431373 28
0.275 0.85 0.96635324 0.42015108 0.5686274509803921 29
0.27 0.95 0.96730995 0.41067138 0.5686274509803921 29
0.27 0.75 0.9700006 0.40865973 0.5686274509803921 29
0.275 0.2 0.992926 0.3984641 0.5686274509803921 29
0.32 0.05 0.9432114 0.43053693 0.5490196078431373 28
0.275 0.9 0.9745194 0.39986587 0.5686274509803921 29
0.27 0.65 0.9829817 0.39756727 0.5686274509803921 29
0.275 0.1 0.9985007 0.4014082 0.5686274509803921 29
0.275 0.95 0.9749672 0.40587756 0.5686274509803921 29
0.315 0.8 0.931184 0.43196234 0.5490196078431373 28
0.28 0.3 0.9900613 0.39862096 0.5686274509803921 29
0.31 0.05 0.96240455 0.41927314 0.5686274509803921 29
0.28 0.5 0.9772719 0.40933704 0.5686274509803921 29
0.28 0.05 0.9939312 0.39788207 0.5686274509803921 29
0.3 0.95 0.9579352 0.4188667 0.5686274509803921 29
0.31 0.25 0.96507156 0.41708976 0.5686274509803921 29
0.285 0.3 0.9880905 0.39973542 0.5686274509803921 29
0.28 0.1 0.9921967 0.3984145 0.5686274509803921 29
0.305 0.3 0.97702616 0.40656242 0.5686274509803921 29
0.28 0.85 0.96336937 0.4174957 0.5686274509803921 29
0.28 0.2 0.98340356 0.40518817 0.5686274509803921 29
0.305 0.85 0.9592477 0.41715285 0.5686274509803921 29
0.28 0.45 0.9766654 0.4106757 0.5686274509803921 29
0.285 0.35 0.9789196 0.40716752 0.5686274509803921 29
0.29 0.05 0.98597383 0.40166387 0.5686274509803921 29
0.305 0.45 0.9709835 0.4103682 0.5686274509803921 29
0.28 0.65 0.97408724 0.41163823 0.5686274509803921 29
0.32 0.45 0.9445974 0.4276454 0.5490196078431373 28
0.275 0.05 0.99685746 0.39514565 0.5686274509803921 29
0.285 0.65 0.9690542 0.4134597 0.5686274509803921 29
0.32 0.5 0.9435118 0.42768446 0.5490196078431373 28
0.3 0.5 0.9789357 0.40719166 0.5686274509803921 29
0.28 0.8 0.9672349 0.41050085 0.5686274509803921 29
0.315 0.15 0.95906246 0.4217645 0.5490196078431373 28
0.28 0.35 0.9828889 0.40543982 0.5686274509803921 29
0.28 0.9 0.9733793 0.40640178 0.5686274509803921 29
0.28 0.75 0.9690445 0.41353858 0.5686274509803921 29
0.285 0.5 0.97560865 0.4098121 0.5686274509803921 29
0.285 0.9 0.96078026 0.4182021 0.5686274509803921 29
0.285 0.55 0.98091906 0.4033512 0.5686274509803921 29
0.29 0.1 0.98517644 0.4032113 0.5686274509803921 29
0.29 0.25 0.9811362 0.4054219 0.5686274509803921 29
0.285 0.2 0.98567516 0.4011628 0.5686274509803921 29
0.28 0.95 0.9651038 0.4159413 0.5686274509803921 29
0.285 0.85 0.96360624 0.41612116 0.5686274509803921 29
0.285 0.95 0.9597195 0.41833574 0.5686274509803921 29
0.325 0.3 0.9363824 0.43492135 0.5490196078431373 28
0.285 0.05 0.987333 0.40101928 0.5686274509803921 29
0.315 0.7 0.9422245 0.42614567 0.5294117647058824 27
0.3 0.8 0.9697383 0.41027185 0.5686274509803921 29
0.325 0.25 0.9417108 0.431361 0.5490196078431373 28
0.28 0.4 0.991354 0.39847186 0.5686274509803921 29
0.315 0.35 0.9575512 0.42147508 0.5490196078431373 28
0.29 0.15 0.9888921 0.40068272 0.5686274509803921 29
0.305 0.15 0.9792794 0.40548867 0.5686274509803921 29
0.315 0.9 0.93545234 0.42939043 0.5490196078431373 28
0.305 0.2 0.9759086 0.40692043 0.5686274509803921 29
0.315 0.05 0.9603885 0.42101336 0.5490196078431373 28
0.3 0.85 0.9637618 0.4144198 0.5686274509803921 29
0.315 0.5 0.95568323 0.42104468 0.5686274509803921 29
0.29 0.3 0.97769976 0.41025805 0.5686274509803921 29
0.285 0.4 0.980278 0.40749717 0.5686274509803921 29
0.285 0.45 0.9819685 0.41911635 0.5686274509803921 29
0.33 0.15 0.9357449 0.43539464 0.5490196078431373 28
0.305 0.55 0.9653579 0.41152656 0.5686274509803921 29
0.3 0.7 0.9703414 0.41211528 0.5686274509803921 29
0.32 0.65 0.93148106 0.43380228 0.5490196078431373 28
0.32 0.55 0.93384904 0.43333432 0.5490196078431373 28
0.31 0.5 0.95291317 0.42137873 0.5686274509803921 29
0.305 0.05 0.9814615 0.40654704 0.5686274509803921 29
0.305 1.0 0.9484846 0.42003602 0.5490196078431373 28
0.305 0.6 0.96054476 0.41498402 0.5686274509803921 29
0.32 0.35 0.955026 0.42368278 0.5490196078431373 28
0.305 0.65 0.96399117 0.41461554 0.5686274509803921 29
0.305 0.8 0.96554786 0.41394845 0.5686274509803921 29
0.315 0.55 0.94929725 0.42271975 0.5490196078431373 28
0.33 0.55 0.9320901 0.4373291 0.5490196078431373 28
0.31 0.85 0.94426423 0.42384538 0.5686274509803921 29
0.305 0.7 0.96282613 0.41510954 0.5686274509803921 29
0.3 0.45 0.97495776 0.40805417 0.5686274509803921 29
0.305 0.5 0.9721769 0.40894878 0.5686274509803921 29
0.305 0.95 0.9569794 0.41889104 0.5686274509803921 29
0.3 0.9 0.96025866 0.4163362 0.5686274509803921 29
0.305 0.9 0.94958705 0.41909724 0.5686274509803921 29
0.31 0.1 0.9624071 0.42002064 0.5686274509803921 29
0.3 0.6 0.97554004 0.40978968 0.5686274509803921 29
0.305 0.4 0.97334945 0.40930882 0.5686274509803921 29
0.3 1.0 0.9567609 0.41873085 0.5686274509803921 29
0.3 0.55 0.97299945 0.40974894 0.5686274509803921 29
0.325 0.8 0.9293057 0.436139 0.5490196078431373 28
0.31 0.45 0.95299757 0.4213907 0.5686274509803921 29
0.325 0.55 0.9293621 0.43680865 0.5490196078431373 28
0.31 0.55 0.96467626 0.4118322 0.5686274509803921 29
0.305 0.25 0.9785144 0.4080021 0.5686274509803921 29
0.31 0.7 0.94856817 0.42138982 0.5686274509803921 29
0.31 0.2 0.9602076 0.41980812 0.5686274509803921 29
0.31 0.75 0.9413954 0.42651388 0.5490196078431373 28
0.305 0.1 0.9746798 0.4084179 0.5686274509803921 29
0.315 0.2 0.9612509 0.41978046 0.5686274509803921 29
0.31 0.95 0.94097215 0.42505676 0.5490196078431373 28
0.325 0.6 0.93161136 0.43434322 0.5490196078431373 28
0.31 1.0 0.93954057 0.42609462 0.5490196078431373 28
0.315 0.25 0.942084 0.43049276 0.5490196078431373 28
0.315 0.3 0.95644987 0.4218491 0.5686274509803921 29
0.32 0.3 0.9568125 0.42273626 0.5490196078431373 28
0.315 0.4 0.95480126 0.42178556 0.5490196078431373 28
0.33 0.3 0.9517668 0.42759454 0.5490196078431373 28
0.315 0.1 0.9607051 0.42094308 0.5686274509803921 29
0.33 0.4 0.9356998 0.4366017 0.5490196078431373 28
0.33 0.8 0.9258286 0.4386812 0.5490196078431373 28
0.325 0.5 0.9327671 0.43637872 0.5490196078431373 28
0.315 0.85 0.94173527 0.42608628 0.5490196078431373 28
0.315 0.45 0.957088 0.42093256 0.5686274509803921 29
0.315 0.65 0.9476732 0.4229576 0.5490196078431373 28
0.31 0.3 0.9727367 0.40918204 0.5686274509803921 29
0.31 0.9 0.939411 0.42675176 0.5490196078431373 28
0.325 0.4 0.9354788 0.43669227 0.5490196078431373 28
0.315 0.75 0.9433753 0.42475617 0.5490196078431373 28
0.32 0.6 0.94736034 0.42485282 0.5490196078431373 28
0.32 0.9 0.9269438 0.43467623 0.5294117647058824 27
0.32 0.15 0.941062 0.43246743 0.5490196078431373 28
0.325 0.2 0.93591577 0.43594572 0.5490196078431373 28
0.335 0.2 0.9348942 0.4361914 0.5490196078431373 28
0.33 1.0 0.9229473 0.4401534 0.5294117647058824 27
0.32 0.85 0.9381167 0.42820016 0.5294117647058824 27
0.32 0.2 0.940197 0.43209183 0.5490196078431373 28
0.32 0.1 0.94352883 0.43066314 0.5490196078431373 28
0.32 0.8 0.92957747 0.4342401 0.5490196078431373 28
0.32 0.4 0.9385856 0.4334333 0.5490196078431373 28
0.325 0.05 0.9420039 0.43134236 0.5490196078431373 28
0.33 0.6 0.9306773 0.4376276 0.5490196078431373 28
0.325 0.9 0.9244865 0.43907315 0.5294117647058824 27
0.325 0.45 0.93299997 0.4352399 0.5490196078431373 28
0.325 0.1 0.9360851 0.4353589 0.5490196078431373 28
0.32 1.0 0.9230935 0.43759906 0.5294117647058824 27
0.315 1.0 0.93828756 0.42703757 0.5294117647058824 27
0.33 0.85 0.92454517 0.43936568 0.5294117647058824 27
0.33 0.5 0.93172437 0.43638933 0.5490196078431373 28
0.33 0.9 0.92471445 0.4390061 0.5294117647058824 27
0.335 0.5 0.9336482 0.4366176 0.5490196078431373 28
0.33 0.95 0.9239987 0.43906406 0.5294117647058824 27
0.32 0.25 0.9420549 0.43105152 0.5490196078431373 28
0.33 0.75 0.92607796 0.43850148 0.5294117647058824 27
0.32 0.95 0.93653756 0.42870617 0.5294117647058824 27
0.325 0.65 0.92970246 0.43495402 0.5490196078431373 28
0.325 0.35 0.9377257 0.4314937 0.5490196078431373 28
0.33 0.1 0.936395 0.43545213 0.5490196078431373 28
0.355 0.85 0.9703868 0.46977141 0.49019607843137253 25
0.35 0.15 0.9223703 0.44318265 0.5490196078431373 28
0.325 0.15 0.93773764 0.435689 0.5490196078431373 28
0.35 0.6 0.94934815 0.4275246 0.5294117647058824 27
0.33 0.2 0.93666065 0.4349852 0.5490196078431373 28
0.335 0.25 0.9357046 0.43615603 0.5490196078431373 28
0.335 0.3 0.9280303 0.44335148 0.5490196078431373 28
0.325 0.75 0.9276031 0.43531567 0.5490196078431373 28
0.325 0.7 0.926833 0.43733343 0.5490196078431373 28
0.335 0.05 0.93435 0.43467918 0.5490196078431373 28
0.335 0.45 0.9341706 0.4363774 0.5490196078431373 28
0.35 0.1 0.92287177 0.4428477 0.5490196078431373 28
0.33 0.65 0.9285442 0.4378049 0.5490196078431373 28
0.33 0.35 0.93553793 0.43568435 0.5490196078431373 28
0.36 0.5 0.9516632 0.4280389 0.5294117647058824 27
0.35 0.8 0.9430071 0.42978773 0.5294117647058824 27
0.335 0.55 0.93201196 0.43684036 0.5490196078431373 28
0.335 0.35 0.9335605 0.43602753 0.5490196078431373 28
0.33 0.45 0.93118894 0.4354838 0.5490196078431373 28
0.36 0.45 0.97750837 0.46737605 0.49019607843137253 25
0.33 0.7 0.9272307 0.4376533 0.5490196078431373 28
0.345 0.4 0.9200541 0.44427633 0.5490196078431373 28
0.35 0.4 0.95004845 0.42759186 0.5294117647058824 27
0.335 0.15 0.9371745 0.43553492 0.5490196078431373 28
0.33 0.25 0.9347807 0.43516177 0.5490196078431373 28
0.36 0.75 0.9443761 0.42991358 0.5294117647058824 27
0.345 0.7 0.9146055 0.4459762 0.5490196078431373 28
0.36 1.0 0.91060066 0.44789636 0.5294117647058824 27
0.35 0.5 0.9178532 0.44698033 0.5490196078431373 28
0.35 0.3 0.9507538 0.42746678 0.5294117647058824 27
0.35 0.95 0.9123313 0.4468225 0.5294117647058824 27
0.335 0.1 0.937308 0.43490687 0.5490196078431373 28
0.355 0.65 0.91975033 0.44579613 0.5490196078431373 28
0.355 0.45 0.92268527 0.44316724 0.5490196078431373 28
0.365 0.15 0.9586202 0.42170328 0.5490196078431373 28
0.345 1.0 0.9119935 0.44680607 0.5294117647058824 27
0.35 0.85 0.91317815 0.446171 0.5294117647058824 27
0.35 0.7 0.94684315 0.4289897 0.5294117647058824 27
0.37 0.25 0.9590222 0.41801742 0.5490196078431373 28
0.425 0.25 0.98122996 0.4665107 0.47058823529411764 24
0.37 0.1 0.95685405 0.42028075 0.5294117647058824 27
0.4 0.55 0.9823063 0.465195 0.49019607843137253 25
0.355 0.35 0.9802499 0.465896 0.49019607843137253 25
0.385 0.35 0.9580556 0.42067388 0.5294117647058824 27
0.355 0.8 0.94286776 0.4305469 0.5294117647058824 27
0.35 0.75 0.94044447 0.43087584 0.5098039215686274 26
0.37 0.4 0.96144944 0.41866362 0.5294117647058824 27
0.355 0.5 0.9186553 0.4461972 0.5490196078431373 28
0.355 0.7 0.94513685 0.43034336 0.5294117647058824 27
0.355 0.25 0.95074034 0.42801198 0.5294117647058824 27
0.35 0.35 0.9509303 0.42728093 0.5294117647058824 27
0.385 0.55 0.98391503 0.4635548 0.49019607843137253 25
0.355 0.1 0.9234543 0.44294196 0.5490196078431373 28
0.35 1.0 0.9138912 0.446274 0.5294117647058824 27
0.35 0.2 0.92141545 0.44463074 0.5490196078431373 28
0.335 0.6 0.9304818 0.43717536 0.5490196078431373 28
0.365 0.5 0.9251545 0.44311762 0.5686274509803921 29
0.35 0.05 0.95017946 0.42711964 0.5294117647058824 27
0.355 1.0 0.9119671 0.4465899 0.5294117647058824 27
0.365 0.95 0.91959256 0.44180042 0.5294117647058824 27
0.35 0.9 0.9413703 0.42991588 0.5098039215686274 26
0.365 1.0 0.94265395 0.4296897 0.5098039215686274 26
0.365 0.65 0.9496328 0.42724434 0.5490196078431373 28
0.35 0.25 0.91817254 0.44637576 0.5490196078431373 28
0.36 0.25 0.9513413 0.42670637 0.5490196078431373 28
0.425 1.0 0.9733626 0.4707504 0.47058823529411764 24
0.365 0.25 0.9574189 0.42263114 0.5490196078431373 28
0.4 0.7 0.9798808 0.4667584 0.49019607843137253 25
0.37 0.65 0.9522239 0.42314312 0.5294117647058824 27
0.35 0.65 0.9190286 0.4460069 0.5490196078431373 28
0.365 0.45 0.95125455 0.42827 0.5294117647058824 27
0.385 0.5 0.9847633 0.46271774 0.49019607843137253 25
0.355 0.05 0.95230883 0.42664063 0.5294117647058824 27
0.355 0.4 0.9519453 0.42779773 0.5294117647058824 27
0.355 0.2 0.9202452 0.44633812 0.5490196078431373 28
0.355 0.55 0.9481761 0.42867628 0.5294117647058824 27
0.355 0.15 0.92617 0.4417015 0.5490196078431373 28
0.385 0.85 0.9901969 0.45833027 0.47058823529411764 24
0.475 0.05 0.9458426 0.48843527 0.49019607843137253 25
0.365 0.85 0.91319007 0.44680646 0.5294117647058824 27
0.365 0.55 0.98386204 0.46219632 0.5098039215686274 26
0.355 0.75 0.9136273 0.44704422 0.5490196078431373 28
0.355 0.6 0.9471966 0.43019706 0.5294117647058824 27
0.36 0.3 0.9517543 0.4271945 0.5294117647058824 27
0.36 0.2 0.923292 0.44388816 0.5686274509803921 29
0.37 0.3 0.97276765 0.41356614 0.5098039215686274 26
0.385 0.7 0.97763556 0.465765 0.49019607843137253 25
0.365 0.35 0.98498183 0.46225327 0.5098039215686274 26
0.4 0.75 0.9787588 0.4665858 0.49019607843137253 25
0.36 0.7 0.9746817 0.46764284 0.49019607843137253 25
0.36 0.55 0.952438 0.42689508 0.5294117647058824 27
0.36 0.6 0.96412545 0.42259315 0.5294117647058824 27
0.385 0.65 0.9521909 0.42462847 0.5294117647058824 27
0.4 1.0 0.97481287 0.46832415 0.49019607843137253 25
0.36 0.85 0.9272736 0.44283608 0.5294117647058824 27
0.36 0.4 0.9527604 0.48327586 0.5098039215686274 26
0.365 0.9 0.9446181 0.42912403 0.5098039215686274 26
0.4 0.3 0.98440677 0.463338 0.49019607843137253 25
0.355 0.3 0.9512992 0.42737326 0.5294117647058824 27
0.355 0.9 0.941939 0.4303376 0.5098039215686274 26
0.36 0.05 0.95650655 0.42454565 0.5490196078431373 28
0.36 0.1 0.95063055 0.42758772 0.5490196078431373 28
0.355 0.95 0.912275 0.44696617 0.5294117647058824 27
0.36 0.15 0.98213273 0.46432444 0.5098039215686274 26
0.45 0.55 0.9736656 0.47340372 0.47058823529411764 24
0.36 0.35 0.9871348 0.46058804 0.5098039215686274 26
0.385 0.95 0.97586167 0.46803403 0.49019607843137253 25
0.36 0.8 0.9472911 0.42986134 0.5294117647058824 27
0.36 0.9 0.9445429 0.4308998 0.5294117647058824 27
0.425 0.45 0.9816864 0.46688807 0.47058823529411764 24
0.365 0.2 0.92999995 0.43898225 0.5686274509803921 29
0.425 0.7 0.97866106 0.46861598 0.47058823529411764 24
0.475 0.8 0.9684474 0.47504896 0.47058823529411764 24
0.365 0.75 0.9750535 0.46682635 0.49019607843137253 25
0.45 0.9 0.96947974 0.47392195 0.47058823529411764 24
0.365 0.1 0.93141633 0.43821675 0.5686274509803921 29
0.475 0.1 0.94630414 0.48792288 0.49019607843137253 25
0.365 0.4 0.954862 0.42506495 0.5490196078431373 28
0.365 0.7 0.94983923 0.42854315 0.5294117647058824 27
0.36 0.95 0.9412978 0.43043235 0.5098039215686274 26
0.365 0.8 0.9291128 0.44184574 0.5294117647058824 27
0.36 0.65 0.92496526 0.44406483 0.5490196078431373 28
0.37 0.05 0.9865507 0.4616256 0.49019607843137253 25
0.575 0.3 0.931478 0.49401975 0.47058823529411764 24
0.425 0.15 0.9827878 0.4660894 0.47058823529411764 24
0.365 0.05 0.9547933 0.48256868 0.5294117647058824 27
0.45 0.1 0.97534543 0.47115466 0.47058823529411764 24
0.365 0.6 0.92239857 0.44427076 0.5686274509803921 29
0.37 0.2 0.9426861 0.43052617 0.5294117647058824 27
0.37 0.45 0.9558118 0.42281094 0.5294117647058824 27
0.45 0.6 0.97337896 0.47337025 0.47058823529411764 24
0.37 0.85 0.9747478 0.466778 0.49019607843137253 25
0.425 0.2 0.98165685 0.4662454 0.47058823529411764 24
0.37 0.7 0.91806805 0.4433761 0.5490196078431373 28
0.37 0.55 0.98800623 0.45975286 0.49019607843137253 25
0.5 0.65 0.9355936 0.4925464 0.49019607843137253 25
0.475 0.15 0.94484025 0.48862514 0.49019607843137253 25
0.385 0.25 0.9868166 0.46130762 0.49019607843137253 25
0.37 0.6 0.9801159 0.46300852 0.49019607843137253 25
0.385 0.9 0.99081725 0.45827925 0.47058823529411764 24
0.385 0.2 0.9855648 0.46206668 0.49019607843137253 25
0.37 0.75 0.949288 0.42622182 0.5294117647058824 27
0.37 0.5 0.98226964 0.46325365 0.49019607843137253 25
0.4 0.8 0.9776422 0.46770528 0.49019607843137253 25
0.37 0.8 0.94604206 0.4831687 0.5098039215686274 26
0.37 0.35 0.9737331 0.41300553 0.5098039215686274 26
0.385 0.45 0.9847537 0.46282822 0.49019607843137253 25
0.4 0.35 0.98586357 0.46209085 0.49019607843137253 25
0.385 0.3 0.95704013 0.42167762 0.5294117647058824 27
0.4 0.25 0.9866363 0.4612721 0.49019607843137253 25
0.37 0.15 0.956378 0.4210104 0.5294117647058824 27
0.385 0.8 0.99108505 0.45818123 0.47058823529411764 24
0.475 0.55 0.97330475 0.47328717 0.47058823529411764 24
0.4 0.6 0.982934 0.4648968 0.49019607843137253 25
0.4 0.65 0.97843134 0.46775845 0.49019607843137253 25
0.385 0.75 0.97679776 0.465436 0.49019607843137253 25
0.575 0.35 0.93110305 0.4932053 0.47058823529411764 24
0.375 0.15 0.9590847 0.4194349 0.5294117647058824 27
0.575 0.4 0.9299315 0.49307805 0.47058823529411764 24
0.425 0.55 0.98166144 0.46710584 0.47058823529411764 24
0.425 0.05 0.9838899 0.4649897 0.47058823529411764 24
0.4 0.9 0.97509605 0.46948746 0.49019607843137253 25
0.425 0.5 0.9804238 0.46794704 0.47058823529411764 24
0.45 0.75 0.97214967 0.473631 0.47058823529411764 24
0.475 0.85 0.9362319 0.49227303 0.49019607843137253 25
0.4 0.4 0.98421335 0.4633105 0.49019607843137253 25
0.425 0.1 0.9808121 0.46713874 0.47058823529411764 24
0.5 0.2 0.9430273 0.4905121 0.49019607843137253 25
0.4 0.85 0.97504365 0.46822527 0.49019607843137253 25
0.385 0.4 0.9563751 0.4218754 0.5294117647058824 27
0.45 0.15 0.97585183 0.4709394 0.47058823529411764 24
0.4 0.5 0.9837884 0.46405447 0.49019607843137253 25
0.575 0.65 0.92922974 0.493327 0.47058823529411764 24
0.5 0.6 0.93738365 0.49304786 0.49019607843137253 25
0.4 0.45 0.9884289 0.46014592 0.49019607843137253 25
0.425 0.3 0.98224515 0.4659947 0.49019607843137253 25
0.425 0.65 0.9806222 0.46811768 0.47058823529411764 24
0.5 0.45 0.93720305 0.49251968 0.49019607843137253 25
0.625 1.0 0.9302055 0.4933854 0.47058823529411764 24
0.385 0.6 0.98276585 0.46450368 0.49019607843137253 25
0.425 0.6 0.980124 0.46755797 0.49019607843137253 25
0.4 0.95 0.9730213 0.46860695 0.49019607843137253 25
0.45 0.05 0.97493905 0.47113422 0.47058823529411764 24
0.45 0.45 0.974486 0.47254416 0.47058823529411764 24
0.425 0.4 0.98158723 0.46670622 0.47058823529411764 24
0.475 0.45 0.9736902 0.47294077 0.47058823529411764 24
0.45 0.35 0.9761553 0.47131476 0.47058823529411764 24
0.425 0.35 0.97680014 0.46970567 0.47058823529411764 24
0.5 0.25 0.9421132 0.48974296 0.49019607843137253 25
0.5 0.7 0.93660563 0.49242535 0.49019607843137253 25
0.5 0.5 0.93810004 0.4922405 0.49019607843137253 25
0.5 0.55 0.9384209 0.4919767 0.49019607843137253 25
0.45 0.25 0.97644985 0.47038674 0.47058823529411764 24
0.45 0.2 0.97546786 0.4711719 0.47058823529411764 24
0.65 0.1 0.9291375 0.4930028 0.47058823529411764 24
0.45 0.7 0.9724372 0.47367373 0.47058823529411764 24
0.55 0.8 0.930504 0.4942866 0.47058823529411764 24
0.45 0.3 0.97513694 0.4717453 0.47058823529411764 24
0.7 0.4 0.9524561 0.48436633 0.47058823529411764 24
0.45 0.5 0.9754717 0.47189498 0.47058823529411764 24
0.425 0.8 0.9766647 0.46957302 0.49019607843137253 25
0.65 0.3 0.93023807 0.49380684 0.47058823529411764 24
0.45 0.65 0.97278416 0.47369972 0.47058823529411764 24
0.425 0.95 0.9743985 0.47072136 0.47058823529411764 24
0.45 0.8 0.971001 0.47385132 0.47058823529411764 24
0.45 0.85 0.97099984 0.47378874 0.47058823529411764 24
0.425 0.75 0.97815 0.46926406 0.49019607843137253 25
0.675 0.1 0.95327365 0.48315403 0.47058823529411764 24
0.425 0.9 0.97543937 0.47046986 0.47058823529411764 24
0.425 0.85 0.9755713 0.46977875 0.47058823529411764 24
0.475 0.2 0.9451006 0.4888858 0.49019607843137253 25
0.45 1.0 0.9704987 0.4736586 0.47058823529411764 24
0.675 0.35 0.9532711 0.4835974 0.47058823529411764 24
0.45 0.4 0.9748365 0.47232407 0.47058823529411764 24
0.65 0.05 0.9539911 0.48246497 0.47058823529411764 24
0.475 0.25 0.97588843 0.47149512 0.47058823529411764 24
0.7 0.55 0.95259446 0.48457772 0.47058823529411764 24
0.575 0.55 0.92908126 0.49332002 0.47058823529411764 24
0.475 0.3 0.97539204 0.4720953 0.47058823529411764 24
0.7 0.6 0.9527443 0.48448431 0.47058823529411764 24
0.475 0.6 0.94117165 0.4912907 0.49019607843137253 25
0.475 0.65 0.93799317 0.4916532 0.49019607843137253 25
0.5 0.05 0.9426783 0.49010766 0.49019607843137253 25
0.6 0.1 0.9302887 0.49229857 0.47058823529411764 24
0.475 0.75 0.96917266 0.47466102 0.47058823529411764 24
0.475 0.35 0.9436861 0.48983786 0.49019607843137253 25
0.675 0.15 0.9537266 0.4831326 0.47058823529411764 24
0.7 0.3 0.9526104 0.48404777 0.47058823529411764 24
0.475 0.9 0.9676174 0.47535264 0.47058823529411764 24
0.5 0.3 0.9426511 0.490472 0.49019607843137253 25
0.675 0.65 0.95300996 0.4841959 0.47058823529411764 24
0.475 0.7 0.9370656 0.49201348 0.49019607843137253 25
0.65 0.15 0.95185727 0.48304522 0.47058823529411764 24
0.5 0.15 0.94334066 0.4899714 0.49019607843137253 25
0.675 0.55 0.9532393 0.48389578 0.47058823529411764 24
0.7 0.5 0.9527914 0.4844931 0.47058823529411764 24
0.65 0.65 0.9306194 0.49411643 0.47058823529411764 24
0.675 0.3 0.95342475 0.48347428 0.47058823529411764 24
0.65 0.2 0.9517822 0.4832752 0.47058823529411764 24
0.475 0.95 0.9675441 0.47516894 0.47058823529411764 24
0.475 0.5 0.9404435 0.4908799 0.49019607843137253 25
0.7 0.45 0.9526498 0.48440832 0.47058823529411764 24
0.725 0.2 0.95135516 0.48505902 0.47058823529411764 24
0.575 0.75 0.9294306 0.49305102 0.47058823529411764 24
0.5 0.4 0.9408759 0.49142373 0.49019607843137253 25
0.575 0.15 0.9311922 0.49251828 0.47058823529411764 24
0.675 0.4 0.9534448 0.48359698 0.47058823529411764 24
0.5 0.35 0.9405538 0.49177116 0.49019607843137253 25
0.5 0.1 0.9414381 0.48978752 0.49019607843137253 25
0.65 0.95 0.92978466 0.49401772 0.47058823529411764 24
0.475 1.0 0.93394595 0.49273688 0.47058823529411764 24
0.575 0.2 0.9314906 0.4923764 0.47058823529411764 24
0.675 0.5 0.9532553 0.48391992 0.47058823529411764 24
0.625 0.9 0.9294117 0.4937424 0.47058823529411764 24
0.5 0.75 0.9357252 0.49324766 0.49019607843137253 25
0.7 0.25 0.95257807 0.48407412 0.47058823529411764 24
0.575 0.5 0.930467 0.493422 0.47058823529411764 24
0.675 0.2 0.95320874 0.4835339 0.47058823529411764 24
0.7 0.75 0.953152 0.48438317 0.47058823529411764 24
0.7 0.65 0.952734 0.4845797 0.47058823529411764 24
0.725 0.9 0.9534828 0.48436013 0.47058823529411764 24
0.575 0.45 0.9302052 0.4937016 0.47058823529411764 24
0.65 1.0 0.9298455 0.49379784 0.47058823529411764 24
0.7 0.7 0.95331347 0.48435166 0.47058823529411764 24
0.675 0.25 0.9536071 0.48320243 0.47058823529411764 24
0.7 0.2 0.9527484 0.48388138 0.47058823529411764 24
0.7 0.35 0.9521448 0.48459673 0.47058823529411764 24
0.7 0.85 0.9534744 0.48420987 0.47058823529411764 24
0.775 0.1 0.96208775 0.47165984 0.47058823529411764 24
0.575 0.7 0.9291437 0.49358076 0.47058823529411764 24
0.825 0.6 0.96392727 0.47169873 0.47058823529411764 24
0.625 0.95 0.9296815 0.49372405 0.47058823529411764 24
0.725 0.25 0.9636265 0.4746311 0.47058823529411764 24
0.575 0.8 0.9296363 0.4936737 0.47058823529411764 24
0.7 0.9 0.95373076 0.48411238 0.47058823529411764 24
0.575 0.1 0.93189013 0.49239877 0.47058823529411764 24
0.65 0.35 0.9303314 0.49358255 0.47058823529411764 24
0.725 0.5 0.96394426 0.4745082 0.47058823529411764 24
0.775 0.2 0.9621645 0.47149798 0.47058823529411764 24
0.75 0.55 0.9640915 0.47444102 0.47058823529411764 24
0.65 0.25 0.92799234 0.49417183 0.47058823529411764 24
0.725 0.6 0.9520711 0.48516822 0.47058823529411764 24
0.7 0.8 0.95367354 0.48411635 0.47058823529411764 24
0.675 0.6 0.9532343 0.48393607 0.47058823529411764 24
0.8 0.95 0.96673 0.47076443 0.47058823529411764 24
0.75 0.45 0.9639869 0.47446182 0.47058823529411764 24
0.725 0.15 0.963401 0.4745868 0.47058823529411764 24
0.725 0.3 0.96357286 0.47469342 0.47058823529411764 24
0.75 0.85 0.96583307 0.47331956 0.47058823529411764 24
0.75 0.6 0.96447515 0.47426143 0.47058823529411764 24
0.725 0.35 0.963374 0.47464132 0.47058823529411764 24
0.675 0.05 0.9536188 0.48282376 0.47058823529411764 24
0.85 0.2 0.96194303 0.47132552 0.47058823529411764 24
0.725 0.65 0.9644885 0.47418946 0.47058823529411764 24
0.775 0.05 0.961652 0.47164696 0.47058823529411764 24
0.775 0.75 0.9653128 0.47257134 0.47058823529411764 24
0.8 0.6 0.9645933 0.4729076 0.47058823529411764 24
0.8 0.2 0.9620546 0.4714475 0.47058823529411764 24
0.75 0.5 0.96441805 0.47443122 0.47058823529411764 24
0.725 0.75 0.9650191 0.47391587 0.47058823529411764 24
0.75 0.65 0.9647045 0.4741194 0.47058823529411764 24
0.825 0.2 0.96191996 0.47136205 0.47058823529411764 24
0.825 0.1 0.9618766 0.47134835 0.47058823529411764 24
0.775 1.0 0.96724665 0.47188783 0.47058823529411764 24
0.8 1.0 0.9669822 0.4702663 0.47058823529411764 24
0.875 0.25 0.96252996 0.47097534 0.47058823529411764 24
0.8 0.85 0.96609324 0.47145006 0.47058823529411764 24
0.725 0.4 0.9515234 0.48529914 0.47058823529411764 24
0.725 0.45 0.9516249 0.4852945 0.47058823529411764 24
0.775 0.65 0.9647601 0.47291404 0.47058823529411764 24
0.875 0.35 0.962904 0.47082296 0.47058823529411764 24
0.9 0.8 0.9667362 0.46977964 0.47058823529411764 24
0.725 0.85 0.9533774 0.48442405 0.47058823529411764 24
0.775 0.15 0.96194994 0.4717918 0.47058823529411764 24
0.95 0.2 0.962979 0.47031426 0.47058823529411764 24
0.775 0.95 0.96608496 0.47129062 0.47058823529411764 24
0.775 0.6 0.9644039 0.47334763 0.47058823529411764 24
0.725 0.55 0.9522306 0.4850922 0.47058823529411764 24
0.925 0.25 0.9622434 0.4706355 0.47058823529411764 24
0.75 0.9 0.9665084 0.47298422 0.47058823529411764 24
0.85 0.25 0.9620271 0.47127423 0.47058823529411764 24
0.8 0.7 0.9651569 0.47260678 0.47058823529411764 24
0.825 0.95 0.9671993 0.47014478 0.47058823529411764 24
0.75 0.75 0.9652479 0.473639 0.47058823529411764 24
0.75 0.7 0.96537244 0.4737342 0.47058823529411764 24
0.75 1.0 0.9669672 0.47236356 0.47058823529411764 24
0.75 0.8 0.96542263 0.47358596 0.47058823529411764 24
0.775 0.25 0.96211225 0.47193316 0.47058823529411764 24
0.85 1.0 0.96753675 0.4692712 0.47058823529411764 24
0.75 0.95 0.9666664 0.4726576 0.47058823529411764 24
0.725 0.8 0.9653352 0.47369656 0.47058823529411764 24
0.825 0.55 0.9639703 0.47165632 0.47058823529411764 24
0.775 0.7 0.96538365 0.4735479 0.47058823529411764 24
0.95 0.35 0.96542597 0.46835008 0.47058823529411764 24
0.8 0.15 0.96211946 0.4714478 0.47058823529411764 24
0.975 0.15 0.9626117 0.47012666 0.47058823529411764 24
0.875 0.7 0.9656044 0.47159278 0.47058823529411764 24
0.9 0.3 0.9627926 0.4706908 0.47058823529411764 24
0.95 0.65 0.968279 0.4678043 0.47058823529411764 24
0.775 0.5 0.96372 0.47293335 0.47058823529411764 24
0.775 0.3 0.9623318 0.4719139 0.47058823529411764 24
0.775 0.55 0.9641906 0.4736962 0.47058823529411764 24
0.95 0.9 0.969529 0.46741608 0.47058823529411764 24
0.775 0.4 0.9634341 0.47309187 0.47058823529411764 24
0.9 0.75 0.9664136 0.47028294 0.47058823529411764 24
0.775 0.8 0.965246 0.47247824 0.47058823529411764 24
0.8 0.05 0.961936 0.4714689 0.47058823529411764 24
0.975 0.35 0.9952111 0.4512381 0.43137254901960786 22
0.775 0.85 0.9658437 0.4720666 0.47058823529411764 24
0.9 0.55 0.9637049 0.47031102 0.47058823529411764 24
0.8 0.75 0.9655224 0.4723522 0.47058823529411764 24
0.775 0.9 0.9658062 0.47171554 0.47058823529411764 24
0.875 0.6 0.96400166 0.4707549 0.47058823529411764 24
0.775 0.35 0.96292275 0.472378 0.47058823529411764 24
0.875 0.5 0.9631912 0.47054338 0.47058823529411764 24
0.8 0.55 0.96383744 0.47212538 0.47058823529411764 24
0.875 0.45 0.96328276 0.4707944 0.47058823529411764 24
0.8 0.1 0.96184224 0.47149888 0.47058823529411764 24
0.925 0.8 0.9673523 0.46928778 0.47058823529411764 24
0.875 0.55 0.96339655 0.4706262 0.47058823529411764 24
0.825 0.05 0.96205205 0.47139436 0.47058823529411764 24
0.8 0.8 0.9658326 0.4721148 0.47058823529411764 24
0.85 0.6 0.96470547 0.47154304 0.47058823529411764 24
0.8 0.9 0.96613723 0.47120062 0.47058823529411764 24
0.8 0.65 0.9648285 0.47275504 0.47058823529411764 24
0.85 0.1 0.9622157 0.47125393 0.47058823529411764 24
0.875 0.85 0.96680725 0.47007963 0.47058823529411764 24
0.875 0.9 0.967389 0.4694441 0.47058823529411764 24
0.975 0.65 0.96947414 0.4666278 0.47058823529411764 24
0.925 0.7 0.9662849 0.46983463 0.47058823529411764 24
0.8 0.3 0.9624115 0.47138035 0.47058823529411764 24
0.85 0.35 0.96244156 0.47090778 0.47058823529411764 24
0.8 0.45 0.96272403 0.47139916 0.47058823529411764 24
0.8 0.5 0.96333855 0.47200525 0.47058823529411764 24
0.825 0.5 0.9634574 0.47134614 0.47058823529411764 24
0.825 0.15 0.9620897 0.47137952 0.47058823529411764 24
0.825 0.3 0.9621029 0.4713121 0.47058823529411764 24
0.8 0.4 0.96290576 0.47134706 0.47058823529411764 24
0.825 0.25 0.96235716 0.47126856 0.47058823529411764 24
0.975 0.7 0.9963728 0.4523712 0.43137254901960786 22
0.825 0.4 0.96276987 0.47106767 0.47058823529411764 24
0.95 0.1 0.96266764 0.47059932 0.47058823529411764 24
0.825 0.85 0.9666017 0.47110114 0.47058823529411764 24
0.8 0.35 0.9622672 0.4715578 0.47058823529411764 24
1.0 0.1 0.99569434 0.45118368 0.43137254901960786 22
1.0 0.5 0.9961343 0.45138395 0.43137254901960786 22
0.85 0.75 0.965984 0.47138664 0.47058823529411764 24
0.925 0.75 0.9666284 0.46976864 0.47058823529411764 24
0.825 0.9 0.9667385 0.4705858 0.47058823529411764 24
0.825 0.45 0.9632061 0.47116643 0.47058823529411764 24
1.0 0.2 0.9958283 0.4511354 0.43137254901960786 22
0.825 0.8 0.9658135 0.4717768 0.47058823529411764 24
0.925 0.55 0.9645807 0.46978477 0.47058823529411764 24
0.875 0.4 0.962953 0.4706024 0.47058823529411764 24
0.85 0.8 0.96648324 0.4710055 0.47058823529411764 24
0.825 0.35 0.96266955 0.47116333 0.47058823529411764 24
0.85 0.4 0.9626753 0.4708799 0.47058823529411764 24
0.85 0.45 0.96326363 0.470806 0.47058823529411764 24
0.85 0.3 0.9626144 0.47115257 0.47058823529411764 24
0.825 0.75 0.9654638 0.4721011 0.47058823529411764 24
0.825 0.65 0.96524084 0.4725263 0.47058823529411764 24
0.85 0.5 0.9631626 0.47092205 0.47058823529411764 24
0.85 0.15 0.96235067 0.47124574 0.47058823529411764 24
0.85 0.05 0.96224165 0.47129872 0.47058823529411764 24
0.85 0.9 0.9670207 0.47003326 0.47058823529411764 24
0.95 1.0 0.97084695 0.46633512 0.47058823529411764 24
0.875 0.1 0.9620555 0.47105056 0.47058823529411764 24
0.85 0.55 0.96374273 0.47125918 0.47058823529411764 24
0.85 0.7 0.9651197 0.4716468 0.47058823529411764 24
0.925 0.85 0.9679435 0.46879822 0.47058823529411764 24
1.0 0.45 0.9959801 0.45122162 0.43137254901960786 22
0.975 0.95 0.9960086 0.45267552 0.43137254901960786 22
0.975 0.85 0.9963951 0.45271757 0.43137254901960786 22
0.85 0.85 0.9665073 0.4706123 0.47058823529411764 24
0.875 0.2 0.9616817 0.47103968 0.47058823529411764 24
1.0 1.0 0.9958026 0.4524686 0.43137254901960786 22
1.0 0.05 0.99560654 0.45111668 0.43137254901960786 22
1.0 0.85 0.99623 0.4526187 0.43137254901960786 22
0.875 0.05 0.96211624 0.47108465 0.47058823529411764 24
0.15 0.95 1.1100159 0.65703464 0.5294117647058824 27
0.875 0.65 0.96543396 0.47136095 0.47058823529411764 24
0.875 0.75 0.9662859 0.47113368 0.47058823529411764 24
0.975 0.6 0.9962115 0.45182002 0.43137254901960786 22
0.875 0.8 0.9663472 0.47048962 0.47058823529411764 24
1.0 0.15 0.9957678 0.4511265 0.43137254901960786 22
0.9 0.45 0.96302474 0.47032347 0.47058823529411764 24
0.9 0.25 0.96280515 0.47092092 0.47058823529411764 24
0.875 0.15 0.96201694 0.47117442 0.47058823529411764 24
0.875 0.3 0.96186763 0.47086012 0.47058823529411764 24
0.9 0.65 0.965428 0.47055238 0.47058823529411764 24
0.925 0.45 0.96394217 0.47029257 0.47058823529411764 24
0.925 0.2 0.9620206 0.47077402 0.47058823529411764 24
0.9 0.9 0.9677388 0.46897116 0.47058823529411764 24
0.9 0.4 0.9629661 0.47044164 0.47058823529411764 24
0.925 0.4 0.9632074 0.47026977 0.47058823529411764 24
0.075 0.9 1.0712804 0.5644153 0.5098039215686274 26
0.9 0.5 0.9636407 0.47036132 0.47058823529411764 24
0.9 0.7 0.9658748 0.4704893 0.47058823529411764 24
0.9 0.2 0.96270466 0.47090334 0.47058823529411764 24
1.0 0.25 0.9952019 0.45125562 0.43137254901960786 22
0.15 0.65 1.1132874 0.6568737 0.5294117647058824 27
0.85 0.95 0.96715707 0.4697477 0.47058823529411764 24
0.075 0.3 1.1041548 0.57966334 0.5098039215686274 26
1.0 0.75 0.9963385 0.45253167 0.43137254901960786 22
0.925 0.6 0.96513444 0.46966213 0.47058823529411764 24
0.9 0.6 0.96457225 0.47059083 0.47058823529411764 24
0.925 0.5 0.9637556 0.4701404 0.47058823529411764 24
0.95 0.05 0.9627498 0.47059742 0.47058823529411764 24
0.925 0.65 0.9657873 0.4698206 0.47058823529411764 24
0.9 0.35 0.96249914 0.4705743 0.47058823529411764 24
0.975 0.1 0.9959564 0.45144424 0.43137254901960786 22
0.95 0.6 0.9675719 0.46776393 0.47058823529411764 24
0.9 0.85 0.967243 0.46938848 0.47058823529411764 24
0.95 0.45 0.9640354 0.46976462 0.47058823529411764 24
0.925 0.95 0.9690708 0.46782994 0.47058823529411764 24
0.95 0.25 0.9644477 0.46868953 0.47058823529411764 24
0.95 0.4 0.9657844 0.46819755 0.47058823529411764 24
0.95 0.55 0.9650544 0.46921146 0.47058823529411764 24
1.0 0.55 0.99603814 0.4514783 0.43137254901960786 22
0.925 0.9 0.968454 0.46841902 0.47058823529411764 24
0.15 0.2 1.128975 0.67575336 0.5490196078431373 28
0.175 1.0 1.0973976 0.58761716 0.5490196078431373 28
0.95 0.8 0.96992475 0.46711808 0.47058823529411764 24
0.975 0.45 0.9851469 0.4553525 0.45098039215686275 23
0.95 0.15 0.962903 0.4705181 0.47058823529411764 24
0.05 0.8 1.0870272 0.51716155 0.5294117647058824 27
1.0 0.35 0.99573725 0.4511561 0.43137254901960786 22
0.15 0.25 1.1183443 0.66884196 0.5294117647058824 27
0.95 0.85 0.9686235 0.46812454 0.47058823529411764 24
0.2 0.3 0.9988853 0.49871454 0.5686274509803921 29
0.975 0.55 0.97343415 0.46266747 0.45098039215686275 23
0.05 0.65 1.0834386 0.50936824 0.5490196078431373 28
0.05 0.6 1.0752237 0.51229405 0.5490196078431373 28
0.925 0.3 0.96278393 0.47052813 0.47058823529411764 24
0.15 0.85 1.1158067 0.664456 0.5490196078431373 28
0.975 0.25 0.9956457 0.45114842 0.43137254901960786 22
1.0 0.65 0.99625814 0.45199385 0.43137254901960786 22
0.925 0.35 0.963342 0.4703844 0.47058823529411764 24
0.975 0.8 0.99647313 0.45273095 0.43137254901960786 22
0.215 0.05 0.9743406 0.40488607 0.5294117647058824 27
0.075 0.05 1.0883766 0.5617457 0.5098039215686274 26
0.125 0.5 1.1330209 0.6685988 0.5294117647058824 27
0.975 0.3 0.97222435 0.46309352 0.47058823529411764 24
0.975 0.05 0.9631149 0.4701793 0.47058823529411764 24
0.95 0.3 0.96314013 0.4701169 0.47058823529411764 24
0.975 0.4 0.9951746 0.45126593 0.43137254901960786 22
0.95 0.5 0.964575 0.46951407 0.47058823529411764 24
0.95 0.7 0.97795314 0.46106255 0.45098039215686275 23
0.975 1.0 0.9957368 0.45269853 0.43137254901960786 22
0.975 0.75 0.9963783 0.4526719 0.43137254901960786 22
0.2 0.75 1.0324953 0.51394117 0.5686274509803921 29
0.2 0.05 0.97679365 0.41037276 0.5490196078431373 28
0.95 0.95 0.97200996 0.46547264 0.45098039215686275 23
0.05 1.0 1.09183 0.51697403 0.5490196078431373 28
0.975 0.9 0.9961729 0.45269382 0.43137254901960786 22
1.0 0.95 0.9955888 0.45267665 0.43137254901960786 22
0.21 0.95 0.9936558 0.40275505 0.5686274509803921 29
0.125 0.35 1.1171771 0.6442206 0.5294117647058824 27
0.975 0.5 0.99601954 0.4512785 0.43137254901960786 22
0.175 0.95 1.1240618 0.7176848 0.5490196078431373 28
1.0 0.4 0.99571973 0.4511712 0.43137254901960786 22
1.0 0.7 0.9964064 0.45228085 0.43137254901960786 22
0.95 0.75 0.96744394 0.46899617 0.47058823529411764 24
0.075 0.1 1.0821402 0.54408914 0.5098039215686274 26
0.21 0.65 1.0050924 0.4028962 0.5686274509803921 29
1.0 0.3 0.9958765 0.45115268 0.43137254901960786 22
0.125 0.4 1.1506289 0.6676327 0.5098039215686274 26
0.2 0.55 1.021498 0.51001567 0.5490196078431373 28
0.175 0.45 1.0561914 0.5586467 0.5686274509803921 29
0.15 0.7 1.1130697 0.65719247 0.5490196078431373 28
1.0 0.6 0.9960598 0.45159903 0.43137254901960786 22
1.0 0.8 0.99632853 0.45247212 0.43137254901960786 22
0.21 1.0 1.0231366 0.40284827 0.5490196078431373 28
1.0 0.9 0.9958888 0.45262504 0.43137254901960786 22
0.2 0.4 1.011709 0.5114644 0.5490196078431373 28
0.2 0.1 1.0325696 0.5160277 0.5686274509803921 29
0.175 0.3 1.1017411 0.7524358 0.5490196078431373 28
0.2 0.45 1.0112637 0.50607586 0.5490196078431373 28
0.175 0.6 1.086673 0.6303907 0.5686274509803921 29
0.175 0.65 1.0939007 0.6130153 0.5686274509803921 29
0.175 0.35 1.0545 0.58333904 0.5490196078431373 28
0.125 0.55 1.1442244 0.6514591 0.5098039215686274 26
0.15 0.9 1.1132429 0.6626415 0.5490196078431373 28
0.175 0.25 1.1103089 0.72023845 0.5490196078431373 28
0.2 0.2 1.0110897 0.5102306 0.5490196078431373 28
0.2 0.65 1.0110753 0.513728 0.5490196078431373 28
0.215 0.5 0.9674996 0.41473877 0.5490196078431373 28
0.175 0.2 1.0630991 0.6483173 0.5490196078431373 28
0.21 0.5 0.9982597 0.4220745 0.49019607843137253 25
0.175 0.15 1.0542772 0.62936836 0.5490196078431373 28
0.175 0.8 1.0671566 0.60239106 0.5490196078431373 28
0.2 0.35 1.0142924 0.50633955 0.5686274509803921 29
0.2 0.6 1.0226008 0.49480104 0.5686274509803921 29
0.15 0.75 1.122415 0.67124945 0.5294117647058824 27
0.175 0.4 1.0634558 0.5991258 0.5686274509803921 29
0.21 0.4 0.9784444 0.41594103 0.5490196078431373 28
0.05 0.85 1.0917549 0.5100409 0.5490196078431373 28
0.175 0.75 1.0804996 0.57934374 0.5686274509803921 29
0.125 0.45 1.1352357 0.671876 0.5098039215686274 26
0.22 0.9 1.0071856 0.4347198 0.5098039215686274 26
0.21 0.7 1.0180576 0.4147013 0.5294117647058824 27
0.2 0.8 1.030072 0.5098599 0.5686274509803921 29
0.225 0.05 0.9743287 0.40367103 0.5294117647058824 27
0.15 0.8 1.1087946 0.65704316 0.5294117647058824 27
0.175 0.5 1.0694172 0.6277293 0.5490196078431373 28
0.225 0.4 0.97899437 0.4108981 0.49019607843137253 25
0.15 1.0 1.1162859 0.66918385 0.5294117647058824 27
0.175 0.9 1.0965074 0.55291367 0.5490196078431373 28
0.21 0.85 0.99402076 0.4073531 0.5686274509803921 29
0.215 0.35 0.9757349 0.41987246 0.5294117647058824 27
0.215 0.15 0.9572589 0.41114 0.49019607843137253 25
0.175 0.55 1.0468473 0.58183795 0.5490196078431373 28
0.21 0.9 1.0204413 0.40979508 0.5686274509803921 29
0.175 0.7 1.1132159 0.73267055 0.5490196078431373 28
0.2 0.25 1.0001574 0.5044425 0.5490196078431373 28
0.215 0.45 0.9806377 0.40492594 0.5294117647058824 27
0.21 0.15 0.99914455 0.4073847 0.5490196078431373 28
0.2 0.15 1.0195622 0.5121092 0.5098039215686274 26
0.22 0.7 0.9809793 0.40783325 0.5490196078431373 28
0.215 0.2 0.9719389 0.41020706 0.5098039215686274 26
0.215 0.6 0.9974108 0.42326745 0.5098039215686274 26
0.2 0.5 1.0159185 0.5036839 0.5686274509803921 29
0.24 0.3 0.9656312 0.40149596 0.5490196078431373 28
0.21 0.6 1.0089419 0.40736145 0.5490196078431373 28
0.21 0.35 1.0046997 0.40945923 0.5098039215686274 26
0.21 0.55 1.0014141 0.42099068 0.5098039215686274 26
0.225 0.15 0.98438215 0.41208416 0.5294117647058824 27
0.215 0.1 0.98145103 0.39703816 0.5098039215686274 26
0.25 0.05 0.95906925 0.40828052 0.5490196078431373 28
0.225 0.5 0.9969115 0.40651202 0.5098039215686274 26
0.175 0.1 1.0571129 0.63355625 0.5686274509803921 29
0.23 0.6 0.99325734 0.39511922 0.5098039215686274 26
0.235 0.05 0.95712566 0.3977701 0.5490196078431373 28
0.23 0.8 1.0141733 0.40524334 0.5490196078431373 28
0.215 0.55 0.98631877 0.4192144 0.49019607843137253 25
0.21 0.75 1.0223013 0.41310757 0.5098039215686274 26
0.21 0.8 1.00634 0.42025125 0.5294117647058824 27
0.21 0.3 0.9805765 0.4063725 0.5098039215686274 26
0.245 0.85 0.97555125 0.41283968 0.5490196078431373 28
0.225 0.3 0.9667899 0.40062055 0.49019607843137253 25
0.175 0.85 1.11614 0.69999576 0.5294117647058824 27
0.2 0.7 0.9785867 0.4087793 0.5490196078431373 28
0.225 0.65 0.98515224 0.40946943 0.5098039215686274 26
0.25 0.35 0.960971 0.40242377 0.5490196078431373 28
0.225 0.8 0.985407 0.42165223 0.5098039215686274 26
0.235 0.1 0.9739106 0.40804827 0.5490196078431373 28
0.22 0.45 0.98302585 0.4143407 0.5294117647058824 27
0.22 0.65 0.98600864 0.41207963 0.5490196078431373 28
0.215 0.25 0.97712624 0.41045448 0.49019607843137253 25
0.21 0.1 0.9905483 0.41670457 0.5294117647058824 27
0.21 0.45 0.9872173 0.41637373 0.5490196078431373 28
0.245 0.3 0.95968646 0.40133876 0.5490196078431373 28
0.22 0.5 0.9988949 0.40511286 0.5294117647058824 27
0.245 0.6 0.96892864 0.4031346 0.5294117647058824 27
0.215 0.4 0.99844646 0.40813687 0.49019607843137253 25
0.23 0.7 0.9938763 0.39685887 0.5098039215686274 26
0.205 1.0 1.0052397 0.42245817 0.5686274509803921 29
0.22 0.55 1.0062311 0.4151111 0.49019607843137253 25
0.205 0.9 0.9820669 0.40692708 0.5686274509803921 29
0.25 0.4 0.9662196 0.40074712 0.5490196078431373 28
0.23 0.9 1.0075744 0.4040007 0.5098039215686274 26
0.245 0.65 0.9646166 0.40129775 0.5098039215686274 26
0.25 0.45 0.9689045 0.41118017 0.5490196078431373 28
0.235 0.8 0.9802407 0.40774 0.5098039215686274 26
0.21 0.05 0.95815533 0.41051978 0.49019607843137253 25
0.275 0.5 0.9848059 0.39705494 0.5686274509803921 29
0.205 0.95 1.0097415 0.40467945 0.5686274509803921 29
0.21 0.2 0.98827106 0.4013802 0.49019607843137253 25
0.245 1.0 0.9736923 0.41984025 0.5490196078431373 28
0.225 0.75 1.0003971 0.4025781 0.5490196078431373 28
0.235 0.4 0.96136415 0.40425178 0.5490196078431373 28
0.24 0.75 0.9707527 0.4026387 0.5294117647058824 27
0.23 0.75 0.99146336 0.39665356 0.5098039215686274 26
0.22 0.95 1.003857 0.43310812 0.5098039215686274 26
0.25 0.25 0.97098273 0.40582722 0.5490196078431373 28
0.21 0.25 1.0008239 0.40621737 0.5490196078431373 28
0.22 1.0 0.99141693 0.41092107 0.5490196078431373 28
0.245 0.9 0.9729595 0.40598714 0.5490196078431373 28
0.255 0.85 0.9673516 0.4038035 0.5686274509803921 29
0.225 0.25 0.9905006 0.39468768 0.5098039215686274 26
0.22 0.4 0.9860954 0.4153866 0.5490196078431373 28
0.225 0.1 0.9958851 0.3989924 0.49019607843137253 25
0.26 0.3 0.9627403 0.4024143 0.5686274509803921 29
0.22 0.8 0.9914277 0.419903 0.5098039215686274 26
0.225 0.35 0.9711412 0.40882668 0.49019607843137253 25
0.225 1.0 1.0171347 0.4234892 0.5294117647058824 27
0.25 0.3 0.96065664 0.4040083 0.5490196078431373 28
0.225 0.2 0.981222 0.40813878 0.5294117647058824 27
0.225 0.6 0.975821 0.41128218 0.5294117647058824 27
0.225 0.45 0.99375725 0.3958669 0.5294117647058824 27
0.26 0.7 0.9695336 0.4055302 0.5686274509803921 29
0.225 0.85 1.0012804 0.43699384 0.5294117647058824 27
0.225 0.55 0.97782266 0.40806967 0.5098039215686274 26
0.3 0.35 0.9834568 0.40369347 0.5686274509803921 29
0.3 0.4 0.979064 0.4073163 0.5686274509803921 29
0.225 0.95 0.97916585 0.41079623 0.5490196078431373 28
0.225 0.9 0.98922443 0.42355412 0.5098039215686274 26
0.225 0.7 0.9772258 0.4072867 0.5098039215686274 26
0.22 0.6 0.9880911 0.4129835 0.5098039215686274 26
0.23 0.05 0.953545 0.40043914 0.5490196078431373 28
0.245 0.55 0.96607554 0.4191304 0.5490196078431373 28
0.26 0.65 0.9685167 0.40361503 0.5686274509803921 29
0.23 0.1 0.98903894 0.39179212 0.5098039215686274 26
0.295 0.75 0.9688268 0.41284657 0.5686274509803921 29
0.235 1.0 0.97985333 0.40952656 0.5490196078431373 28
0.24 0.1 0.9701212 0.4160941 0.5294117647058824 27
0.235 0.2 0.96138656 0.39947218 0.5490196078431373 28
0.245 0.35 0.9630126 0.40147018 0.5490196078431373 28
0.24 0.35 0.9665457 0.4021027 0.5490196078431373 28
0.23 0.85 0.9878483 0.39957258 0.5098039215686274 26
0.22 0.85 0.99162614 0.41154313 0.5490196078431373 28
0.235 0.5 0.9742659 0.40251523 0.5490196078431373 28
0.26 0.15 0.9782586 0.40184304 0.5686274509803921 29
0.235 0.3 0.9639015 0.40167198 0.5490196078431373 28
0.23 0.55 0.99549043 0.40028128 0.5490196078431373 28
0.24 0.05 0.9586506 0.40410262 0.5490196078431373 28
0.23 0.65 0.98852557 0.39411837 0.5294117647058824 27
0.22 0.75 1.0021114 0.42696232 0.5098039215686274 26
0.26 0.1 0.9857974 0.4129196 0.5686274509803921 29
0.235 0.6 0.960987 0.4020132 0.5490196078431373 28
0.23 0.95 0.9930118 0.39591086 0.5098039215686274 26
0.235 0.25 0.95404494 0.39927262 0.5490196078431373 28
0.235 0.85 0.9593979 0.39891806 0.5098039215686274 26
0.235 0.95 0.9680486 0.39854902 0.5490196078431373 28
0.295 0.05 0.98823845 0.4014011 0.5686274509803921 29
0.26 0.4 0.9806371 0.39796898 0.5490196078431373 28
0.255 0.8 0.97166616 0.40657103 0.5490196078431373 28
0.255 0.25 0.98174113 0.40581876 0.5686274509803921 29
0.24 0.15 0.95447826 0.40088847 0.5490196078431373 28
0.235 0.65 0.98283434 0.4095354 0.5490196078431373 28
0.23 1.0 1.001539 0.39529273 0.5098039215686274 26
0.235 0.35 0.96287763 0.39993417 0.5490196078431373 28
0.235 0.7 0.97502506 0.40100455 0.5490196078431373 28
0.24 0.5 0.96357125 0.39982706 0.5490196078431373 28
0.235 0.75 0.9695374 0.4027792 0.5490196078431373 28
0.26 0.25 0.9815022 0.39934537 0.5686274509803921 29
0.25 0.5 0.9537117 0.4034579 0.5490196078431373 28
0.295 0.5 0.97327554 0.41030112 0.5686274509803921 29
0.235 0.45 0.9672621 0.4026525 0.5490196078431373 28
0.34 0.9 0.9256223 0.43939987 0.5490196078431373 28
0.255 0.7 0.9646969 0.40117696 0.5490196078431373 28
0.235 0.55 0.9658538 0.40145266 0.5490196078431373 28
0.245 0.45 0.97324336 0.40215018 0.5490196078431373 28
0.245 0.8 0.95865023 0.41038704 0.5490196078431373 28
0.255 1.0 0.9570621 0.40047076 0.5490196078431373 28
0.24 0.25 0.96359664 0.39986733 0.5490196078431373 28
0.245 0.05 0.96040344 0.40283838 0.5490196078431373 28
0.235 0.9 0.98103255 0.41035405 0.5490196078431373 28
0.25 0.1 0.9653839 0.3999128 0.5490196078431373 28
0.295 0.15 0.9867403 0.40264925 0.5686274509803921 29
0.26 0.5 0.9671631 0.40043384 0.5686274509803921 29
0.295 0.3 0.9842278 0.4026969 0.5686274509803921 29
0.26 0.45 0.9774259 0.4071842 0.5686274509803921 29
0.295 0.85 0.96223384 0.4176597 0.5686274509803921 29
0.255 0.55 0.9682964 0.4024279 0.5490196078431373 28
0.26 0.55 0.9719968 0.40520787 0.5686274509803921 29
0.29 0.55 0.97096837 0.41294894 0.5686274509803921 29
0.295 0.7 0.9701894 0.4112653 0.5686274509803921 29
0.25 0.2 0.9647049 0.4027623 0.5490196078431373 28
0.245 0.95 0.9539526 0.40243712 0.5490196078431373 28
0.295 0.4 0.9735069 0.4121105 0.5686274509803921 29
0.24 0.9 0.97411096 0.40548772 0.5294117647058824 27
0.25 0.15 0.96245635 0.402103 0.5490196078431373 28
0.245 0.4 0.96196586 0.4010742 0.5490196078431373 28
0.29 0.45 0.97397244 0.40873674 0.5686274509803921 29
0.24 0.85 0.96988726 0.4016891 0.5294117647058824 27
0.24 1.0 0.9542945 0.41038433 0.5490196078431373 28
0.3 0.25 0.9862801 0.4033635 0.5686274509803921 29
0.245 0.25 0.9433142 0.4024709 0.5490196078431373 28
0.245 0.15 0.9718477 0.40942678 0.5490196078431373 28
0.29 0.7 0.9657685 0.414355 0.5686274509803921 29
0.29 0.8 0.96541804 0.41472933 0.5686274509803921 29
0.245 0.2 0.9670407 0.40187535 0.5490196078431373 28
0.24 0.95 0.96023 0.4001258 0.5294117647058824 27
0.245 0.1 0.95281965 0.40393886 0.5294117647058824 27
0.345 0.3 0.92021525 0.44504267 0.5490196078431373 28
0.34 0.05 0.9217412 0.44389564 0.5490196078431373 28
0.335 0.7 0.91761476 0.44573745 0.5490196078431373 28
0.325 0.95 0.93322897 0.43377158 0.5294117647058824 27
0.27 0.15 0.9929811 0.39628464 0.5686274509803921 29
0.345 0.5 0.9488467 0.42752624 0.5294117647058824 27
0.26 0.75 0.96064746 0.40148884 0.5686274509803921 29
0.285 0.75 0.96648324 0.4140898 0.5686274509803921 29
0.245 0.5 0.95946693 0.40230486 0.5490196078431373 28
0.345 0.6 0.9256528 0.44092295 0.5490196078431373 28
0.295 0.65 0.96693146 0.4159046 0.5686274509803921 29
0.255 0.6 0.96496725 0.4110627 0.5490196078431373 28
0.255 0.3 0.9734804 0.40406945 0.5686274509803921 29
0.295 0.25 0.9842412 0.40355626 0.5686274509803921 29
0.255 0.95 0.9684431 0.4036449 0.5490196078431373 28
0.295 0.45 0.9777198 0.40756154 0.5686274509803921 29
0.255 0.5 0.98334056 0.39058784 0.5490196078431373 28
0.255 0.15 0.96290576 0.40119153 0.5490196078431373 28
0.315 0.6 0.94864976 0.4232608 0.5686274509803921 29
0.26 0.85 0.96466655 0.40403956 0.5686274509803921 29
0.26 0.35 0.96791935 0.4004315 0.5686274509803921 29
0.255 0.9 0.9645578 0.40162584 0.5490196078431373 28
0.255 0.35 0.9761321 0.40190986 0.5490196078431373 28
0.33 0.05 0.9364899 0.43506292 0.5490196078431373 28
0.255 0.65 0.9601723 0.4147918 0.5490196078431373 28
0.345 0.95 0.9441825 0.42933333 0.5294117647058824 27
0.255 0.45 0.9569969 0.39793777 0.5490196078431373 28
0.325 1.0 0.92177266 0.43868852 0.5294117647058824 27
0.29 0.95 0.9595793 0.4191593 0.5686274509803921 29
0.26 0.8 0.97188795 0.40932024 0.5686274509803921 29
0.245 0.7 0.9703058 0.41010392 0.5490196078431373 28
0.26 0.2 0.9768677 0.40183046 0.5686274509803921 29
0.255 0.75 0.96625423 0.40465918 0.5490196078431373 28
0.34 0.95 0.9137999 0.44580007 0.5294117647058824 27
0.295 0.35 0.98076516 0.4059765 0.5686274509803921 29
0.375 0.7 0.9779501 0.46402302 0.49019607843137253 25
0.275 0.45 0.9878851 0.3996344 0.5686274509803921 29
0.3 0.15 0.98791426 0.40155488 0.5686274509803921 29
0.345 0.05 0.9517193 0.4266771 0.5294117647058824 27
0.34 0.7 0.9170822 0.44485903 0.5490196078431373 28
0.255 0.2 0.9741834 0.39774603 0.5686274509803921 29
0.29 0.9 0.9599363 0.41762045 0.5686274509803921 29
0.345 0.85 0.9191643 0.4443684 0.5294117647058824 27
0.255 0.4 0.9653181 0.39956975 0.5490196078431373 28
0.31 0.8 0.9468498 0.4231862 0.5686274509803921 29
0.26 0.6 0.96803075 0.41459218 0.5686274509803921 29
0.26 0.05 0.98067063 0.39952826 0.5686274509803921 29
0.295 0.8 0.97026503 0.4115531 0.5686274509803921 29
0.34 0.4 0.92029554 0.4455378 0.5490196078431373 28
0.345 0.1 0.95213115 0.42520124 0.5294117647058824 27
0.29 0.85 0.96005154 0.41870967 0.5686274509803921 29
0.345 0.15 0.9239303 0.4415139 0.5490196078431373 28
0.29 1.0 0.9572153 0.42086604 0.5686274509803921 29
0.3 0.3 0.97699517 0.41050103 0.5686274509803921 29
0.3 0.05 0.9847678 0.40398726 0.5686274509803921 29
0.335 0.8 0.9426241 0.43022066 0.5294117647058824 27
0.345 0.55 0.9257035 0.44289437 0.5490196078431373 28
0.29 0.65 0.97049314 0.41131768 0.5686274509803921 29
0.345 0.25 0.92071855 0.4442632 0.5490196078431373 28
0.295 0.9 0.9601024 0.4173195 0.5686274509803921 29
0.29 0.6 0.97045195 0.4134004 0.5686274509803921 29
0.345 0.9 0.940261 0.48661214 0.49019607843137253 25
0.375 0.95 0.9742185 0.46635315 0.47058823529411764 24
0.335 0.9 0.9245564 0.4393371 0.5294117647058824 27
0.34 0.35 0.9361137 0.43653303 0.5490196078431373 28
0.375 0.6 0.9838995 0.4630554 0.49019607843137253 25
0.375 0.85 0.97501945 0.46560252 0.47058823529411764 24
0.295 0.95 0.9604883 0.41756442 0.5686274509803921 29
0.3 0.2 0.9794094 0.40637523 0.5686274509803921 29
0.335 0.65 0.914652 0.4457431 0.5490196078431373 28
0.295 1.0 0.95748127 0.41908005 0.5686274509803921 29
0.375 0.8 0.97736835 0.46498182 0.49019607843137253 25
0.34 0.25 0.92749757 0.43850318 0.5490196078431373 28
0.38 0.25 0.95697963 0.47923774 0.5098039215686274 26
0.345 0.2 0.92788124 0.4387914 0.5490196078431373 28
0.3 0.1 0.9812689 0.40578943 0.5686274509803921 29
0.34 0.5 0.92644083 0.43978515 0.5490196078431373 28
0.34 0.55 0.91793936 0.44692785 0.5490196078431373 28
0.34 0.2 0.9223052 0.4433003 0.5490196078431373 28
0.335 1.0 0.917874 0.44446078 0.5294117647058824 27
0.335 0.95 0.92367077 0.43963534 0.5294117647058824 27
0.295 0.55 0.97027665 0.41155088 0.5686274509803921 29
0.29 0.5 0.9739482 0.4122485 0.5686274509803921 29
0.295 0.1 0.9798422 0.40729445 0.5686274509803921 29
0.29 0.75 0.96681327 0.416375 0.5686274509803921 29
0.335 0.85 0.9264744 0.43865022 0.5490196078431373 28
0.345 0.75 0.9238647 0.44067487 0.5490196078431373 28
0.275 0.55 0.98562527 0.3996077 0.5686274509803921 29
0.275 0.6 0.98333454 0.39922574 0.5686274509803921 29
0.35 0.55 0.9459999 0.42897326 0.5294117647058824 27
0.325 0.85 0.9269432 0.4353588 0.5490196078431373 28
0.34 0.8 0.9198308 0.4410534 0.5294117647058824 27
0.375 0.1 1.0047657 0.45174292 0.47058823529411764 24
0.37 0.95 0.9756937 0.46515968 0.47058823529411764 24
0.34 0.75 0.954414 0.42134386 0.5294117647058824 27
0.295 0.2 0.98304254 0.40423292 0.5686274509803921 29
0.34 0.65 0.9229927 0.4406671 0.5490196078431373 28
0.34 0.3 0.926597 0.43966597 0.5490196078431373 28
0.365 0.3 0.9551159 0.42399588 0.5490196078431373 28
0.35 0.45 0.9214473 0.44488347 0.5490196078431373 28
0.38 0.55 0.98658895 0.46147126 0.49019607843137253 25
0.375 0.3 0.9864856 0.46083176 0.49019607843137253 25
0.295 0.6 0.97180206 0.4116563 0.5686274509803921 29
0.345 0.8 0.9148197 0.4465015 0.5490196078431373 28
0.375 0.75 0.9778741 0.4635485 0.49019607843137253 25
0.375 0.25 0.98711157 0.45984757 0.49019607843137253 25
0.38 0.5 0.98497355 0.46233052 0.49019607843137253 25
0.34 1.0 0.919106 0.4436376 0.5294117647058824 27
0.38 0.65 0.9809467 0.46325228 0.49019607843137253 25
0.38 0.6 0.95481175 0.4240832 0.5294117647058824 27
0.38 0.35 0.97389066 0.47189292 0.49019607843137253 25
0.38 0.3 0.98680764 0.460716 0.49019607843137253 25
0.34 0.1 0.9277064 0.43819213 0.5490196078431373 28
0.39 1.0 0.97376364 0.46811125 0.49019607843137253 25
0.345 0.45 0.9183133 0.44528002 0.5490196078431373 28
0.345 0.65 0.9170989 0.44606975 0.5490196078431373 28
0.395 0.6 0.9837248 0.46413067 0.49019607843137253 25
0.38 0.95 0.94359094 0.4269137 0.5098039215686274 26
0.34 0.15 0.92546064 0.43845305 0.5490196078431373 28
0.335 0.75 0.92576456 0.43894905 0.5490196078431373 28
0.38 0.45 0.9555737 0.42296207 0.5294117647058824 27
0.375 0.4 0.9589838 0.42072114 0.5294117647058824 27
0.39 0.8 0.9743716 0.46697554 0.49019607843137253 25
0.375 1.0 0.9847797 0.4603065 0.45098039215686275 23
0.385 0.15 0.98703253 0.46106315 0.49019607843137253 25
0.34 0.45 0.9268199 0.43940943 0.5490196078431373 28
0.38 0.7 0.9488289 0.42551142 0.5294117647058824 27
0.375 0.9 0.9891399 0.45812342 0.45098039215686275 23
0.375 0.05 0.95812595 0.41990346 0.5294117647058824 27
0.385 0.05 0.98532885 0.46268868 0.49019607843137253 25
0.345 0.35 0.92261106 0.44393122 0.5490196078431373 28
0.38 0.2 0.9569584 0.47983396 0.5098039215686274 26
0.375 0.2 0.9885632 0.45939136 0.49019607843137253 25
0.395 0.55 0.9839956 0.4639416 0.49019607843137253 25
0.38 0.9 0.9734729 0.4671794 0.47058823529411764 24
0.37 1.0 0.97284687 0.4671829 0.47058823529411764 24
0.45 0.95 0.97069204 0.4740112 0.47058823529411764 24
0.39 0.5 0.9840949 0.46325755 0.49019607843137253 25
0.375 0.5 0.9529662 0.42188486 0.5294117647058824 27
0.34 0.6 0.9237949 0.44019443 0.5490196078431373 28
0.39 0.6 0.9815046 0.46469158 0.49019607843137253 25
0.34 0.85 0.919418 0.4413464 0.5294117647058824 27
0.375 0.45 0.95783484 0.42189074 0.5294117647058824 27
0.55 0.3 0.93154925 0.49339586 0.47058823529411764 24
0.525 0.4 0.93405163 0.49314186 0.49019607843137253 25
0.39 0.05 1.0077612 0.4498164 0.47058823529411764 24
0.395 0.9 0.9737007 0.46798012 0.49019607843137253 25
0.38 0.05 0.97552586 0.41095883 0.5098039215686274 26
0.55 0.2 0.9322344 0.4924199 0.47058823529411764 24
0.38 0.8 0.9783721 0.46527895 0.49019607843137253 25
0.38 0.15 0.9890019 0.46062532 0.49019607843137253 25
0.335 0.4 0.96354043 0.4758696 0.5098039215686274 26
0.38 0.1 0.95844686 0.4196867 0.5294117647058824 27
0.39 0.75 0.97990024 0.46556637 0.49019607843137253 25
0.395 0.15 0.98495847 0.46254843 0.49019607843137253 25
0.37 0.9 0.94752514 0.42679065 0.5294117647058824 27
0.395 0.95 0.9734415 0.4684944 0.49019607843137253 25
0.39 0.55 0.98372066 0.46357048 0.49019607843137253 25
0.38 0.75 0.9778744 0.4649126 0.49019607843137253 25
0.4 0.1 1.0098262 0.44819778 0.47058823529411764 24
0.39 0.3 1.005722 0.45152006 0.47058823529411764 24
0.55 0.35 0.93225366 0.4934649 0.47058823529411764 24
0.385 0.1 0.9913641 0.4591299 0.49019607843137253 25
0.38 0.85 0.97705334 0.4654353 0.49019607843137253 25
0.65 0.5 0.9302788 0.49396843 0.47058823529411764 24
0.395 0.4 1.0042747 0.45239037 0.47058823529411764 24
0.375 0.55 0.99933386 0.4541993 0.47058823529411764 24
0.525 1.0 0.931946 0.49404797 0.47058823529411764 24
0.38 1.0 0.97504616 0.4662102 0.47058823529411764 24
0.38 0.4 0.98601425 0.46152076 0.49019607843137253 25
0.65 0.55 0.9511113 0.48445675 0.47058823529411764 24
0.39 0.9 0.9740364 0.4677631 0.49019607843137253 25
0.55 0.95 0.93047714 0.4938913 0.47058823529411764 24
0.375 0.35 0.9871836 0.46067017 0.49019607843137253 25
0.675 1.0 0.95429313 0.48352835 0.47058823529411764 24
0.525 0.6 0.9333744 0.49339268 0.47058823529411764 24
0.575 0.95 0.9300224 0.4927017 0.47058823529411764 24
0.375 0.65 0.95275974 0.42272344 0.5294117647058824 27
0.525 0.3 0.9357947 0.49261513 0.49019607843137253 25
0.675 0.75 0.95362556 0.48412412 0.47058823529411764 24
0.395 0.05 0.9876257 0.46149293 0.49019607843137253 25
0.5 0.9 0.932943 0.4934749 0.47058823529411764 24
0.525 0.65 0.9319354 0.49407762 0.47058823529411764 24
0.55 0.75 0.9303707 0.49507183 0.47058823529411764 24
0.39 0.2 0.9575159 0.42119676 0.5294117647058824 27
0.675 0.7 0.9532363 0.4841188 0.47058823529411764 24
0.475 0.4 0.94280595 0.49059364 0.49019607843137253 25
0.525 0.15 0.9379668 0.49151644 0.49019607843137253 25
0.525 0.55 0.9334936 0.49386135 0.49019607843137253 25
0.39 0.45 1.0027957 0.4535734 0.47058823529411764 24
0.6 0.95 0.9299963 0.49308547 0.47058823529411764 24
0.55 0.4 0.9307639 0.4940819 0.47058823529411764 24
0.39 0.85 0.9751031 0.46728572 0.49019607843137253 25
0.39 0.95 0.97195923 0.46866685 0.47058823529411764 24
0.55 0.7 0.92998487 0.49504888 0.47058823529411764 24
0.39 0.25 0.986351 0.46181172 0.49019607843137253 25
0.5 1.0 0.93272907 0.49326992 0.47058823529411764 24
0.6 0.15 0.9309068 0.49236917 0.47058823529411764 24
0.55 0.65 0.9307884 0.494555 0.47058823529411764 24
0.395 0.1 0.98683846 0.46205026 0.49019607843137253 25
0.675 0.95 0.95441425 0.48368323 0.47058823529411764 24
0.395 1.0 0.9721214 0.46969998 0.49019607843137253 25
0.525 0.2 0.93660796 0.49175045 0.49019607843137253 25
0.395 0.25 0.9856435 0.4623122 0.49019607843137253 25
0.65 0.6 0.9281498 0.49465388 0.47058823529411764 24
0.7 0.1 0.9527211 0.48365578 0.47058823529411764 24
0.395 0.3 0.98652136 0.46157113 0.49019607843137253 25
0.5 0.8 0.9330298 0.4935353 0.47058823529411764 24
0.525 0.8 0.93213594 0.49383324 0.47058823529411764 24
0.39 0.65 0.9808712 0.46556783 0.49019607843137253 25
0.4 0.15 0.98720247 0.4612326 0.49019607843137253 25
0.875 0.95 0.967759 0.46901488 0.47058823529411764 24
0.55 0.05 0.93253297 0.49259517 0.47058823529411764 24
0.395 0.35 0.98631066 0.46139467 0.49019607843137253 25
0.395 0.5 0.98458683 0.4629124 0.49019607843137253 25
0.395 0.2 0.98394805 0.46371377 0.49019607843137253 25
0.6 0.4 0.9295169 0.49318165 0.47058823529411764 24
0.395 0.8 0.97776604 0.4669693 0.49019607843137253 25
0.395 0.45 0.9855367 0.46253982 0.49019607843137253 25
0.65 0.7 0.92878926 0.4943237 0.47058823529411764 24
0.395 0.7 0.98051864 0.46577224 0.49019607843137253 25
0.65 0.85 0.9291105 0.49437872 0.47058823529411764 24
0.675 0.8 0.95384485 0.48404074 0.47058823529411764 24
0.65 0.8 0.92909354 0.49417648 0.47058823529411764 24
0.525 0.05 0.93940943 0.49138337 0.49019607843137253 25
0.395 0.65 0.9818031 0.46549287 0.49019607843137253 25
0.4 0.05 0.9855174 0.46343628 0.49019607843137253 25
0.395 0.85 0.9757371 0.46797705 0.49019607843137253 25
0.39 0.35 0.99613446 0.45566094 0.49019607843137253 25
0.395 0.75 0.9807943 0.46533403 0.49019607843137253 25
0.39 0.1 0.9871155 0.4612432 0.49019607843137253 25
0.39 0.15 0.98626155 0.46162385 0.49019607843137253 25
0.625 0.85 0.9292873 0.49393234 0.47058823529411764 24
0.625 0.15 0.92928326 0.4932296 0.47058823529411764 24
0.55 0.5 0.93058664 0.49440712 0.47058823529411764 24
0.4 0.2 0.9886956 0.46017042 0.49019607843137253 25
0.65 0.9 0.95212686 0.48418975 0.47058823529411764 24
0.625 0.55 0.92836714 0.49416733 0.47058823529411764 24
0.39 0.4 0.98217964 0.46466032 0.49019607843137253 25
0.525 0.1 0.93888634 0.49137142 0.49019607843137253 25
0.525 0.45 0.93392324 0.49366197 0.49019607843137253 25
0.825 1.0 0.9670952 0.4697186 0.47058823529411764 24
0.525 0.35 0.9371518 0.4919132 0.49019607843137253 25
0.75 0.3 0.96342003 0.474644 0.47058823529411764 24
0.575 0.05 0.9316844 0.4930392 0.47058823529411764 24
0.75 0.35 0.9635646 0.47471264 0.47058823529411764 24
0.925 0.15 0.96277267 0.47087753 0.47058823529411764 24
0.39 0.7 0.9811288 0.46572718 0.49019607843137253 25
0.55 1.0 0.93053114 0.49394205 0.47058823529411764 24
0.775 0.45 0.9628873 0.4722446 0.47058823529411764 24
0.75 0.1 0.9635196 0.4745553 0.47058823529411764 24
0.575 1.0 0.9299615 0.49278465 0.47058823529411764 24
0.55 0.85 0.9302263 0.49433672 0.47058823529411764 24
0.385 1.0 0.97250193 0.4684284 0.47058823529411764 24
0.55 0.9 0.93093187 0.49400285 0.47058823529411764 24
0.75 0.05 0.9632193 0.47459626 0.47058823529411764 24
0.525 0.75 0.9322112 0.49383843 0.47058823529411764 24
0.525 0.85 0.93192005 0.49396116 0.47058823529411764 24
0.55 0.1 0.93261415 0.4925005 0.47058823529411764 24
0.525 0.9 0.9319 0.49407232 0.47058823529411764 24
0.6 0.8 0.92921317 0.49362403 0.47058823529411764 24
0.75 0.25 0.96334493 0.47466922 0.47058823529411764 24
0.725 0.7 0.9647685 0.4740521 0.47058823529411764 24
0.525 0.95 0.93205416 0.4934625 0.47058823529411764 24
0.725 0.05 0.9631671 0.47454485 0.47058823529411764 24
0.9 1.0 0.9692515 0.46772566 0.47058823529411764 24
0.55 0.15 0.93238753 0.49213737 0.47058823529411764 24
0.5 0.95 0.9326378 0.4934664 0.47058823529411764 24
0.625 0.1 0.9301135 0.49230996 0.47058823529411764 24
0.525 0.5 0.9334291 0.49398178 0.49019607843137253 25
0.6 0.55 0.92898923 0.49370152 0.47058823529411764 24
0.525 0.7 0.9327183 0.49348864 0.47058823529411764 24
0.55 0.55 0.9309627 0.4946586 0.47058823529411764 24
0.55 0.25 0.9322909 0.4926012 0.47058823529411764 24
0.625 0.6 0.92860824 0.4939948 0.47058823529411764 24
0.6 0.3 0.93064463 0.49258962 0.47058823529411764 24
0.6 0.5 0.92904675 0.4932822 0.47058823529411764 24
0.6 0.85 0.9291649 0.49361062 0.47058823529411764 24
0.525 0.25 0.93732023 0.49223608 0.49019607843137253 25
0.6 0.65 0.9288765 0.49349198 0.47058823529411764 24
0.625 0.05 0.9293291 0.4929587 0.47058823529411764 24
0.55 0.45 0.9312102 0.4947391 0.47058823529411764 24
0.625 0.35 0.928506 0.4934524 0.47058823529411764 24
0.575 0.85 0.9293004 0.4933989 0.47058823529411764 24
0.625 0.3 0.9285847 0.49365506 0.47058823529411764 24
0.6 0.7 0.9290659 0.49355638 0.47058823529411764 24
0.7 1.0 0.95416564 0.4837506 0.47058823529411764 24
0.5 0.85 0.9326317 0.49331143 0.47058823529411764 24
0.215 0.3 0.97331774 0.41791186 0.5098039215686274 26
0.6 0.9 0.9293238 0.49357328 0.47058823529411764 24
0.625 0.45 0.92831004 0.49378446 0.47058823529411764 24
0.65 0.75 0.93101054 0.493978 0.47058823529411764 24
0.625 0.25 0.92930394 0.49285907 0.47058823529411764 24
0.6 1.0 0.93018186 0.49311084 0.47058823529411764 24
0.575 0.6 0.92924976 0.4936884 0.47058823529411764 24
0.675 0.85 0.95385253 0.48413286 0.47058823529411764 24
0.24 0.8 0.96610785 0.40713385 0.5490196078431373 28
0.55 0.6 0.9305137 0.49467948 0.47058823529411764 24
0.975 0.2 0.9838499 0.45566744 0.45098039215686275 23
0.925 0.1 0.96248615 0.470913 0.47058823529411764 24
0.7 0.05 0.95305043 0.48334706 0.47058823529411764 24
0.925 0.05 0.962062 0.47086114 0.47058823529411764 24
0.85 0.65 0.9649917 0.4718747 0.47058823529411764 24
0.6 0.05 0.93042916 0.4923258 0.47058823529411764 24
0.65 0.4 0.9538409 0.48293164 0.47058823529411764 24
0.6 0.25 0.92982656 0.4929435 0.47058823529411764 24
0.65 0.45 0.92795515 0.49446523 0.47058823529411764 24
0.725 1.0 0.9663178 0.4728372 0.47058823529411764 24
0.825 0.7 0.9651123 0.47229517 0.47058823529411764 24
0.75 0.2 0.9633913 0.4746452 0.47058823529411764 24
0.625 0.4 0.92866945 0.49382767 0.47058823529411764 24
0.7 0.15 0.9520372 0.48441103 0.47058823529411764 24
0.675 0.9 0.9541279 0.48388755 0.47058823529411764 24
0.75 0.15 0.9633583 0.47465897 0.47058823529411764 24
0.625 0.75 0.92939186 0.49369195 0.47058823529411764 24
0.925 1.0 0.9715506 0.4658374 0.45098039215686275 23
0.625 0.5 0.9285847 0.49384856 0.47058823529411764 24
0.75 0.4 0.9636189 0.4746386 0.47058823529411764 24
0.575 0.9 0.9299966 0.49280635 0.47058823529411764 24
0.725 0.95 0.966221 0.47310492 0.47058823529411764 24
0.9 0.15 0.9623386 0.4710101 0.47058823529411764 24
0.725 0.1 0.9518409 0.48470494 0.47058823529411764 24
0.625 0.8 0.92923987 0.49395055 0.47058823529411764 24
0.6 0.6 0.9288684 0.49338514 0.47058823529411764 24
0.6 0.45 0.92936313 0.4931841 0.47058823529411764 24
0.625 0.65 0.92846614 0.49432915 0.47058823529411764 24
0.6 0.75 0.92899704 0.49363908 0.47058823529411764 24
0.625 0.7 0.928393 0.49448037 0.47058823529411764 24
0.7 0.95 0.95393103 0.48397475 0.47058823529411764 24
0.6 0.2 0.9303147 0.4926884 0.47058823529411764 24
0.9 0.95 0.96845615 0.46843678 0.47058823529411764 24
0.6 0.35 0.930071 0.4927596 0.47058823529411764 24
0.8 0.25 0.9619816 0.4713937 0.47058823529411764 24
0.875 1.0 0.9683455 0.4686659 0.47058823529411764 24
0.575 0.25 0.9320939 0.49318972 0.47058823529411764 24
0.9 0.1 0.9632273 0.47293976 0.47058823529411764 24
0.675 0.45 0.952812 0.48402032 0.47058823529411764 24