lengthscale l2regularizer rmse_mean rmse_std

0.05 0.025 1.1498162 0.51677513
0.05 0.05 1.1672926 0.5544525
0.05 0.075 1.1177696 0.5890966
0.05 0.1 1.2039865 0.58823395
0.05 0.125 1.1552542 0.59721935
0.05 0.15 1.0787891 0.52974516
0.05 0.175 1.160902 0.44174978
0.05 0.2 1.0874592 0.48393717
0.05 0.225 1.195367 0.4562405
0.05 0.25 1.1847659 0.54707885
0.05 0.275 1.1427591 0.5273521
0.05 0.3 1.2396377 0.51792663
0.05 0.325 1.1275088 0.499214
0.05 0.35 1.1197081 0.5620293
0.05 0.375 1.0512398 0.4715593
0.05 0.4 1.0792732 0.47967267
0.05 0.425 1.1189051 0.45976278
0.05 0.45 1.1755388 0.5829224
0.05 0.475 1.1931738 0.6052709
0.05 0.5 1.1632593 0.49093902
0.05 0.525 1.141216 0.49450544
0.05 0.55 1.2130861 0.643733
0.05 0.575 1.1238925 0.5057845
0.05 0.6 1.1228502 0.49828506
0.05 0.625 1.1174772 0.50825113
0.05 0.65 1.1861236 0.6228716
0.05 0.675 1.2140112 0.58602756
0.05 0.7 1.0740567 0.48346683
0.05 0.725 1.115516 0.48703304
0.05 0.75 1.1800036 0.56456494
0.05 0.775 1.1943458 0.60237855
0.05 0.8 1.0838165 0.4715388
0.05 0.825 1.1693958 0.6340534
0.05 0.85 1.1410439 0.54161686
0.05 0.875 1.119355 0.5405416
0.05 0.9 1.1830897 0.59996104
0.05 0.925 1.2092546 0.60407645
0.05 0.95 1.1448376 0.5740343
0.05 0.975 1.1036867 0.5850529
0.05 1.0 1.1105912 0.5821681
0.075 0.025 1.228561 0.60729265
0.075 0.05 1.1851188 0.4485777
0.075 0.075 1.1075523 0.52840143
0.075 0.1 1.1192579 0.4896292
0.075 0.125 1.2249364 0.63336515
0.075 0.15 1.1355685 0.49163586
0.075 0.175 1.1397245 0.54692405
0.075 0.2 1.1819727 0.5623717
0.075 0.225 1.1465153 0.5294953
0.075 0.25 1.2137421 0.5775639
0.075 0.275 1.2162175 0.65634805
0.075 0.3 1.079127 0.40832928
0.075 0.325 1.188485 0.57497793
0.075 0.35 1.096075 0.53687763
0.075 0.375 1.1072052 0.54726565
0.075 0.4 1.1128943 0.4894328
0.075 0.425 1.1679128 0.5363815
0.075 0.45 1.1241539 0.48704737
0.075 0.475 1.154986 0.501493
0.075 0.5 1.1453577 0.46584806
0.075 0.525 1.1860543 0.57200277
0.075 0.55 1.0826491 0.5854035
0.075 0.575 1.2123153 0.6086611
0.075 0.6 1.1993377 0.45497566
0.075 0.625 1.0796559 0.4128569
0.075 0.65 1.2064327 0.6303697
0.075 0.675 1.1227573 0.57160443
0.075 0.7 1.1478157 0.59062403
0.075 0.725 1.1241297 0.44760594
0.075 0.75 1.0883179 0.54793733
0.075 0.775 1.1465819 0.555909
0.075 0.8 1.0998046 0.5309597
0.075 0.825 1.1291136 0.5592318
0.075 0.85 1.1617805 0.55408585
0.075 0.875 1.2137156 0.55978423
0.075 0.9 1.1501744 0.58855397
0.075 0.925 1.1840736 0.5426391
0.075 0.95 1.0459255 0.5718128
0.075 0.975 1.1572889 0.6101603
0.075 1.0 1.1185747 0.46467587
0.1 0.025 1.0900028 0.45395237
0.1 0.05 1.1686239 0.5225107
0.1 0.075 1.1199982 0.45877337
0.1 0.1 1.105355 0.52270293
0.1 0.125 1.1504824 0.60593885
0.1 0.15 1.1325753 0.6648972
0.1 0.175 1.181517 0.54986084
0.1 0.2 1.1421146 0.55248046
0.1 0.225 1.1837941 0.5428102
0.1 0.25 1.2229756 0.5382893
0.1 0.275 1.1644863 0.5091011
0.1 0.3 1.146978 0.6578616
0.1 0.325 1.1373743 0.45531687
0.1 0.35 1.1782615 0.6322175
0.1 0.375 1.1457254 0.513047
0.1 0.4 1.1500862 0.51770574
0.1 0.425 1.156605 0.5154518
0.1 0.45 1.0949396 0.5539324
0.1 0.475 1.1120288 0.47274464
0.1 0.5 1.1003402 0.6088083
0.1 0.525 1.2121124 0.63865894
0.1 0.55 1.1375482 0.41865915
0.1 0.575 1.1470047 0.61771417
0.1 0.6 1.1895708 0.54197913
0.1 0.625 1.1388837 0.59541374
0.1 0.65 1.1870475 0.56415725
0.1 0.675 1.1470817 0.4403084
0.1 0.7 1.2422891 0.67304814
0.1 0.725 1.1369071 0.52662367
0.1 0.75 1.147445 0.56054497
0.1 0.775 1.0876583 0.46220043
0.1 0.8 1.1251552 0.56750125
0.1 0.825 1.1071876 0.54371583
0.1 0.85 1.110123 0.49042457
0.1 0.875 1.1099308 0.47304696
0.1 0.9 1.1284707 0.56971866
0.1 0.925 1.2130626 0.6087178
0.1 0.95 1.1618152 0.5585533
0.1 0.975 1.1773977 0.56029433
0.1 1.0 1.1403425 0.48468542
0.125 0.025 1.1665816 0.6346433
0.125 0.05 1.1199591 0.50575125
0.125 0.075 1.1323074 0.4759734
0.125 0.1 1.2134739 0.5958694
0.125 0.125 1.1330736 0.41984504
0.125 0.15 1.204085 0.55587405
0.125 0.175 1.0407723 0.5354323
0.125 0.2 1.0740831 0.56980336
0.125 0.225 1.1360621 0.5013418
0.125 0.25 1.1228026 0.48557907
0.125 0.275 1.0419775 0.45132834
0.125 0.3 1.08925 0.549162
0.125 0.325 1.0920842 0.44045198
0.125 0.35 1.2328122 0.6492353
0.125 0.375 1.1442598 0.577831
0.125 0.4 1.1282214 0.5014788
0.125 0.425 1.2266824 0.5565477
0.125 0.45 1.0976683 0.5203221
0.125 0.475 1.1215427 0.4433037
0.125 0.5 1.2181973 0.5873974
0.125 0.525 1.1476209 0.5780805
0.125 0.55 1.151967 0.4470071
0.125 0.575 1.0787213 0.5007609
0.125 0.6 1.0777589 0.3992084
0.125 0.625 1.2348006 0.60951614
0.125 0.65 1.0670356 0.5096613
0.125 0.675 1.1096365 0.44285843
0.125 0.7 1.1758788 0.5218941
0.125 0.725 1.0988439 0.45057923
0.125 0.75 1.1810961 0.5932909
0.125 0.775 1.2034833 0.55562973
0.125 0.8 1.2028892 0.67070055
0.125 0.825 1.0942034 0.47490755
0.125 0.85 1.1287513 0.5388652
0.125 0.875 1.177852 0.54641926
0.125 0.9 1.1369632 0.47182262
0.125 0.925 1.0563775 0.51309425
0.125 0.95 1.2050413 0.5925994
0.125 0.975 1.1195644 0.51071703
0.125 1.0 1.2117558 0.6205737
0.15 0.025 1.1258458 0.48283556
0.15 0.05 1.125601 0.46502775
0.15 0.075 1.1634653 0.53256094
0.15 0.1 1.0916933 0.5176402
0.15 0.125 1.1414187 0.51649266
0.15 0.15 1.219799 0.5638139
0.15 0.175 1.0916388 0.4430886
0.15 0.2 1.1666881 0.49157244
0.15 0.225 1.1991067 0.48972
0.15 0.25 1.1056511 0.5117051
0.15 0.275 1.055669 0.4849376
0.15 0.3 1.1550599 0.4796739
0.15 0.325 1.1731253 0.57960624
0.15 0.35 1.2181947 0.65447146
0.15 0.375 1.1246536 0.56706035
0.15 0.4 1.1163533 0.5023909
0.15 0.425 1.1087137 0.42518556
0.15 0.45 1.2180324 0.6642187
0.15 0.475 1.1843125 0.5096624
0.15 0.5 1.0955915 0.49042803
0.15 0.525 1.0622178 0.47358498
0.15 0.55 1.181081 0.60401493
0.15 0.575 1.224425 0.56205195
0.15 0.6 1.1539056 0.61820227
0.15 0.625 1.1326267 0.52786416
0.15 0.65 1.2096441 0.6012532
0.15 0.675 1.1905836 0.48911768
0.15 0.7 1.0956147 0.5505699
0.15 0.725 1.1724012 0.5182559
0.15 0.75 1.2552042 0.64014924
0.15 0.775 1.1689974 0.5649544
0.15 0.8 1.1722018 0.54618645
0.15 0.825 1.1352944 0.5191076
0.15 0.85 1.0936816 0.5422969
0.15 0.875 1.0776631 0.4421118
0.15 0.9 1.1110271 0.59045535
0.15 0.925 1.0838404 0.4696112
0.15 0.95 1.1501418 0.44475865
0.15 0.975 1.0744734 0.4967823
0.15 1.0 1.1651893 0.4826442
0.175 0.025 1.1949854 0.5469166
0.175 0.05 1.1616564 0.52466434
0.175 0.075 1.1614561 0.48536548
0.175 0.1 1.1132367 0.44852927
0.175 0.125 1.1819284 0.46429068
0.175 0.15 1.0475743 0.4269997
0.175 0.175 1.1646613 0.5616685
0.175 0.2 1.1504418 0.52052975
0.175 0.225 1.1582665 0.5449136
0.175 0.25 1.1111108 0.5016464
0.175 0.275 1.1384631 0.5414924
0.175 0.3 1.1989067 0.5611621
0.175 0.325 1.1868149 0.62029237
0.175 0.35 1.1525958 0.5703621
0.175 0.375 1.1286163 0.4734072
0.175 0.4 1.1217372 0.50287354
0.175 0.425 1.2236825 0.5502638
0.175 0.45 1.1371499 0.48140147
0.175 0.475 1.128515 0.4860919
0.175 0.5 1.1223776 0.50774455
0.175 0.525 1.156193 0.47900763
0.175 0.55 1.1866 0.5623367
0.175 0.575 1.1841192 0.56198364
0.175 0.6 1.1168697 0.34378827
0.175 0.625 1.231796 0.7268746
0.175 0.65 1.1388233 0.5593179
0.175 0.675 1.1806529 0.54316366
0.175 0.7 1.1512223 0.46591195
0.175 0.725 1.121894 0.5444084
0.175 0.75 1.2171066 0.6058091
0.175 0.775 1.1101469 0.5163755
0.175 0.8 1.13489 0.5400289
0.175 0.825 1.1652029 0.6299
0.175 0.85 1.089309 0.491411
0.175 0.875 1.1003014 0.5663956
0.175 0.9 1.1387728 0.5670189
0.175 0.925 1.1466388 0.5383627
0.175 0.95 1.1544359 0.515599
0.175 0.975 1.1230214 0.5397841
0.175 1.0 1.1312997 0.5159524
0.2 0.025 1.1229784 0.48494253
0.2 0.05 1.1442512 0.5207701
0.2 0.075 1.0999844 0.56973135
0.2 0.1 1.1014043 0.44538185
0.2 0.125 1.1900516 0.62458307
0.2 0.15 1.1721303 0.595555
0.2 0.175 1.1890248 0.5976087
0.2 0.2 1.1820232 0.58162457
0.2 0.225 1.1383362 0.56929755
0.2 0.25 1.2410845 0.6672507
0.2 0.275 1.2190347 0.63854337
0.2 0.3 1.1808578 0.57435024
0.2 0.325 1.1711776 0.5887857
0.2 0.35 1.1851099 0.62030894
0.2 0.375 1.1897036 0.44188142
0.2 0.4 1.1243635 0.46621746
0.2 0.425 1.148679 0.57091665
0.2 0.45 1.1405455 0.50235337
0.2 0.475 1.1370125 0.543656
0.2 0.5 1.0725588 0.5269015
0.2 0.525 1.1169913 0.504577
0.2 0.55 1.1405219 0.5814337
0.2 0.575 1.1092703 0.46634957
0.2 0.6 1.0567997 0.523553
0.2 0.625 1.1018944 0.43547943
0.2 0.65 1.1543709 0.5529143
0.2 0.675 1.141029 0.48576215
0.2 0.7 1.2160177 0.56568706
0.2 0.725 1.1358078 0.6144222
0.2 0.75 1.1458917 0.49556345
0.2 0.775 1.1511188 0.49020165
0.2 0.8 1.1932594 0.4917577
0.2 0.825 1.1207507 0.5553359
0.2 0.85 1.1335518 0.57080525
0.2 0.875 1.1366537 0.45589483
0.2 0.9 1.0840973 0.5193383
0.2 0.925 1.1088314 0.41822532
0.2 0.95 1.21525 0.7035413
0.2 0.975 1.1646589 0.5336383
0.2 1.0 1.1085455 0.51155937
0.225 0.025 1.1567742 0.46605164
0.225 0.05 1.2108725 0.61799407
0.225 0.075 1.1462375 0.47014087
0.225 0.1 1.1536971 0.55159587
0.225 0.125 1.0892254 0.51699764
0.225 0.15 1.1667302 0.6117129
0.225 0.175 1.1176342 0.47962663
0.225 0.2 1.1413387 0.50984657
0.225 0.225 1.1406164 0.5801362
0.225 0.25 1.0632641 0.5040357
0.225 0.275 1.125641 0.58412445
0.225 0.3 1.1175959 0.4626741
0.225 0.325 1.2603538 0.5611617
0.225 0.35 1.2527953 0.65600234
0.225 0.375 1.2101885 0.54705083
0.225 0.4 1.2224836 0.490629
0.225 0.425 1.1921089 0.6717928
0.225 0.45 1.107673 0.45827657
0.225 0.475 1.1417688 0.45532814
0.225 0.5 1.1306341 0.5834828
0.225 0.525 1.0625118 0.46497616
0.225 0.55 1.1305634 0.5803733
0.225 0.575 1.1061174 0.61306405
0.225 0.6 1.2040071 0.70034957
0.225 0.625 1.132555 0.5362732
0.225 0.65 1.1033056 0.5088187
0.225 0.675 1.2075816 0.6709644
0.225 0.7 1.2151484 0.54575264
0.225 0.725 1.1130545 0.5234646
0.225 0.75 1.1842204 0.5818616
0.225 0.775 1.119585 0.5631062
0.225 0.8 1.1000392 0.43513283
0.225 0.825 1.1754372 0.54029787
0.225 0.85 1.1624678 0.52502036
0.225 0.875 1.1190225 0.4946585
0.225 0.9 1.157684 0.42455894
0.225 0.925 1.1098123 0.5523169
0.225 0.95 1.1530813 0.5615405
0.225 0.975 1.1351485 0.5634281
0.225 1.0 1.162585 0.59788287
0.25 0.025 1.0523446 0.43941975
0.25 0.05 1.160421 0.47116935
0.25 0.075 1.108902 0.4691161
0.25 0.1 1.1634581 0.4300886
0.25 0.125 1.0256479 0.38690132
0.25 0.15 1.2900093 0.8271318
0.25 0.175 1.089383 0.5078676
0.25 0.2 1.1552958 0.5452104
0.25 0.225 1.1810952 0.6079173
0.25 0.25 1.2471559 0.6409107
0.25 0.275 1.1480386 0.4699338
0.25 0.3 1.1249652 0.505427
0.25 0.325 1.145016 0.5066746
0.25 0.35 1.1681714 0.57495874
0.25 0.375 1.1459652 0.4871136
0.25 0.4 1.1118305 0.5941808
0.25 0.425 1.1481922 0.51753926
0.25 0.45 1.1346366 0.49076268
0.25 0.475 1.1096454 0.4522648
0.25 0.5 1.0783994 0.5174585
0.25 0.525 1.1157736 0.5410746
0.25 0.55 1.1803585 0.6144088
0.25 0.575 1.1940508 0.6334471
0.25 0.6 1.13198 0.50650084
0.25 0.625 1.2674788 0.6257696
0.25 0.65 1.1455752 0.6363475
0.25 0.675 1.0962086 0.49751046
0.25 0.7 1.1065738 0.49391618
0.25 0.725 1.1304226 0.56112385
0.25 0.75 1.1637625 0.4935643
0.25 0.775 1.2198995 0.69748086
0.25 0.8 1.1203378 0.60791856
0.25 0.825 1.1677334 0.5892107
0.25 0.85 1.1056395 0.49802423
0.25 0.875 1.0450352 0.4362772
0.25 0.9 1.1139501 0.5904807
0.25 0.925 1.1136175 0.56063634
0.25 0.95 1.074472 0.47732517
0.25 0.975 1.1644577 0.41966483
0.25 1.0 1.1196667 0.5898909
0.275 0.025 1.2774355 0.5834242
0.275 0.05 1.1028402 0.46783367
0.275 0.075 1.0792326 0.47241417
0.275 0.1 1.0907861 0.51326346
0.275 0.125 1.1678429 0.53259504
0.275 0.15 1.197418 0.6807461
0.275 0.175 1.0786752 0.4564029
0.275 0.2 1.2000306 0.6801365
0.275 0.225 1.191979 0.46315226
0.275 0.25 1.112674 0.4808021
0.275 0.275 1.2225244 0.53429055
0.275 0.3 1.1345832 0.57392514
0.275 0.325 1.1409526 0.5276412
0.275 0.35 1.1670218 0.40271413
0.275 0.375 1.1939067 0.58844906
0.275 0.4 1.0829464 0.523567
0.275 0.425 1.0859511 0.48515362
0.275 0.45 1.1016245 0.5484375
0.275 0.475 1.0448908 0.45838672
0.275 0.5 1.1638459 0.590072
0.275 0.525 1.1428674 0.52829856
0.275 0.55 1.1519892 0.5550706
0.275 0.575 1.1042763 0.5298249
0.275 0.6 1.127355 0.49650612
0.275 0.625 1.0635751 0.40378767
0.275 0.65 1.2117094 0.5094214
0.275 0.675 1.1272204 0.57609224
0.275 0.7 1.1008288 0.6049103
0.275 0.725 1.0984672 0.567756
0.275 0.75 1.0772657 0.5294608
0.275 0.775 1.0827744 0.45412257
0.275 0.8 1.0941416 0.5477425
0.275 0.825 1.1706495 0.53803736
0.275 0.85 1.1689644 0.5148695
0.275 0.875 1.1220992 0.5191
0.275 0.9 1.0380194 0.5710424
0.275 0.925 1.1964962 0.49668163
0.275 0.95 1.0937731 0.49080527
0.275 0.975 1.1021335 0.5244253
0.275 1.0 1.178725 0.52722764
0.3 0.025 1.1410372 0.5843857
0.3 0.05 1.1249719 0.5023615
0.3 0.075 1.1028826 0.4425831
0.3 0.1 1.1425184 0.5011503
0.3 0.125 1.1634531 0.5142969
0.3 0.15 1.2202159 0.5791119
0.3 0.175 1.1399382 0.67207205
0.3 0.2 1.1464049 0.63412637
0.3 0.225 1.2207892 0.5519885
0.3 0.25 1.0482104 0.5252448
0.3 0.275 1.0773021 0.4306969
0.3 0.3 1.1920261 0.6966476
0.3 0.325 1.0894657 0.46564135
0.3 0.35 1.106255 0.5934639
0.3 0.375 1.1013012 0.6269075
0.3 0.4 1.1728728 0.5747065
0.3 0.425 1.1900704 0.4599101
0.3 0.45 1.1559141 0.6429642
0.3 0.475 1.1673063 0.5323514
0.3 0.5 1.1661327 0.5603063
0.3 0.525 1.2316234 0.63107955
0.3 0.55 1.1394988 0.5452237
0.3 0.575 1.0607092 0.51736146
0.3 0.6 1.1534601 0.5033821
0.3 0.625 1.2184967 0.5866857
0.3 0.65 1.1564245 0.43343
0.3 0.675 1.1473373 0.5004265
0.3 0.7 1.0747248 0.44228935
0.3 0.725 1.2111983 0.5739108
0.3 0.75 1.1088321 0.46914583
0.3 0.775 1.1391904 0.6065122
0.3 0.8 1.1249139 0.5356478
0.3 0.825 1.1402457 0.6121845
0.3 0.85 1.2013848 0.5899788
0.3 0.875 1.1693951 0.56396246
0.3 0.9 1.1904308 0.5483277
0.3 0.925 1.1040817 0.5471283
0.3 0.95 1.1084476 0.53044367
0.3 0.975 1.1105418 0.4518021
0.3 1.0 1.1035976 0.53628325
0.325 0.025 1.141854 0.5593446
0.325 0.05 1.1240368 0.54058313
0.325 0.075 1.3251904 0.6495126
0.325 0.1 1.2404251 0.62163866
0.325 0.125 1.031371 0.438747
0.325 0.15 1.1259112 0.45610124
0.325 0.175 1.1582466 0.6817046
0.325 0.2 1.1245492 0.5222767
0.325 0.225 1.2101628 0.5238902
0.325 0.25 1.1239344 0.58161885
0.325 0.275 1.1918589 0.5562664
0.325 0.3 1.1311479 0.45705238
0.325 0.325 1.113935 0.5431848
0.325 0.35 1.236694 0.71522576
0.325 0.375 1.1028999 0.58524746
0.325 0.4 1.0758953 0.6041878
0.325 0.425 1.2020991 0.53384715
0.325 0.45 1.2124474 0.56263703
0.325 0.475 1.1191752 0.4660622
0.325 0.5 1.1943333 0.60833853
0.325 0.525 1.1040022 0.46546194
0.325 0.55 1.1406543 0.6540228
0.325 0.575 1.1116289 0.61330533
0.325 0.6 1.181851 0.5562436
0.325 0.625 1.1631248 0.6207639
0.325 0.65 1.1572613 0.47519878
0.325 0.675 1.1974046 0.6086078
0.325 0.7 1.1418495 0.5274607
0.325 0.725 1.0976045 0.49258548
0.325 0.75 1.1313584 0.49107644
0.325 0.775 1.1810067 0.50075907
0.325 0.8 1.1059127 0.5330189
0.325 0.825 1.0959074 0.5011249
0.325 0.85 1.1543885 0.43001437
0.325 0.875 1.1497658 0.567452
0.325 0.9 1.1381228 0.50711596
0.325 0.925 1.1286552 0.5136923
0.325 0.95 1.2096388 0.6665874
0.325 0.975 1.1104527 0.51909393
0.325 1.0 1.1813172 0.47568598
0.35 0.025 1.1971077 0.524194
0.35 0.05 1.1490867 0.52674437
0.35 0.075 1.1628221 0.49664447
0.35 0.1 1.114266 0.47004542
0.35 0.125 1.2041733 0.56885505
0.35 0.15 1.1889158 0.53506494
0.35 0.175 1.1862022 0.6288153
0.35 0.2 1.1624051 0.62603706
0.35 0.225 1.206571 0.63850045
0.35 0.25 1.1756363 0.58119667
0.35 0.275 1.1794578 0.6135268
0.35 0.3 1.1759412 0.56633323
0.35 0.325 1.1737232 0.5856524
0.35 0.35 1.0859392 0.48108673
0.35 0.375 1.0686966 0.48715815
0.35 0.4 1.1819881 0.55660075
0.35 0.425 1.22435 0.58862066
0.35 0.45 1.1888424 0.54569095
0.35 0.475 1.2572215 0.5771157
0.35 0.5 1.1559671 0.55559003
0.35 0.525 1.1307156 0.4336328
0.35 0.55 1.1236993 0.5543445
0.35 0.575 1.210348 0.6283452
0.35 0.6 1.1029003 0.5000273
0.35 0.625 1.2730049 0.7698611
0.35 0.65 1.0953747 0.4846576
0.35 0.675 1.1510109 0.44979933
0.35 0.7 1.12587 0.54951555
0.35 0.725 1.1691549 0.5076061
0.35 0.75 1.1387569 0.56795865
0.35 0.775 1.0867044 0.57747716
0.35 0.8 1.1030304 0.5056196
0.35 0.825 1.1296417 0.5482309
0.35 0.85 1.0661272 0.4299244
0.35 0.875 1.0735085 0.46188098
0.35 0.9 1.1087937 0.5198637
0.35 0.925 1.1354184 0.5863377
0.35 0.95 1.1590189 0.4996361
0.35 0.975 1.127729 0.6068715
0.35 1.0 1.0285337 0.45975626
0.375 0.025 1.1859373 0.56396
0.375 0.05 1.1586941 0.6826608
0.375 0.075 1.2755324 0.6449958
0.375 0.1 1.1220433 0.49702525
0.375 0.125 1.0728363 0.41443563
0.375 0.15 1.1737508 0.51440173
0.375 0.175 1.234431 0.49977678
0.375 0.2 1.0713993 0.51394075
0.375 0.225 1.103935 0.56650037
0.375 0.25 1.1476598 0.55748636
0.375 0.275 1.2913806 0.645886
0.375 0.3 1.1126606 0.5973429
0.375 0.325 1.1985209 0.54337996
0.375 0.35 1.1686327 0.4970771
0.375 0.375 1.1530504 0.49978402
0.375 0.4 1.1137834 0.59646904
0.375 0.425 1.1587951 0.5768971
0.375 0.45 1.0710592 0.46346468
0.375 0.475 1.1862819 0.49182567
0.375 0.5 1.1325648 0.4727122
0.375 0.525 1.2135584 0.6189725
0.375 0.55 1.2190388 0.64914453
0.375 0.575 1.0400116 0.41763058
0.375 0.6 1.0456638 0.39290854
0.375 0.625 1.0723625 0.6064138
0.375 0.65 1.1559783 0.5708536
0.375 0.675 1.1191012 0.4885854
0.375 0.7 1.2004884 0.68806934
0.375 0.725 1.1345758 0.516104
0.375 0.75 1.1335301 0.54035115
0.375 0.775 1.0884055 0.49532557
0.375 0.8 1.0999062 0.5685233
0.375 0.825 1.2760746 0.53987235
0.375 0.85 1.1136206 0.4830298
0.375 0.875 1.1071057 0.6193814
0.375 0.9 1.1605982 0.68574524
0.375 0.925 1.1400208 0.56906766
0.375 0.95 1.2383873 0.64154804
0.375 0.975 1.1523749 0.5321589
0.375 1.0 1.158067 0.6294388
0.4 0.025 1.1831337 0.53611195
0.4 0.05 1.1499319 0.49646384
0.4 0.075 1.1174381 0.60641944
0.4 0.1 1.1918352 0.5460259
0.4 0.125 1.2641897 0.71185637
0.4 0.15 1.2147795 0.7246001
0.4 0.175 1.1073481 0.47026613
0.4 0.2 1.2017628 0.5515948
0.4 0.225 1.198354 0.54030484
0.4 0.25 1.0614741 0.5245827
0.4 0.275 1.174362 0.5365995
0.4 0.3 1.0774895 0.39875665
0.4 0.325 1.2054294 0.6410962
0.4 0.35 1.2465843 0.5580109
0.4 0.375 1.2285883 0.7715814
0.4 0.4 1.1740954 0.5976018
0.4 0.425 1.0990318 0.4944711
0.4 0.45 1.2036704 0.6419818
0.4 0.475 1.1068491 0.4650825
0.4 0.5 1.1870775 0.4979788
0.4 0.525 1.1386373 0.49648735
0.4 0.55 1.0677352 0.47250473
0.4 0.575 1.0055702 0.51512325
0.4 0.6 1.1174965 0.4960411
0.4 0.625 1.2017124 0.6531295
0.4 0.65 1.1983 0.6392193
0.4 0.675 1.1234218 0.60349494
0.4 0.7 1.0949024 0.49594238
0.4 0.725 1.0789937 0.4899767
0.4 0.75 1.2056606 0.52730286
0.4 0.775 1.096854 0.47438803
0.4 0.8 1.1528648 0.5344779
0.4 0.825 1.1587366 0.5589012
0.4 0.85 1.1323802 0.5787123
0.4 0.875 1.1855265 0.5762292
0.4 0.9 1.1514437 0.54579866
0.4 0.925 1.2264762 0.5682669
0.4 0.95 1.178108 0.56700915
0.4 0.975 1.1085348 0.5897715
0.4 1.0 1.2385602 0.6938341
0.425 0.025 1.1484351 0.63742894
0.425 0.05 1.1482179 0.5291246
0.425 0.075 1.1711222 0.6080719
0.425 0.1 1.1534841 0.5669085
0.425 0.125 1.1856544 0.54584926
0.425 0.15 1.0195192 0.536064
0.425 0.175 1.0957825 0.5511581
0.425 0.2 1.2236013 0.5295956
0.425 0.225 1.1520395 0.60903776
0.425 0.25 1.1903796 0.5595852
0.425 0.275 1.2385119 0.62365985
0.425 0.3 1.1676632 0.54218644
0.425 0.325 1.1477644 0.46042687
0.425 0.35 1.0447663 0.5478655
0.425 0.375 1.160135 0.6709887
0.425 0.4 1.1793646 0.5816294
0.425 0.425 1.1452867 0.47269526
0.425 0.45 1.2210109 0.60988957
0.425 0.475 1.138987 0.63657457
0.425 0.5 1.1736511 0.5846974
0.425 0.525 1.1501669 0.5132884
0.425 0.55 1.079133 0.47887856
0.425 0.575 1.1442791 0.55823636
0.425 0.6 1.1711901 0.62923354
0.425 0.625 1.1751305 0.53112835
0.425 0.65 1.1261263 0.5613164
0.425 0.675 1.0876024 0.5410121
0.425 0.7 1.1211956 0.61849463
0.425 0.725 1.1308194 0.54634553
0.425 0.75 1.0974809 0.4411339
0.425 0.775 1.1695957 0.55947727
0.425 0.8 1.1631471 0.5852744
0.425 0.825 1.1160119 0.511538
0.425 0.85 1.1293935 0.5334837
0.425 0.875 1.1192291 0.5904914
0.425 0.9 1.1083736 0.4613229
0.425 0.925 1.1214906 0.5779808
0.425 0.95 1.0794306 0.4877454
0.425 0.975 1.1650045 0.44786033
0.425 1.0 1.1868933 0.518906
0.45 0.025 1.1854497 0.57268894
0.45 0.05 1.1850264 0.6761138
0.45 0.075 1.1984931 0.6688164
0.45 0.1 1.1574694 0.5511056
0.45 0.125 1.083401 0.47266892
0.45 0.15 1.100774 0.52294564
0.45 0.175 1.0719042 0.49712995
0.45 0.2 1.1724722 0.5116243
0.45 0.225 1.2124346 0.56646824
0.45 0.25 1.1298347 0.59805924
0.45 0.275 1.2109435 0.6779628
0.45 0.3 1.1188078 0.53534776
0.45 0.325 1.1131805 0.47209585
0.45 0.35 1.1479523 0.5928779
0.45 0.375 1.1980855 0.679812
0.45 0.4 1.2480074 0.6026697
0.45 0.425 1.141223 0.50900126
0.45 0.45 1.121891 0.5290973
0.45 0.475 1.12317 0.5779214
0.45 0.5 1.1547359 0.61228645
0.45 0.525 1.0885342 0.3893787
0.45 0.55 1.2122828 0.69735414
0.45 0.575 1.2118567 0.58319676
0.45 0.6 1.2583735 0.57855195
0.45 0.625 1.1817155 0.5488404
0.45 0.65 1.1952944 0.45572543
0.45 0.675 1.1190126 0.43406367
0.45 0.7 1.1290764 0.55859745
0.45 0.725 1.1359056 0.60318995
0.45 0.75 1.1423982 0.61682224
0.45 0.775 1.165505 0.5246992
0.45 0.8 1.1235998 0.56994975
0.45 0.825 1.1696818 0.61159515
0.45 0.85 1.1763054 0.6046961
0.45 0.875 1.0895933 0.53243864
0.45 0.9 1.1383201 0.43997774
0.45 0.925 1.1091392 0.4536526
0.45 0.95 1.1881945 0.49688706
0.45 0.975 1.2527196 0.48717198
0.45 1.0 1.1487186 0.5704265
0.475 0.025 1.1429927 0.49195856
0.475 0.05 1.1099792 0.546089
0.475 0.075 1.0830629 0.5476535
0.475 0.1 1.2907832 0.5651699
0.475 0.125 1.0205181 0.51084226
0.475 0.15 1.1199925 0.54842234
0.475 0.175 1.2052517 0.5161602
0.475 0.2 1.1745703 0.40807155
0.475 0.225 1.1576679 0.6226495
0.475 0.25 1.1508857 0.49843058
0.475 0.275 1.1369126 0.6209585
0.475 0.3 1.1086348 0.46127054
0.475 0.325 1.182029 0.4482207
0.475 0.35 1.2013867 0.6410162
0.475 0.375 1.1628743 0.6841789
0.475 0.4 1.1678196 0.5984032
0.475 0.425 1.144137 0.596866
0.475 0.45 1.1938925 0.5105295
0.475 0.475 1.126816 0.49555683
0.475 0.5 1.1814167 0.5084355
0.475 0.525 1.1996713 0.59404916
0.475 0.55 1.1377399 0.44816
0.475 0.575 1.1326406 0.62787586
0.475 0.6 1.1972306 0.5996073
0.475 0.625 1.1926906 0.5789535
0.475 0.65 1.0658283 0.47974744
0.475 0.675 1.1109339 0.43013772
0.475 0.7 1.1573327 0.5763075
0.475 0.725 1.2033702 0.52114165
0.475 0.75 1.2466316 0.7108224
0.475 0.775 1.2205958 0.6399259
0.475 0.8 1.0571357 0.49756172
0.475 0.825 1.140228 0.4285199
0.475 0.85 1.1267964 0.52626693
0.475 0.875 1.1050789 0.49363628
0.475 0.9 1.1405115 0.5347718
0.475 0.925 1.1641319 0.5439495
0.475 0.95 1.07792 0.5508009
0.475 0.975 1.1679641 0.49767736
0.475 1.0 1.0699456 0.49845147
0.5 0.025 1.1584365 0.57928467
0.5 0.05 1.0920222 0.5090045
0.5 0.075 1.1889851 0.60011566
0.5 0.1 1.1427522 0.5178601
0.5 0.125 1.0595701 0.6177014
0.5 0.15 1.1263225 0.53614104
0.5 0.175 1.1822424 0.70708865
0.5 0.2 1.0918782 0.54497516
0.5 0.225 1.1721385 0.5368785
0.5 0.25 1.1024473 0.52168405
0.5 0.275 1.163344 0.6375804
0.5 0.3 1.2270772 0.6889364
0.5 0.325 1.1625292 0.5117358
0.5 0.35 1.2251761 0.63041145
0.5 0.375 1.1818893 0.5787062
0.5 0.4 1.1727735 0.44025525
0.5 0.425 1.0979788 0.55777854
0.5 0.45 1.1162721 0.54160136
0.5 0.475 1.1308416 0.4875185
0.5 0.5 1.1417729 0.5561255
0.5 0.525 1.1853802 0.65451014
0.5 0.55 1.1147923 0.5783603
0.5 0.575 1.153546 0.6095872
0.5 0.6 1.0709906 0.57226044
0.5 0.625 1.1846135 0.6314659
0.5 0.65 1.0994322 0.5254368
0.5 0.675 1.1798843 0.5495897
0.5 0.7 1.1696159 0.5276119
0.5 0.725 1.1167011 0.5013429
0.5 0.75 1.2887614 0.62961376
0.5 0.775 1.1310022 0.49317265
0.5 0.8 1.1284231 0.5650947
0.5 0.825 1.0963247 0.5044565
0.5 0.85 1.071617 0.53898495
0.5 0.875 1.1691977 0.53098327
0.5 0.9 1.0831404 0.43940207
0.5 0.925 1.1572814 0.5723747
0.5 0.95 1.1011288 0.47539496
0.5 0.975 1.0460377 0.5196447
0.5 1.0 1.1200925 0.5148959
0.525 0.025 1.1834915 0.5865299
0.525 0.05 1.1418469 0.55265194
0.525 0.075 1.1292459 0.7152529
0.525 0.1 1.0739785 0.40270117
0.525 0.125 1.1468546 0.5954462
0.525 0.15 1.0413153 0.49575233
0.525 0.175 1.1986367 0.62607145
0.525 0.2 1.2202504 0.5728998
0.525 0.225 1.1852833 0.71515906
0.525 0.25 1.0589758 0.53034985
0.525 0.275 1.1607238 0.5604526
0.525 0.3 1.067675 0.61580837
0.525 0.325 1.123564 0.57938004
0.525 0.35 1.0870206 0.5279976
0.525 0.375 1.0940232 0.5340763
0.525 0.4 1.1440345 0.53753895
0.525 0.425 1.0551016 0.4610707
0.525 0.45 1.1620877 0.5060285
0.525 0.475 1.209735 0.6765834
0.525 0.5 1.2631055 0.66587305
0.525 0.525 1.0886552 0.58275837
0.525 0.55 1.1214654 0.65939534
0.525 0.575 1.2280257 0.700259
0.525 0.6 1.1607212 0.53642577
0.525 0.625 1.2316883 0.51129967
0.525 0.65 1.185413 0.5591442
0.525 0.675 1.1000785 0.5295347
0.525 0.7 1.101793 0.4990996
0.525 0.725 1.1540859 0.51119626
0.525 0.75 1.1572697 0.48893672
0.525 0.775 1.0626267 0.48350674
0.525 0.8 1.1968675 0.70126015
0.525 0.825 1.1752198 0.6005459
0.525 0.85 1.1521518 0.5325972
0.525 0.875 1.155225 0.5833139
0.525 0.9 1.1153332 0.55483454
0.525 0.925 1.120731 0.45939982
0.525 0.95 1.1330359 0.540193
0.525 0.975 1.1194725 0.5260415
0.525 1.0 1.1432658 0.6027908
0.55 0.025 1.0031608 0.44334456
0.55 0.05 1.1024379 0.47282436
0.55 0.075 1.1242507 0.7146397
0.55 0.1 1.1678926 0.5994337
0.55 0.125 1.1763996 0.768714
0.55 0.15 1.0305839 0.46663472
0.55 0.175 1.1372321 0.5444927
0.55 0.2 1.1218421 0.42548215
0.55 0.225 1.1030264 0.59475577
0.55 0.25 1.1339118 0.5765918
0.55 0.275 1.1760967 0.49702466
0.55 0.3 1.2026583 0.53175163
0.55 0.325 1.0972337 0.50997716
0.55 0.35 1.0752915 0.46452302
0.55 0.375 1.0130706 0.4235382
0.55 0.4 1.172534 0.6666783
0.55 0.425 1.1267645 0.6048144
0.55 0.45 1.179984 0.66084605
0.55 0.475 1.1664321 0.53404623
0.55 0.5 1.1391983 0.5030588
0.55 0.525 1.0043702 0.4887411
0.55 0.55 1.0597448 0.42608318
0.55 0.575 1.229931 0.58752173
0.55 0.6 1.1708788 0.6307294
0.55 0.625 1.1853064 0.57214695
0.55 0.65 1.0352476 0.49243492
0.55 0.675 1.0514228 0.47245964
0.55 0.7 1.1222074 0.5044082
0.55 0.725 1.1109532 0.5470932
0.55 0.75 1.0665182 0.3691769
0.55 0.775 1.1019628 0.55232716
0.55 0.8 1.1082281 0.48915467
0.55 0.825 1.1794444 0.6600345
0.55 0.85 1.0986221 0.58138394
0.55 0.875 1.2716252 0.6591722
0.55 0.9 1.1623747 0.55527085
0.55 0.925 1.0892226 0.60056436
0.55 0.95 1.1304795 0.5868893
0.55 0.975 1.1679051 0.5476464
0.55 1.0 1.0859704 0.5014514
0.575 0.025 1.196225 0.68492895
0.575 0.05 1.1263512 0.51851404
0.575 0.075 1.117597 0.46658343
0.575 0.1 1.1337482 0.50308555
0.575 0.125 1.0307697 0.54899985
0.575 0.15 1.075833 0.45314753
0.575 0.175 1.1911299 0.46580252
0.575 0.2 1.137276 0.5467914
0.575 0.225 1.1359044 0.5501529
0.575 0.25 1.0864052 0.523164
0.575 0.275 1.0782058 0.54637927
0.575 0.3 1.1616021 0.51258725
0.575 0.325 1.1269165 0.5670542
0.575 0.35 1.1619142 0.64809424
0.575 0.375 1.1749237 0.49355885
0.575 0.4 1.1205927 0.516931
0.575 0.425 1.082068 0.4527303
0.575 0.45 1.0903784 0.43652484
0.575 0.475 1.0630562 0.45724943
0.575 0.5 1.0792787 0.4575414
0.575 0.525 1.0828516 0.49373126
0.575 0.55 1.0988154 0.5179439
0.575 0.575 1.1393831 0.53660566
0.575 0.6 1.1518404 0.5468827
0.575 0.625 1.1012547 0.47685555
0.575 0.65 1.209935 0.5745229
0.575 0.675 1.2016921 0.58050317
0.575 0.7 1.2315757 0.48597667
0.575 0.725 1.0713173 0.5533572
0.575 0.75 1.1313751 0.44169348
0.575 0.775 1.0658183 0.49032837
0.575 0.8 1.1374916 0.56385314
0.575 0.825 1.1340098 0.47731113
0.575 0.85 1.0871807 0.5178663
0.575 0.875 1.0776261 0.4971031
0.575 0.9 1.1783726 0.5763115
0.575 0.925 1.1653742 0.5005831
0.575 0.95 1.18514 0.48246825
0.575 0.975 1.0378101 0.5401305
0.575 1.0 1.0403571 0.53410655
0.6 0.025 1.16976 0.57247627
0.6 0.05 1.1613427 0.45547256
0.6 0.075 1.1783597 0.7086651
0.6 0.1 1.1457283 0.5067411
0.6 0.125 1.2108313 0.6159605
0.6 0.15 1.1280948 0.5202995
0.6 0.175 1.1576031 0.5872232
0.6 0.2 1.2033086 0.6105067
0.6 0.225 1.1627569 0.48733494
0.6 0.25 1.0193236 0.51062834
0.6 0.275 1.0249612 0.47945133
0.6 0.3 1.079255 0.5252753
0.6 0.325 1.2446074 0.64162993
0.6 0.35 1.2326491 0.6560237
0.6 0.375 1.1967707 0.67713827
0.6 0.4 1.0751187 0.54233503
0.6 0.425 1.0539361 0.509132
0.6 0.45 1.1146152 0.63350886
0.6 0.475 1.129033 0.41620746
0.6 0.5 1.0561628 0.45657113
0.6 0.525 1.2015258 0.64268774
0.6 0.55 1.1303056 0.6657862
0.6 0.575 1.2606285 0.5137766
0.6 0.6 1.1181612 0.49468562
0.6 0.625 1.1871485 0.56900924
0.6 0.65 1.0051991 0.43188703
0.6 0.675 1.053332 0.4709153
0.6 0.7 1.1623085 0.5478149
0.6 0.725 1.1165966 0.51203424
0.6 0.75 1.1447395 0.64184403
0.6 0.775 1.2208369 0.6136308
0.6 0.8 1.189489 0.6282202
0.6 0.825 1.2282642 0.57295
0.6 0.85 1.0513278 0.48436096
0.6 0.875 1.073068 0.5542453
0.6 0.9 1.0953398 0.5363287
0.6 0.925 1.0664886 0.5904279
0.6 0.95 1.1360472 0.51905596
0.6 0.975 1.1962694 0.442916
0.6 1.0 1.1117294 0.5069731
0.625 0.025 1.1324193 0.62303853
0.625 0.05 1.2098655 0.6102368
0.625 0.075 1.176571 0.4854665
0.625 0.1 1.095508 0.5784394
0.625 0.125 1.1781964 0.5044061
0.625 0.15 1.0444418 0.5546012
0.625 0.175 1.0842043 0.47654095
0.625 0.2 1.0812637 0.53820807
0.625 0.225 1.0778682 0.41787928
0.625 0.25 1.2020898 0.7169034
0.625 0.275 1.0506548 0.5403663
0.625 0.3 1.1940451 0.49991855
0.625 0.325 1.1542972 0.5970845
0.625 0.35 1.1891797 0.475168
0.625 0.375 1.1318028 0.5512817
0.625 0.4 1.1472161 0.5496212
0.625 0.425 1.1947044 0.5244681
0.625 0.45 1.1132214 0.5177419
0.625 0.475 1.086129 0.5379566
0.625 0.5 0.98881686 0.49945134
0.625 0.525 1.1418294 0.62777734
0.625 0.55 1.1447178 0.5715075
0.625 0.575 1.1159184 0.52827823
0.625 0.6 1.1494944 0.49776527
0.625 0.625 1.1181252 0.52611715
0.625 0.65 1.0382066 0.5364074
0.625 0.675 1.1295063 0.439867
0.625 0.7 1.2244834 0.66795564
0.625 0.725 1.2271339 0.7018872
0.625 0.75 1.1723312 0.594803
0.625 0.775 1.1457531 0.5962399
0.625 0.8 1.1471244 0.53095776
0.625 0.825 1.1314116 0.6190487
0.625 0.85 1.1930215 0.5641864
0.625 0.875 1.2415327 0.5891074
0.625 0.9 1.088381 0.51735574
0.625 0.925 1.1460221 0.60473526
0.625 0.95 1.2292968 0.5959185
0.625 0.975 1.0682694 0.518023
0.625 1.0 1.1265609 0.5179348
0.65 0.025 1.1097952 0.45882747
0.65 0.05 1.1526463 0.5172893
0.65 0.075 1.0890166 0.5935895
0.65 0.1 1.1110502 0.59373
0.65 0.125 1.0673195 0.4721418
0.65 0.15 1.1359291 0.47121117
0.65 0.175 1.1832312 0.57192796
0.65 0.2 1.0695465 0.44504878
0.65 0.225 1.1204655 0.68719065
0.65 0.25 1.1175655 0.5472771
0.65 0.275 1.292494 0.6448522
0.65 0.3 1.1127229 0.5822857
0.65 0.325 1.0930134 0.45216453
0.65 0.35 1.0700551 0.58369344
0.65 0.375 1.0761114 0.58099693
0.65 0.4 1.2104046 0.66521615
0.65 0.425 1.0513886 0.56116873
0.65 0.45 1.1809978 0.45809639
0.65 0.475 1.1894681 0.5306774
0.65 0.5 1.207205 0.5804955
0.65 0.525 1.1821096 0.5538041
0.65 0.55 1.083757 0.56022966
0.65 0.575 1.1404147 0.606937
0.65 0.6 1.0857754 0.5339678
0.65 0.625 1.2375034 0.4525459
0.65 0.65 1.0746204 0.548093
0.65 0.675 1.1761198 0.57373303
0.65 0.7 1.1007084 0.6214539
0.65 0.725 0.9811047 0.40641168
0.65 0.75 1.1438504 0.50511813
0.65 0.775 1.0959194 0.45640424
0.65 0.8 1.1953866 0.5599795
0.65 0.825 1.095237 0.5396504
0.65 0.85 1.1124337 0.5069618
0.65 0.875 1.0923756 0.523033
0.65 0.9 1.1209297 0.51569945
0.65 0.925 1.216377 0.64529043
0.65 0.95 1.0657637 0.58152336
0.65 0.975 1.1303747 0.46950907
0.65 1.0 1.0869502 0.51983136
0.675 0.025 1.1433347 0.53605133
0.675 0.05 1.2456863 0.6254699
0.675 0.075 1.1361406 0.5499464
0.675 0.1 1.1758273 0.5474903
0.675 0.125 1.1369308 0.5592613
0.675 0.15 1.1529675 0.58776504
0.675 0.175 1.1211879 0.6796504
0.675 0.2 1.0854304 0.43771335
0.675 0.225 1.1218752 0.57517886
0.675 0.25 1.1922896 0.54303163
0.675 0.275 1.0996523 0.4800875
0.675 0.3 1.2297902 0.6603908
0.675 0.325 1.1308897 0.39849252
0.675 0.35 1.0098455 0.48125726
0.675 0.375 1.2135984 0.6100907
0.675 0.4 1.110082 0.5528487
0.675 0.425 1.1391089 0.6951706
0.675 0.45 1.1445858 0.4814198
0.675 0.475 1.1547674 0.5009648
0.675 0.5 1.1778444 0.59104204
0.675 0.525 1.1572012 0.5695844
0.675 0.55 1.1715606 0.6224612
0.675 0.575 1.1712744 0.6771276
0.675 0.6 1.09499 0.51865
0.675 0.625 1.172579 0.6163701
0.675 0.65 1.1221993 0.4811605
0.675 0.675 1.2155063 0.59934247
0.675 0.7 0.9638194 0.46457773
0.675 0.725 1.1024313 0.5190142
0.675 0.75 1.1546913 0.5114881
0.675 0.775 1.0766405 0.5181158
0.675 0.8 1.1721758 0.5710125
0.675 0.825 1.1760844 0.5207457
0.675 0.85 1.0086687 0.45997766
0.675 0.875 1.0738199 0.47570202
0.675 0.9 1.128722 0.58629537
0.675 0.925 1.1414052 0.49880552
0.675 0.95 1.1281655 0.46215445
0.675 0.975 1.162719 0.5794248
0.675 1.0 1.1695282 0.54931957
0.7 0.025 1.1873713 0.5731634
0.7 0.05 1.1056572 0.5711455
0.7 0.075 1.1137947 0.53789943
0.7 0.1 1.1501582 0.45040277
0.7 0.125 1.1341369 0.55989563
0.7 0.15 1.2092763 0.6261066
0.7 0.175 1.1601197 0.48672363
0.7 0.2 1.1160537 0.5220849
0.7 0.225 1.1236858 0.4890883
0.7 0.25 1.1753342 0.53040427
0.7 0.275 1.229725 0.67295736
0.7 0.3 1.1570296 0.5684867
0.7 0.325 1.1413848 0.6037924
0.7 0.35 1.1037447 0.4558641
0.7 0.375 1.0588496 0.5615291
0.7 0.4 1.1108327 0.6252329
0.7 0.425 1.2115976 0.73646677
0.7 0.45 1.096983 0.6843097
0.7 0.475 1.1082287 0.6709587
0.7 0.5 1.1392916 0.43691638
0.7 0.525 1.1285521 0.46999288
0.7 0.55 1.2033161 0.69948936
0.7 0.575 1.1538817 0.5266964
0.7 0.6 1.1908869 0.46608403
0.7 0.625 1.1051924 0.56715995
0.7 0.65 1.1457964 0.56457335
0.7 0.675 1.2380584 0.5629949
0.7 0.7 1.1448746 0.5521231
0.7 0.725 1.0564959 0.6039063
0.7 0.75 1.2019372 0.5973559
0.7 0.775 1.0961522 0.5614296
0.7 0.8 1.0839771 0.518932
0.7 0.825 1.0836892 0.44750172
0.7 0.85 1.12917 0.5929228
0.7 0.875 1.2603555 0.5976683
0.7 0.9 1.1499455 0.5622442
0.7 0.925 1.1421735 0.56622666
0.7 0.95 1.1147687 0.50903934
0.7 0.975 1.0466845 0.5335197
0.7 1.0 1.0466603 0.50694716
0.725 0.025 1.039949 0.557581
0.725 0.05 1.1670343 0.5076565
0.725 0.075 1.1671665 0.68289953
0.725 0.1 1.0697422 0.5368808
0.725 0.125 1.1522852 0.5427018
0.725 0.15 1.0798247 0.5407572
0.725 0.175 1.1696495 0.53213996
0.725 0.2 1.1400639 0.6180344
0.725 0.225 1.1477219 0.54027915
0.725 0.25 1.1260196 0.557069
0.725 0.275 1.0707109 0.57428455
0.725 0.3 1.1241044 0.55756354
0.725 0.325 1.2053523 0.63305813
0.725 0.35 1.0681133 0.3788099
0.725 0.375 1.1379277 0.6042043
0.725 0.4 1.0313318 0.49420345
0.725 0.425 1.0825615 0.5741885
0.725 0.45 1.1750085 0.6771439
0.725 0.475 1.2218224 0.5500779
0.725 0.5 1.1659123 0.5206118
0.725 0.525 1.196068 0.47707722
0.725 0.55 1.1954347 0.6868326
0.725 0.575 1.1047106 0.49672192
0.725 0.6 1.1236026 0.5139814
0.725 0.625 1.1983682 0.5377136
0.725 0.65 1.1804914 0.51645327
0.725 0.675 1.1652313 0.56644624
0.725 0.7 1.1580029 0.5579457
0.725 0.725 1.0940603 0.58221996
0.725 0.75 1.2100668 0.76638144
0.725 0.775 1.1362278 0.5143687
0.725 0.8 1.1479915 0.56958914
0.725 0.825 1.1971728 0.56160617
0.725 0.85 1.127182 0.59067196
0.725 0.875 1.1673663 0.568924
0.725 0.9 1.1026449 0.57900155
0.725 0.925 1.1545622 0.61878806
0.725 0.95 1.1578594 0.52914107
0.725 0.975 1.1066926 0.5469976
0.725 1.0 1.0929759 0.47945
0.75 0.025 1.0174992 0.40562013
0.75 0.05 1.077899 0.5871777
0.75 0.075 1.1516582 0.48966494
0.75 0.1 1.212103 0.5620128
0.75 0.125 1.1423234 0.5734709
0.75 0.15 1.0511436 0.43024266
0.75 0.175 1.2874532 0.5436828
0.75 0.2 1.1028969 0.5618886
0.75 0.225 1.1085888 0.52698445
0.75 0.25 1.1683475 0.6484293
0.75 0.275 1.2215832 0.61778384
0.75 0.3 1.2226646 0.6413221
0.75 0.325 1.1077312 0.5019452
0.75 0.35 1.1241266 0.5093218
0.75 0.375 1.1428056 0.5466114
0.75 0.4 1.1647078 0.60566425
0.75 0.425 1.1105394 0.5019278
0.75 0.45 1.1284727 0.52822524
0.75 0.475 1.1413257 0.6061531
0.75 0.5 1.1731201 0.56422037
0.75 0.525 1.1280397 0.6086188
0.75 0.55 1.1240337 0.53637654
0.75 0.575 1.0047886 0.39173606
0.75 0.6 1.1642579 0.48960558
0.75 0.625 1.1229149 0.4680627
0.75 0.65 1.0372407 0.4091608
0.75 0.675 1.1496507 0.6374104
0.75 0.7 1.0037768 0.48630747
0.75 0.725 1.2371258 0.501168
0.75 0.75 1.1608465 0.5240855
0.75 0.775 1.070698 0.54502153
0.75 0.8 1.084732 0.42971957
0.75 0.825 1.0181776 0.5309999
0.75 0.85 1.1979507 0.54900354
0.75 0.875 1.097983 0.5424333
0.75 0.9 1.0836309 0.5915138
0.75 0.925 1.0960193 0.5496752
0.75 0.95 1.1126666 0.5717926
0.75 0.975 1.170248 0.684362
0.75 1.0 1.1327106 0.56513226
0.775 0.025 1.1215559 0.58145154
0.775 0.05 1.1481569 0.5417019
0.775 0.075 1.2609034 0.532281
0.775 0.1 1.1015227 0.6011625
0.775 0.125 1.0010425 0.4710386
0.775 0.15 1.0838538 0.58652467
0.775 0.175 1.1326263 0.6349962
0.775 0.2 1.2157354 0.57643235
0.775 0.225 1.140427 0.6316824
0.775 0.25 1.1080043 0.62095547
0.775 0.275 1.0711968 0.50199735
0.775 0.3 1.0762241 0.37834895
0.775 0.325 1.2389643 0.5836087
0.775 0.35 1.0471433 0.57964176
0.775 0.375 1.0985534 0.48833907
0.775 0.4 1.096173 0.42252466
0.775 0.425 1.1585205 0.5114364
0.775 0.45 1.1250422 0.59470284
0.775 0.475 1.1658125 0.502191
0.775 0.5 1.1154834 0.5097175
0.775 0.525 1.1066405 0.53090966
0.775 0.55 1.1875571 0.7089444
0.775 0.575 1.1368288 0.44038436
0.775 0.6 1.1369216 0.5776833
0.775 0.625 1.2178615 0.53865916
0.775 0.65 1.100059 0.5695135
0.775 0.675 1.1381024 0.5917261
0.775 0.7 1.1163086 0.57985383
0.775 0.725 1.2077067 0.54958576
0.775 0.75 1.153736 0.62223804
0.775 0.775 1.136452 0.5448398
0.775 0.8 1.1437591 0.578252
0.775 0.825 1.1836141 0.5816316
0.775 0.85 1.1763666 0.5919833
0.775 0.875 1.0836122 0.49711812
0.775 0.9 1.1957455 0.59567034
0.775 0.925 1.2011989 0.53121424
0.775 0.95 1.15347 0.69891584
0.775 0.975 1.1469969 0.5980947
0.775 1.0 1.1280307 0.52892494
0.8 0.025 1.1226223 0.5811363
0.8 0.05 1.1336926 0.46686527
0.8 0.075 1.2162846 0.5440118
0.8 0.1 1.0995084 0.5355672
0.8 0.125 1.1291053 0.5555023
0.8 0.15 1.0271666 0.4596417
0.8 0.175 1.1713369 0.64745355
0.8 0.2 1.0752913 0.4553682
0.8 0.225 1.0604227 0.46915388
0.8 0.25 1.1276982 0.5170162
0.8 0.275 1.1219951 0.48458925
0.8 0.3 1.1490825 0.5155713
0.8 0.325 1.1630704 0.5138439
0.8 0.35 1.190372 0.55357945
0.8 0.375 1.1707652 0.53755444
0.8 0.4 1.1964127 0.6472778
0.8 0.425 1.1210359 0.57812345
0.8 0.45 1.1199543 0.6711683
0.8 0.475 1.06706 0.55157036
0.8 0.5 1.1635864 0.56636935
0.8 0.525 1.1115583 0.5580146
0.8 0.55 0.9987484 0.46889198
0.8 0.575 1.0739666 0.5133396
0.8 0.6 1.1853365 0.52864414
0.8 0.625 1.1368573 0.5754768
0.8 0.65 1.185291 0.52611774
0.8 0.675 1.0906147 0.5503479
0.8 0.7 1.0729821 0.55353504
0.8 0.725 1.0817461 0.42485166
0.8 0.75 1.1574823 0.51487106
0.8 0.775 1.1127485 0.55992997
0.8 0.8 1.1024797 0.5487188
0.8 0.825 1.1450791 0.6431116
0.8 0.85 1.0636766 0.5120894
0.8 0.875 1.0594108 0.44127882
0.8 0.9 1.0936725 0.5693637
0.8 0.925 0.99081326 0.49153045
0.8 0.95 1.1511552 0.5370093
0.8 0.975 1.0837963 0.49531153
0.8 1.0 1.1731522 0.6758137
0.825 0.025 1.1159893 0.54433507
0.825 0.05 1.2073616 0.642408
0.825 0.075 1.0839618 0.46810243
0.825 0.1 1.1546203 0.4415851
0.825 0.125 1.1990557 0.48942673
0.825 0.15 1.1166104 0.44283843
0.825 0.175 1.160989 0.5965618
0.825 0.2 1.0487463 0.5278866
0.825 0.225 1.0387925 0.5453734
0.825 0.25 1.1548011 0.47273502
0.825 0.275 1.0305526 0.5173702
0.825 0.3 1.1431239 0.5564118
0.825 0.325 1.1735168 0.51418155
0.825 0.35 1.0624483 0.51904565
0.825 0.375 1.2250704 0.5870343
0.825 0.4 1.0334666 0.539521
0.825 0.425 1.1724558 0.5726273
0.825 0.45 1.0112569 0.53210235
0.825 0.475 1.1442076 0.6219759
0.825 0.5 1.1107278 0.47696194
0.825 0.525 1.1274469 0.5363978
0.825 0.55 1.1989548 0.48722252
0.825 0.575 1.0713011 0.45579493
0.825 0.6 1.1123148 0.47615024
0.825 0.625 1.1364806 0.5230755
0.825 0.65 1.0325159 0.5311686
0.825 0.675 1.2520026 0.6160905
0.825 0.7 1.2128251 0.589198
0.825 0.725 1.0723845 0.42006412
0.825 0.75 1.0454767 0.5674609
0.825 0.775 1.0899185 0.51408046
0.825 0.8 1.1280452 0.4343368
0.825 0.825 1.1784818 0.49085915
0.825 0.85 1.1741469 0.65082115
0.825 0.875 1.160116 0.512171
0.825 0.9 1.0256958 0.53675383
0.825 0.925 1.1999032 0.70831496
0.825 0.95 1.1244491 0.55740714
0.825 0.975 1.127951 0.5532705
0.825 1.0 1.1531036 0.51071876
0.85 0.025 1.1482638 0.61359686
0.85 0.05 1.2356972 0.5487042
0.85 0.075 1.1841199 0.5445455
0.85 0.1 1.0575937 0.48062277
0.85 0.125 1.1885839 0.5736229
0.85 0.15 1.1589252 0.58407986
0.85 0.175 1.1251727 0.41274694
0.85 0.2 1.1010466 0.60347563
0.85 0.225 1.1492722 0.50091517
0.85 0.25 1.1792344 0.513511
0.85 0.275 1.206806 0.6244237
0.85 0.3 1.1710665 0.5519232
0.85 0.325 1.0836627 0.5455631
0.85 0.35 1.0596634 0.45292142
0.85 0.375 1.0603888 0.57507926
0.85 0.4 1.1572918 0.48830473
0.85 0.425 1.0685265 0.561182
0.85 0.45 1.1044939 0.592439
0.85 0.475 1.0817841 0.57826895
0.85 0.5 1.0912027 0.5028117
0.85 0.525 1.1674753 0.6269116
0.85 0.55 1.2074971 0.6308951
0.85 0.575 1.0390664 0.49095726
0.85 0.6 1.1793548 0.50157386
0.85 0.625 1.1247374 0.56862164
0.85 0.65 0.9951317 0.45517644
0.85 0.675 1.1412714 0.5677728
0.85 0.7 1.1242425 0.50535995
0.85 0.725 1.1393636 0.5781558
0.85 0.75 1.0869848 0.4922596
0.85 0.775 1.1630869 0.6256985
0.85 0.8 1.1221769 0.5121865
0.85 0.825 1.175583 0.6420493
0.85 0.85 1.1780927 0.6384287
0.85 0.875 1.1369978 0.6188508
0.85 0.9 1.1117469 0.49348924
0.85 0.925 1.0903151 0.5237878
0.85 0.95 1.0415577 0.5333095
0.85 0.975 1.1037842 0.5473672
0.85 1.0 1.0966926 0.45018992
0.875 0.025 1.2191018 0.6206627
0.875 0.05 0.9904431 0.40101156
0.875 0.075 1.1066827 0.5858883
0.875 0.1 1.1528223 0.56733924
0.875 0.125 1.0071465 0.5018389
0.875 0.15 1.1270554 0.57057786
0.875 0.175 1.138994 0.48881823
0.875 0.2 1.215966 0.6004222
0.875 0.225 1.2573137 0.66368014
0.875 0.25 1.1204407 0.4872242
0.875 0.275 1.0803505 0.50141406
0.875 0.3 1.1331787 0.604444
0.875 0.325 1.140047 0.5771351
0.875 0.35 1.0645381 0.45092788
0.875 0.375 1.1956705 0.6302042
0.875 0.4 1.1891901 0.6524376
0.875 0.425 1.0727731 0.553188
0.875 0.45 1.1472647 0.604702
0.875 0.475 1.1392715 0.5908163
0.875 0.5 1.2687258 0.6699759
0.875 0.525 1.1441395 0.5358998
0.875 0.55 1.1915468 0.45032826
0.875 0.575 1.1273527 0.5007932
0.875 0.6 1.1394125 0.55425805
0.875 0.625 1.1652747 0.5497181
0.875 0.65 1.1883763 0.621512
0.875 0.675 1.1176047 0.6283844
0.875 0.7 1.2367119 0.531139
0.875 0.725 1.1453955 0.6033374
0.875 0.75 1.2434454 0.57415026
0.875 0.775 1.1675074 0.47478193
0.875 0.8 1.1297095 0.5619054
0.875 0.825 1.0768409 0.4319874
0.875 0.85 1.0610732 0.564784
0.875 0.875 1.0449884 0.59029424
0.875 0.9 1.1574612 0.47748896
0.875 0.925 1.160999 0.574094
0.875 0.95 1.1272941 0.48520386
0.875 0.975 1.1088927 0.46175727
0.875 1.0 1.1547575 0.43210262
0.9 0.025 1.163449 0.47744477
0.9 0.05 1.1148994 0.60630625
0.9 0.075 1.0712547 0.49465683
0.9 0.1 1.1480091 0.5599197
0.9 0.125 1.1983685 0.5520605
0.9 0.15 1.211374 0.65259624
0.9 0.175 1.0320866 0.5077833
0.9 0.2 1.0791116 0.46177846
0.9 0.225 1.1966246 0.6023688
0.9 0.25 1.1017643 0.49132445
0.9 0.275 1.0036185 0.51822174
0.9 0.3 1.1647341 0.5252344
0.9 0.325 1.1125156 0.50315404
0.9 0.35 1.1968744 0.6306411
0.9 0.375 1.19482 0.51923466
0.9 0.4 1.1179234 0.45376083
0.9 0.425 1.0507504 0.4177212
0.9 0.45 1.1480254 0.5785895
0.9 0.475 1.1577145 0.6725412
0.9 0.5 1.0954987 0.47945544
0.9 0.525 1.1759608 0.67125785
0.9 0.55 1.2143435 0.57815784
0.9 0.575 1.1636093 0.5465506
0.9 0.6 1.1050985 0.5562733
0.9 0.625 1.0996851 0.45786458
0.9 0.65 1.123538 0.60967
0.9 0.675 1.1114607 0.53545696
0.9 0.7 1.140984 0.5951725
0.9 0.725 1.1834155 0.4790138
0.9 0.75 1.1141576 0.42871618
0.9 0.775 1.0216243 0.5543991
0.9 0.8 1.0598242 0.53678566
0.9 0.825 1.1746621 0.6631149
0.9 0.85 1.1928968 0.61611986
0.9 0.875 1.0439188 0.48746952
0.9 0.9 1.1395057 0.47928646
0.9 0.925 1.1962746 0.5881187
0.9 0.95 1.1226852 0.5232073
0.9 0.975 1.1343572 0.50358087
0.9 1.0 1.0331628 0.5154066
0.925 0.025 1.1937296 0.46907628
0.925 0.05 1.122806 0.5053647
0.925 0.075 0.9846873 0.38870668
0.925 0.1 1.0770315 0.55888855
0.925 0.125 1.0944083 0.5529669
0.925 0.15 1.1106236 0.48117492
0.925 0.175 1.167684 0.51933265
0.925 0.2 1.0401419 0.5489017
0.925 0.225 1.1027235 0.4650519
0.925 0.25 1.1376463 0.54260224
0.925 0.275 1.1249243 0.55114996
0.925 0.3 1.1438837 0.51507473
0.925 0.325 1.0011375 0.55131054
0.925 0.35 1.0481613 0.6330187
0.925 0.375 1.1308415 0.4865382
0.925 0.4 1.154947 0.5134488
0.925 0.425 1.1159378 0.61641383
0.925 0.45 1.0495732 0.5790416
0.925 0.475 1.1350486 0.5891676
0.925 0.5 1.0734786 0.5616885
0.925 0.525 1.1230944 0.5297698
0.925 0.55 1.136174 0.48178747
0.925 0.575 1.0861769 0.5132594
0.925 0.6 1.1534001 0.48526266
0.925 0.625 1.1922909 0.47452426
0.925 0.65 1.1327449 0.47022396
0.925 0.675 1.1690342 0.45142013
0.925 0.7 1.0719745 0.42803895
0.925 0.725 1.1117039 0.5681623
0.925 0.75 1.1354033 0.51499784
0.925 0.775 1.1671531 0.549381
0.925 0.8 1.0295113 0.58107185
0.925 0.825 1.0426478 0.40609145
0.925 0.85 1.1526845 0.530456
0.925 0.875 1.1624997 0.52378714
0.925 0.9 1.2238374 0.43003967
0.925 0.925 1.1394607 0.5735541
0.925 0.95 1.192137 0.5715359
0.925 0.975 1.1331705 0.5392217
0.925 1.0 1.1451719 0.5864724
0.95 0.025 1.1131787 0.42989805
0.95 0.05 0.97681 0.67469275
0.95 0.075 1.0898604 0.63057476
0.95 0.1 1.221576 0.53829485
0.95 0.125 1.194234 0.536219
0.95 0.15 1.1493539 0.4682353
0.95 0.175 1.1066104 0.6425471
0.95 0.2 1.1743231 0.60133344
0.95 0.225 1.1191208 0.5209794
0.95 0.25 1.0877854 0.67101777
0.95 0.275 1.1507857 0.44333127
0.95 0.3 1.1064227 0.7172653
0.95 0.325 1.1791164 0.5665809
0.95 0.35 1.1669159 0.67227995
0.95 0.375 1.1301138 0.62607515
0.95 0.4 1.1471405 0.5800973
0.95 0.425 1.1395941 0.5263213
0.95 0.45 1.08125 0.5083041
0.95 0.475 1.1288475 0.50842637
0.95 0.5 1.1617228 0.7460085
0.95 0.525 1.1235917 0.48198697
0.95 0.55 1.0938241 0.46945447
0.95 0.575 1.2256482 0.56705964
0.95 0.6 1.0952936 0.46715614
0.95 0.625 1.1510671 0.57915825
0.95 0.65 1.0713366 0.54943377
0.95 0.675 1.1601831 0.51716167
0.95 0.7 1.1870861 0.5551663
0.95 0.725 1.1109271 0.5185243
0.95 0.75 1.0507257 0.5535339
0.95 0.775 1.1874158 0.53226155
0.95 0.8 1.1600395 0.47162762
0.95 0.825 1.1398486 0.5555733
0.95 0.85 1.0794808 0.51970226
0.95 0.875 1.1723474 0.46507847
0.95 0.9 1.0955504 0.5294234
0.95 0.925 1.2347085 0.6180344
0.95 0.95 1.0797446 0.48411185
0.95 0.975 1.1303592 0.479248
0.95 1.0 1.16115 0.51695925
0.975 0.025 1.0912906 0.42267603
0.975 0.05 1.1011202 0.6276782
0.975 0.075 1.2254617 0.5715566
0.975 0.1 1.1297876 0.4736428
0.975 0.125 1.2001612 0.6150664
0.975 0.15 1.0955868 0.4908718
0.975 0.175 1.1319484 0.46948108
0.975 0.2 1.1508186 0.6020498
0.975 0.225 1.084418 0.55714417
0.975 0.25 1.1453252 0.5010112
0.975 0.275 1.1794542 0.6008462
0.975 0.3 1.0093858 0.35970405
0.975 0.325 1.1750247 0.53937835
0.975 0.35 1.1381669 0.4267531
0.975 0.375 1.1623442 0.51917404
0.975 0.4 1.128942 0.622435
0.975 0.425 1.1145399 0.47148535
0.975 0.45 1.0779431 0.6165064
0.975 0.475 1.106463 0.53655386
0.975 0.5 1.1302605 0.558685
0.975 0.525 1.1421072 0.5973824
0.975 0.55 1.0722505 0.5518074
0.975 0.575 1.106858 0.46795744
0.975 0.6 1.132179 0.50040084
0.975 0.625 1.2434585 0.58842325
0.975 0.65 1.1199912 0.64862764
0.975 0.675 1.107015 0.6088654
0.975 0.7 1.052743 0.56227535
0.975 0.725 1.130462 0.48876542
0.975 0.75 1.1179497 0.43074495
0.975 0.775 1.1226233 0.56808436
0.975 0.8 1.1327269 0.60256845
0.975 0.825 1.078716 0.4618824
0.975 0.85 1.1574472 0.48215103
0.975 0.875 1.1746228 0.5273106
0.975 0.9 1.1102349 0.50162894
0.975 0.925 1.2136722 0.64315397
0.975 0.95 1.1263579 0.5667446
0.975 0.975 1.1602468 0.5356623
0.975 1.0 1.0793672 0.5045392
1.0 0.025 1.1326448 0.48061728
1.0 0.05 1.1196254 0.5873929
1.0 0.075 1.0741085 0.53559977
1.0 0.1 1.0981818 0.4083014
1.0 0.125 1.1742818 0.6548964
1.0 0.15 1.1470761 0.5186129
1.0 0.175 1.0438604 0.48452708
1.0 0.2 1.1996651 0.5954242
1.0 0.225 1.0935564 0.37576982
1.0 0.25 1.2299513 0.59899604
1.0 0.275 1.1469603 0.48009652
1.0 0.3 1.1339287 0.7582149
1.0 0.325 1.1911097 0.64518774
1.0 0.35 1.2118244 0.56655246
1.0 0.375 1.1439211 0.539797
1.0 0.4 1.1301 0.50137603
1.0 0.425 1.0312443 0.53572315
1.0 0.45 1.2332845 0.6223489
1.0 0.475 1.0465777 0.46833304
1.0 0.5 1.1847496 0.6962287
1.0 0.525 1.1399181 0.4574875
1.0 0.55 1.2008828 0.6558953
1.0 0.575 1.1063 0.62635964
1.0 0.6 1.0547519 0.46062565
1.0 0.625 1.1340361 0.52019083
1.0 0.65 1.1005728 0.5684566
1.0 0.675 1.1347473 0.6120335
1.0 0.7 1.1226774 0.6221732
1.0 0.725 1.1936893 0.67719555
1.0 0.75 1.140404 0.49821448
1.0 0.775 1.1689141 0.5804992
1.0 0.8 1.111603 0.54949975
1.0 0.825 1.1724086 0.6646797
1.0 0.85 1.0857238 0.5541989
1.0 0.875 1.0351026 0.47508198
1.0 0.9 1.1073707 0.47433904
1.0 0.925 1.1706765 0.6288106
1.0 0.95 1.1290884 0.55393934
1.0 0.975 1.1000012 0.48399344
1.0 1.0 1.1152318 0.5371235