lengthscale l2regularizer rmse_mean rmse_std

0.625 0.025 1.1193981 0.403392
0.625 0.05 1.1437684 0.5216383
0.625 0.075 1.214466 0.69686866
0.625 0.1 1.179912 0.5660606
0.625 0.125 1.1604148 0.5630978
0.625 0.15 1.1938347 0.6001059
0.625 0.175 1.2064607 0.5386283
0.625 0.2 1.1350685 0.53473455
0.625 0.225 1.1247002 0.4472538
0.625 0.25 1.0650978 0.48116404
0.625 0.275 1.1520618 0.50318825
0.625 0.3 1.1056212 0.55652624
0.625 0.325 1.220536 0.6522149
0.625 0.35 1.0550058 0.53899854
0.625 0.375 1.1318423 0.5843109
0.625 0.4 1.137645 0.5001114
0.625 0.425 1.2403644 0.55761063
0.625 0.45 1.2206174 0.5465336
0.625 0.475 1.1899493 0.57930833
0.625 0.5 1.1858429 0.65132517
0.625 0.525 1.1036742 0.5731185
0.625 0.55 1.0954924 0.6893415
0.625 0.575 1.1459706 0.6035231
0.625 0.6 1.2741635 0.67895985
0.625 0.625 1.0778011 0.5406212
0.625 0.65 1.2076596 0.62938064
0.625 0.675 1.1117932 0.53240734
0.625 0.7 1.0668514 0.52661395
0.625 0.725 1.1813687 0.62367535
0.625 0.75 1.1068746 0.5237231
0.625 0.775 1.0474558 0.40463412
0.625 0.8 1.2354945 0.70933086
0.625 0.825 1.1245451 0.544519
0.625 0.85 1.1158775 0.58239734
0.625 0.875 1.1450894 0.6067841
0.625 0.9 1.1545924 0.54553694
0.625 0.925 1.2047441 0.61324716
0.625 0.95 1.1359236 0.50211245
0.625 0.975 1.0739768 0.50272655
0.625 1.0 1.1060774 0.4687779
0.65 0.025 1.1844221 0.56399536
0.65 0.05 1.0976574 0.6067895
0.65 0.075 1.2298776 0.6366337
0.65 0.1 1.1112077 0.41224372
0.65 0.125 1.0482668 0.47472918
0.65 0.15 1.1628047 0.6046878
0.65 0.175 1.1671463 0.5843848
0.65 0.2 1.1446211 0.523297
0.65 0.225 1.1174635 0.45207408
0.65 0.25 1.1738651 0.4845262
0.65 0.275 1.1649344 0.5617239
0.65 0.3 1.1693641 0.50566727
0.65 0.325 1.0216019 0.47964138
0.65 0.35 1.1651073 0.5277373
0.65 0.375 1.1621792 0.63398683
0.65 0.4 1.1216196 0.6132252
0.65 0.425 1.1742032 0.59522706
0.65 0.45 1.1866646 0.4543264
0.65 0.475 1.1710212 0.44291186
0.65 0.5 1.1751117 0.6183309
0.65 0.525 1.1817858 0.5068234
0.65 0.55 1.1883005 0.5259999
0.65 0.575 1.217656 0.5257289
0.65 0.6 1.1187319 0.50660723
0.65 0.625 1.1433041 0.6440149
0.65 0.65 1.2082183 0.6618298
0.65 0.675 1.1332606 0.5872884
0.65 0.7 1.1689383 0.54084027
0.65 0.725 1.0465606 0.41041318
0.65 0.75 1.079944 0.5026826
0.65 0.775 1.1740847 0.5452379
0.65 0.8 1.0982733 0.5869923
0.65 0.825 1.0447736 0.5094601
0.65 0.85 1.1299872 0.48789266
0.65 0.875 1.1559256 0.6198285
0.65 0.9 1.2302772 0.70525444
0.65 0.925 1.1038759 0.49930492
0.65 0.95 1.1164452 0.5124985
0.65 0.975 1.1785827 0.5607307
0.65 1.0 1.1153729 0.50651735
0.675 0.025 1.1050346 0.48771137
0.675 0.05 1.0949676 0.40497452
0.675 0.075 1.2042694 0.6245797
0.675 0.1 1.1794322 0.61743796
0.675 0.125 1.029834 0.45959735
0.675 0.15 1.1717925 0.49879333
0.675 0.175 1.2337669 0.66968447
0.675 0.2 1.0873648 0.4638056
0.675 0.225 1.2385191 0.56672376
0.675 0.25 1.1646658 0.74692756
0.675 0.275 1.1587265 0.43137628
0.675 0.3 1.0758667 0.56915444
0.675 0.325 1.1997616 0.49137765
0.675 0.35 1.1463215 0.4928422
0.675 0.375 1.1327645 0.5802197
0.675 0.4 1.2504985 0.54656655
0.675 0.425 1.0439146 0.56234735
0.675 0.45 1.1333387 0.614978
0.675 0.475 1.050575 0.45952195
0.675 0.5 1.1967188 0.53420454
0.675 0.525 1.1364 0.56889874
0.675 0.55 1.2423288 0.5806895
0.675 0.575 1.1231668 0.5712368
0.675 0.6 1.2455757 0.6662604
0.675 0.625 1.1084874 0.4714689
0.675 0.65 1.1558129 0.5248412
0.675 0.675 1.1067693 0.44404408
0.675 0.7 1.1239431 0.47244734
0.675 0.725 1.1108863 0.5543022
0.675 0.75 1.1520375 0.5430619
0.675 0.775 1.0914662 0.564524
0.675 0.8 1.1221207 0.45408133
0.675 0.825 1.1612765 0.4883602
0.675 0.85 1.1490207 0.6207394
0.675 0.875 1.1171758 0.55312425
0.675 0.9 0.9956007 0.532086
0.675 0.925 1.2087083 0.4657049
0.675 0.95 1.2222537 0.6383421
0.675 0.975 1.1236897 0.54653126
0.675 1.0 1.0413034 0.45136246
0.7 0.025 1.2224281 0.7254781
0.7 0.05 1.0985695 0.4798977
0.7 0.075 1.0283062 0.5500617
0.7 0.1 1.1013979 0.4913531
0.7 0.125 1.3014339 0.56440586
0.7 0.15 1.1885017 0.6003662
0.7 0.175 1.0865262 0.5402068
0.7 0.2 1.0312852 0.43353707
0.7 0.225 1.1578258 0.45265225
0.7 0.25 1.1557994 0.5297692
0.7 0.275 1.1376094 0.58772755
0.7 0.3 1.1638914 0.6439423
0.7 0.325 1.1368582 0.44971555
0.7 0.35 1.0766659 0.5099135
0.7 0.375 1.1203662 0.6214164
0.7 0.4 1.2277287 0.5831995
0.7 0.425 1.0640872 0.54351634
0.7 0.45 1.1618171 0.5075246
0.7 0.475 1.1988513 0.5174758
0.7 0.5 1.165888 0.55829334
0.7 0.525 1.1213 0.44807115
0.7 0.55 1.1465026 0.689517
0.7 0.575 1.2445621 0.55879855
0.7 0.6 1.249335 0.5377799
0.7 0.625 1.1245027 0.4556891
0.7 0.65 1.0768912 0.4945589
0.7 0.675 1.1562774 0.45511496
0.7 0.7 1.1201968 0.49135572
0.7 0.725 1.1509104 0.55871934
0.7 0.75 1.151171 0.443056
0.7 0.775 1.1572901 0.56832504
0.7 0.8 1.0973613 0.50965774
0.7 0.825 1.0879115 0.5629666
0.7 0.85 1.1292711 0.46887413
0.7 0.875 1.1344227 0.5919161
0.7 0.9 1.0991727 0.54314023
0.7 0.925 1.1433437 0.572022
0.7 0.95 1.0503066 0.55443174
0.7 0.975 1.095506 0.48191297
0.7 1.0 1.1075861 0.6885398