lengthscale l2regularizer rmse_mean rmse_std

0.05 0.05 1.239133 0.652451
0.05 0.10 1.199641 0.600631
0.05 0.15 1.129998 0.449925
0.05 0.20 1.160937 0.439325
0.05 0.25 1.114505 0.554724
0.05 0.30 1.097248 0.465772
0.05 0.35 1.126581 0.478878
0.05 0.40 1.148004 0.503649
0.05 0.45 1.117468 0.539665
0.05 0.50 1.183384 0.500597
0.05 0.55 1.125913 0.484185
0.05 0.60 1.135040 0.517690
0.05 0.65 1.160251 0.611126
0.05 0.70 1.150548 0.571670
0.05 0.75 1.143420 0.513758
0.05 0.80 1.133576 0.546513
0.05 0.85 1.129006 0.538843
0.05 0.90 1.122196 0.513692
0.05 0.95 1.136607 0.475746
0.05 1.00 1.166280 0.501492
0.10 0.05 1.141119 0.443128
0.10 0.10 1.096166 0.449437
0.10 0.15 1.192135 0.541478
0.10 0.20 1.087980 0.467019
0.10 0.25 1.163540 0.551200
0.10 0.30 1.212949 0.552754
0.10 0.35 1.216282 0.552443
0.10 0.40 1.104841 0.477495
0.10 0.45 1.086808 0.445385
0.10 0.50 1.158410 0.566444
0.10 0.55 1.211029 0.597472
0.10 0.60 1.119927 0.518366
0.10 0.65 1.155583 0.502806
0.10 0.70 1.126002 0.535892
0.10 0.75 1.139648 0.500343
0.10 0.80 1.093253 0.494826
0.10 0.85 1.097013 0.470817
0.10 0.90 1.163305 0.519657
0.10 0.95 1.147713 0.541801
0.10 1.00 1.085707 0.505864
0.15 0.05 1.085831 0.577220
0.15 0.10 1.125150 0.482512
0.15 0.15 1.187523 0.560227
0.15 0.20 1.197665 0.488099
0.15 0.25 1.151517 0.555885
0.15 0.30 1.126116 0.516904
0.15 0.35 1.042242 0.494748
0.15 0.40 1.131093 0.512082
0.15 0.45 1.115529 0.462534
0.15 0.50 1.136711 0.489734
0.15 0.55 1.198015 0.575522
0.15 0.60 1.152708 0.451186
0.15 0.65 1.137345 0.485954
0.15 0.70 1.111026 0.518450
0.15 0.75 1.158728 0.470558
0.15 0.80 1.103413 0.486512
0.15 0.85 1.104093 0.470139
0.15 0.90 1.139823 0.519272
0.15 0.95 1.161518 0.529524
0.15 1.00 1.159556 0.509769
0.20 0.05 1.050301 0.415477
0.20 0.10 1.212433 0.570499
0.20 0.15 1.209512 0.610282
0.20 0.20 1.151426 0.541536
0.20 0.25 1.156482 0.439097
0.20 0.30 1.183618 0.579514
0.20 0.35 1.130498 0.489549
0.20 0.40 1.231089 0.656196
0.20 0.45 1.139921 0.535147
0.20 0.50 1.179632 0.578854
0.20 0.55 1.080759 0.507842
0.20 0.60 1.134960 0.482903
0.20 0.65 1.147561 0.546447
0.20 0.70 1.144420 0.474845
0.20 0.75 1.119530 0.515877
0.20 0.80 1.041231 0.420209
0.20 0.85 1.073185 0.557786
0.20 0.90 1.134341 0.445200
0.20 0.95 1.102982 0.605636
0.20 1.00 1.137605 0.522960
0.25 0.05 1.162741 0.487016
0.25 0.10 1.194048 0.452002
0.25 0.15 1.083148 0.538596
0.25 0.20 1.184314 0.559022
0.25 0.25 1.171583 0.460468
0.25 0.30 1.129931 0.484687
0.25 0.35 1.154550 0.548069
0.25 0.40 1.128281 0.580289
0.25 0.45 1.193117 0.574522
0.25 0.50 1.090146 0.512051
0.25 0.55 1.116596 0.498246
0.25 0.60 1.158693 0.562131
0.25 0.65 1.144745 0.534259
0.25 0.70 1.118888 0.420997
0.25 0.75 1.146611 0.521777
0.25 0.80 1.101463 0.502802
0.25 0.85 1.152587 0.521829
0.25 0.90 1.163825 0.472790
0.25 0.95 1.125188 0.502527
0.25 1.00 1.076358 0.427493
0.30 0.05 1.125566 0.445460
0.30 0.10 1.032897 0.415688
0.30 0.15 1.274238 0.602802
0.30 0.20 1.055215 0.431286
0.30 0.25 1.126962 0.573568
0.30 0.30 1.187286 0.522083
0.30 0.35 1.127870 0.507163
0.30 0.40 1.116122 0.527824
0.30 0.45 1.178728 0.588995
0.30 0.50 1.132602 0.503965
0.30 0.55 1.105886 0.518896
0.30 0.60 1.193542 0.551295
0.30 0.65 1.086148 0.444218
0.30 0.70 1.127212 0.466741
0.30 0.75 1.096284 0.513651
0.30 0.80 1.095599 0.510372
0.30 0.85 1.144986 0.576738
0.30 0.90 1.166094 0.519897
0.30 0.95 1.174379 0.524120
0.30 1.00 1.122526 0.489121
0.35 0.05 1.090401 0.499071
0.35 0.10 1.075351 0.471299
0.35 0.15 1.160961 0.528837
0.35 0.20 1.137083 0.499460
0.35 0.25 1.053808 0.484796
0.35 0.30 1.180164 0.521570
0.35 0.35 1.134867 0.475431
0.35 0.40 1.116857 0.471200
0.35 0.45 1.106212 0.454643
0.35 0.50 1.106658 0.478110
0.35 0.55 1.169393 0.498689
0.35 0.60 1.159252 0.479485
0.35 0.65 1.089662 0.490076
0.35 0.70 1.103838 0.510686
0.35 0.75 1.195027 0.466717
0.35 0.80 1.114117 0.453292
0.35 0.85 1.079632 0.508919
0.35 0.90 1.111760 0.536893
0.35 0.95 1.105930 0.522897
0.35 1.00 1.086642 0.461560
0.40 0.05 1.105871 0.548662
0.40 0.10 1.161263 0.488941
0.40 0.15 1.039146 0.498796
0.40 0.20 1.220171 0.571463
0.40 0.25 1.176454 0.598393
0.40 0.30 1.127019 0.499556
0.40 0.35 1.044968 0.454056
0.40 0.40 1.100707 0.478594
0.40 0.45 1.074545 0.453494
0.40 0.50 1.131825 0.523757
0.40 0.55 1.125469 0.481464
0.40 0.60 1.126090 0.505483
0.40 0.65 1.088357 0.513465
0.40 0.70 1.133072 0.489739
0.40 0.75 1.108513 0.506866
0.40 0.80 1.164125 0.530745
0.40 0.85 1.123512 0.551353
0.40 0.90 1.080712 0.511323
0.40 0.95 1.130712 0.518202
0.40 1.00 1.107691 0.510915
0.45 0.05 1.090345 0.482005
0.45 0.10 1.114511 0.549054
0.45 0.15 1.119916 0.476752
0.45 0.20 1.178097 0.458794
0.45 0.25 1.117336 0.507346
0.45 0.30 1.116534 0.466732
0.45 0.35 1.122554 0.548813
0.45 0.40 1.058783 0.421810
0.45 0.45 1.156583 0.617580
0.45 0.50 1.136562 0.556063
0.45 0.55 1.057649 0.452918
0.45 0.60 1.131095 0.501327
0.45 0.65 1.174876 0.532005
0.45 0.70 1.192260 0.555024
0.45 0.75 1.096135 0.505820
0.45 0.80 1.124059 0.416507
0.45 0.85 1.096934 0.473072
0.45 0.90 1.059074 0.428630
0.45 0.95 1.196613 0.552964
0.45 1.00 1.145971 0.545652
0.50 0.05 1.082326 0.508877
0.50 0.10 1.155135 0.480829
0.50 0.15 1.116437 0.507431
0.50 0.20 1.198110 0.463444
0.50 0.25 1.046750 0.546071
0.50 0.30 1.108969 0.511620
0.50 0.35 1.196279 0.533795
0.50 0.40 1.149742 0.547437
0.50 0.45 1.148287 0.520532
0.50 0.50 1.201585 0.518716
0.50 0.55 1.117569 0.466904
0.50 0.60 1.080446 0.530535
0.50 0.65 1.119340 0.536365
0.50 0.70 1.124214 0.470433
0.50 0.75 1.169352 0.495569
0.50 0.80 1.073298 0.453178
0.50 0.85 1.140313 0.549243
0.50 0.90 1.110737 0.478614
0.50 0.95 1.166433 0.507881
0.50 1.00 1.093200 0.557032
0.55 0.05 1.050443 0.408461
0.55 0.10 1.134110 0.471113
0.55 0.15 1.079522 0.481221
0.55 0.20 1.167791 0.480098
0.55 0.25 1.154811 0.496683
0.55 0.30 1.109448 0.488964
0.55 0.35 1.066279 0.453349
0.55 0.40 1.150865 0.500795
0.55 0.45 1.149755 0.553189
0.55 0.50 1.113679 0.515978
0.55 0.55 1.166580 0.519315
0.55 0.60 1.166946 0.509402
0.55 0.65 1.088895 0.502469
0.55 0.70 1.150758 0.542172
0.55 0.75 1.154564 0.625417
0.55 0.80 1.043861 0.464413
0.55 0.85 1.077429 0.484608
0.55 0.90 1.117402 0.482501
0.55 0.95 1.150956 0.504639
0.55 1.00 1.139894 0.560195
0.60 0.05 1.037138 0.534911
0.60 0.10 1.112064 0.554798
0.60 0.15 1.104397 0.546176
0.60 0.20 1.150457 0.509246
0.60 0.25 1.164741 0.550797
0.60 0.30 1.140675 0.605526
0.60 0.35 1.150637 0.542511
0.60 0.40 1.133502 0.483756
0.60 0.45 1.126773 0.399781
0.60 0.50 1.112820 0.477788
0.60 0.55 1.084157 0.511946
0.60 0.60 1.101871 0.476762
0.60 0.65 1.111032 0.541751
0.60 0.70 1.147736 0.486872
0.60 0.75 1.182699 0.508195
0.60 0.80 1.070416 0.477420
0.60 0.85 1.156570 0.527336
0.60 0.90 1.166668 0.565132
0.60 0.95 1.123750 0.497106
0.60 1.00 1.202253 0.522595
0.65 0.05 1.077802 0.423600
0.65 0.10 1.150802 0.557420
0.65 0.15 1.091158 0.436780
0.65 0.20 1.104061 0.523631
0.65 0.25 1.113147 0.494531
0.65 0.30 1.228332 0.517073
0.65 0.35 1.081727 0.457735
0.65 0.40 1.129163 0.513944
0.65 0.45 1.140991 0.426521
0.65 0.50 1.175611 0.492462
0.65 0.55 1.146497 0.562550
0.65 0.60 1.134873 0.544994
0.65 0.65 1.064059 0.452048
0.65 0.70 1.231325 0.574006
0.65 0.75 1.091413 0.513044
0.65 0.80 1.092915 0.475838
0.65 0.85 1.122030 0.510877
0.65 0.90 1.167824 0.511391
0.65 0.95 1.071561 0.495275
0.65 1.00 1.108002 0.588238
0.70 0.05 1.153971 0.589268
0.70 0.10 1.145588 0.566922
0.70 0.15 1.170263 0.469238
0.70 0.20 1.096922 0.533248
0.70 0.25 1.115002 0.520960
0.70 0.30 1.139908 0.491057
0.70 0.35 1.197294 0.531371
0.70 0.40 1.140014 0.533976
0.70 0.45 1.081544 0.449461
0.70 0.50 1.095677 0.567075
0.70 0.55 1.114332 0.437642
0.70 0.60 1.102795 0.480437
0.70 0.65 1.122651 0.527146
0.70 0.70 1.112826 0.496248
0.70 0.75 1.001265 0.498161
0.70 0.80 1.159771 0.553036
0.70 0.85 1.119846 0.594578
0.70 0.90 1.070535 0.531838
0.70 0.95 1.102983 0.490915
0.70 1.00 1.110667 0.564735
0.75 0.05 1.096485 0.498745
0.75 0.10 1.105962 0.519051
0.75 0.15 1.123564 0.436102
0.75 0.20 1.259192 0.560771
0.75 0.25 1.197275 0.568400
0.75 0.30 1.122239 0.491800
0.75 0.35 1.150239 0.552789
0.75 0.40 1.145207 0.564389
0.75 0.45 1.084361 0.482650
0.75 0.50 1.196660 0.569973
0.75 0.55 1.128158 0.530715
0.75 0.60 1.117754 0.443618
0.75 0.65 1.044330 0.471211
0.75 0.70 1.109819 0.525122
0.75 0.75 1.089922 0.449051
0.75 0.80 1.094109 0.487200
0.75 0.85 1.150346 0.516674
0.75 0.90 1.134654 0.580420
0.75 0.95 1.104964 0.515794
0.75 1.00 1.113376 0.492396
0.80 0.05 1.135603 0.466225
0.80 0.10 1.164467 0.557709
0.80 0.15 1.144168 0.551509
0.80 0.20 1.157008 0.595360
0.80 0.25 1.092743 0.453875
0.80 0.30 1.103129 0.463872
0.80 0.35 1.189566 0.533671
0.80 0.40 1.108510 0.440168
0.80 0.45 1.110622 0.517454
0.80 0.50 1.191405 0.565454
0.80 0.55 1.125266 0.450368
0.80 0.60 1.154627 0.493262
0.80 0.65 1.133674 0.531610
0.80 0.70 1.165823 0.539524
0.80 0.75 1.095641 0.584812
0.80 0.80 1.131405 0.546400
0.80 0.85 1.187676 0.587099
0.80 0.90 1.063474 0.492084
0.80 0.95 1.113576 0.432209
0.80 1.00 1.119307 0.551194
0.85 0.05 1.057260 0.398874
0.85 0.10 1.085316 0.500005
0.85 0.15 1.039742 0.496133
0.85 0.20 1.104280 0.525285
0.85 0.25 1.102554 0.479874
0.85 0.30 1.107116 0.489645
0.85 0.35 1.095786 0.489602
0.85 0.40 1.117427 0.540592
0.85 0.45 1.116019 0.419271
0.85 0.50 1.034959 0.491085
0.85 0.55 1.112789 0.592281
0.85 0.60 1.059293 0.593108
0.85 0.65 1.110243 0.499414
0.85 0.70 1.180627 0.544670
0.85 0.75 1.069876 0.498568
0.85 0.80 1.035219 0.433778
0.85 0.85 1.136809 0.467543
0.85 0.90 1.144034 0.426317
0.85 0.95 1.061750 0.460436
0.85 1.00 1.122966 0.484323
0.90 0.05 1.147806 0.518633
0.90 0.10 1.090720 0.546307
0.90 0.15 1.109774 0.488795
0.90 0.20 1.080579 0.482001
0.90 0.25 1.094495 0.470497
0.90 0.30 1.111978 0.479664
0.90 0.35 1.036658 0.445022
0.90 0.40 1.198603 0.571412
0.90 0.45 1.052949 0.470778
0.90 0.50 1.150196 0.543866
0.90 0.55 1.074766 0.477183
0.90 0.60 1.088660 0.483620
0.90 0.65 1.137223 0.507369
0.90 0.70 1.146433 0.569650
0.90 0.75 1.093950 0.530560
0.90 0.80 1.085420 0.430138
0.90 0.85 1.051100 0.480279
0.90 0.90 1.127126 0.497430
0.90 0.95 1.110739 0.494084
0.90 1.00 1.030884 0.518676
0.95 0.05 1.110815 0.413745
0.95 0.10 1.137090 0.570689
0.95 0.15 1.096096 0.476122
0.95 0.20 1.039623 0.339992
0.95 0.25 1.123868 0.540704
0.95 0.30 1.106572 0.483721
0.95 0.35 1.081581 0.607146
0.95 0.40 1.163366 0.556480
0.95 0.45 1.084026 0.501750
0.95 0.50 1.048494 0.505775
0.95 0.55 1.087452 0.495336
0.95 0.60 1.024398 0.496636
0.95 0.65 1.149045 0.560409
0.95 0.70 1.189862 0.541660
0.95 0.75 1.138745 0.466065
0.95 0.80 1.074540 0.449447
0.95 0.85 1.159894 0.508997
0.95 0.90 1.144508 0.500180
0.95 0.95 1.117986 0.495706
0.95 1.00 1.113758 0.522107
1.00 0.05 0.967531 0.427006
1.00 0.10 1.113269 0.494676
1.00 0.15 1.054800 0.488461
1.00 0.20 1.004733 0.492129
1.00 0.25 1.127610 0.516520
1.00 0.30 1.071424 0.508998
1.00 0.35 1.002563 0.433350
1.00 0.40 1.125783 0.495109
1.00 0.45 1.135654 0.547081
1.00 0.50 1.048804 0.534868
1.00 0.55 1.114080 0.544938
1.00 0.60 1.137150 0.536496
1.00 0.65 1.068864 0.503006
1.00 0.70 1.196341 0.605553
1.00 0.75 1.159101 0.466489
1.00 0.80 1.137623 0.488674
1.00 0.85 1.207108 0.505807
1.00 0.90 1.106320 0.499584
1.00 0.95 1.103559 0.499870
1.00 1.00 1.097460 0.554882