
0.1 0.1 1.1200006 0.543811
0.1 0.1 1.1677929 0.5311995
0.1 0.1 1.1244755 0.49795264
0.1 0.1 1.1499093 0.49523726
0.1 0.1 1.1500127 0.5006955
0.1 0.1 1.1585426 0.49343497
0.1 0.1 1.1327279 0.5026209
0.1 0.1 1.1272211 0.5011418
0.1 0.1 1.1223333 0.51185113
0.1 0.1 1.1066946 0.4931334
0.1 0.1 1.152682 0.5790408
0.1 0.1 1.1447024 0.52105117
0.1 0.1 1.0991917 0.47946736
0.1 0.1 1.1484575 0.48344895
0.1 0.1 1.1281694 0.48653316
0.1 0.1 1.1667594 0.5158002
0.1 0.1 1.1363358 0.48139897
0.1 0.1 1.1492372 0.48741078
0.1 0.1 1.1453458 0.47334412
0.1 0.1 1.1187696 0.47057462
0.1 0.1 1.1555353 0.55853903
0.1 0.1 1.1635311 0.5119832
0.1 0.1 1.1391373 0.53524685
0.1 0.1 1.1547852 0.52138335
0.1 0.1 1.1576152 0.4639507
0.1 0.1 1.1396052 0.54908144
0.1 0.1 1.1486342 0.491001
0.1 0.1 1.1631125 0.4827757
0.1 0.1 1.1622726 0.47192106
0.1 0.1 1.1139578 0.54260755
0.1 0.1 1.1397444 0.5110183
0.1 0.1 1.1429639 0.51002765
0.1 0.1 1.1260182 0.46077466
0.1 0.1 1.1473491 0.5725247
0.1 0.1 1.1659986 0.5337505
0.1 0.1 1.152447 0.5300095
0.1 0.1 1.1811845 0.52805144
0.1 0.1 1.1352428 0.49409872
0.1 0.1 1.1452157 0.49670357
0.1 0.1 1.1188848 0.44021165
0.1 0.1 1.1581919 0.53121483
0.1 0.1 1.124945 0.49348933
0.1 0.1 1.1572244 0.5745441
0.1 0.1 1.1529032 0.5452504
0.1 0.1 1.1595991 0.54252553
0.1 0.1 1.130668 0.5109211
0.1 0.1 1.1243387 0.5214254
0.1 0.1 1.1499072 0.54014724
0.1 0.1 1.0965955 0.49652168
0.1 0.1 1.1502228 0.49471676
0.1 0.1 1.1517837 0.48203245
0.1 0.1 1.115289 0.45859456
0.1 0.1 1.1273174 0.47082216
0.1 0.1 1.1626614 0.53735584
0.1 0.1 1.1351088 0.49906754
0.1 0.1 1.1566741 0.54865295
0.1 0.1 1.0992706 0.49036303
0.1 0.1 1.1152742 0.49632958
0.1 0.1 1.140769 0.49758175
0.1 0.1 1.1422923 0.49725518
0.1 0.1 1.167656 0.5209633
0.1 0.1 1.1445941 0.554016
0.1 0.1 1.161904 0.51367146
0.1 0.1 1.159488 0.5275892
0.1 0.1 1.1067876 0.51035255
0.1 0.1 1.0845196 0.42202243
0.1 0.1 1.1415582 0.5245597
0.1 0.1 1.177804 0.54896706
0.1 0.1 1.0998328 0.4875983
0.1 0.1 1.1010411 0.5113066
0.1 0.1 1.121998 0.50218505
0.1 0.1 1.1220214 0.5564751
0.1 0.1 1.133268 0.47187155
0.1 0.1 1.1313064 0.51215327
0.1 0.1 1.1351354 0.5290985
0.1 0.1 1.1211866 0.5011433
0.1 0.1 1.142031 0.5232747
0.1 0.1 1.0955575 0.46327376
0.1 0.1 1.1331046 0.46095526
0.1 0.1 1.1410654 0.49909967
0.1 0.1 1.1342366 0.5281942
0.1 0.1 1.1600606 0.48196396
0.1 0.1 1.1721666 0.5406667
0.1 0.1 1.1270756 0.48952
0.1 0.1 1.1120062 0.49820325
0.1 0.1 1.1695715 0.5232304
0.1 0.1 1.1622921 0.4817265
0.1 0.1 1.1438156 0.46510372
0.1 0.1 1.1392031 0.4771971
0.1 0.1 1.0892389 0.45996562
0.1 0.1 1.1352588 0.5256373
0.1 0.1 1.1049638 0.431547
0.1 0.1 1.1379156 0.4914606
0.1 0.1 1.0917226 0.52360743
0.1 0.1 1.159399 0.51689
0.1 0.1 1.1673477 0.52730775
0.1 0.1 1.1539221 0.50623614
0.1 0.1 1.1580778 0.51584965
0.1 0.1 1.1483468 0.5143939
0.1 0.1 1.1371199 0.55200934
0.1 0.1 1.12134 0.50042456
0.1 0.1 1.1391747 0.48980156
0.1 0.1 1.1239929 0.4887103
0.1 0.1 1.1719984 0.5653726
0.1 0.1 1.1432152 0.5395884
0.1 0.1 1.1869376 0.5697609
0.1 0.1 1.1280155 0.50234205
0.1 0.1 1.1760752 0.5300016
0.1 0.1 1.1451088 0.51042646
0.1 0.1 1.1344627 0.4860896
0.1 0.1 1.162271 0.47826412
0.1 0.1 1.1524929 0.52309245
0.1 0.1 1.122318 0.5387916
0.1 0.1 1.1361746 0.49313876
0.1 0.1 1.1336048 0.49021444
0.1 0.1 1.1436905 0.5314113
0.1 0.1 1.112592 0.5044043
0.1 0.1 1.1621921 0.48859617
0.1 0.1 1.1218108 0.4853564
0.1 0.1 1.1113352 0.4880729
0.1 0.1 1.1352246 0.49575624
0.1 0.1 1.1503508 0.4768115
0.1 0.1 1.1027794 0.47430825
0.1 0.1 1.1525385 0.46629572
0.1 0.1 1.1697043 0.53239745
0.1 0.1 1.0801141 0.4217726
0.1 0.1 1.0968945 0.49135458
0.1 0.1 1.133617 0.50057936
0.1 0.1 1.1130677 0.50778437
0.1 0.1 1.1300738 0.47625557
0.1 0.1 1.1601281 0.5214757
0.1 0.1 1.1721752 0.52923563
0.1 0.1 1.1147286 0.47612363
0.1 0.1 1.1459334 0.5090304
0.1 0.1 1.1449488 0.5558128
0.1 0.1 1.11715 0.47079718
0.1 0.1 1.1047164 0.45721066
0.1 0.1 1.141494 0.4804057
0.1 0.1 1.1217861 0.48200208
0.1 0.1 1.1543382 0.52643335
0.1 0.1 1.141697 0.50392616
0.1 0.1 1.1231306 0.49234098
0.1 0.1 1.1016034 0.4487571
0.1 0.1 1.1744988 0.5010888
0.1 0.1 1.145655 0.50025046
0.1 0.1 1.1390861 0.5177074
0.1 0.1 1.1151083 0.5244915
0.1 0.1 1.1147311 0.5115829
0.1 0.1 1.1415403 0.49712738
0.1 0.1 1.1336708 0.48479986
0.1 0.1 1.1234947 0.51850426
0.1 0.1 1.1368043 0.49748853
0.1 0.1 1.1145269 0.44469574
0.1 0.1 1.1215334 0.524305
0.1 0.1 1.1639564 0.51378614
0.1 0.1 1.159755 0.51183134
0.1 0.1 1.0750314 0.46785298
0.1 0.1 1.157186 0.52952313
0.1 0.1 1.0943978 0.44251242
0.1 0.1 1.1141245 0.46334794
0.1 0.1 1.1485445 0.48374426
0.1 0.1 1.1271298 0.49723756
0.1 0.1 1.1468403 0.52213174
0.1 0.1 1.1742628 0.5078183
0.1 0.1 1.134422 0.5439621
0.1 0.1 1.1271658 0.4952723
0.1 0.1 1.1494558 0.49319145
0.1 0.1 1.173487 0.5206065
0.1 0.1 1.1869566 0.5363373
0.1 0.1 1.1012957 0.48751453
0.1 0.1 1.1212236 0.48841736
0.1 0.1 1.176463 0.5393583
0.1 0.1 1.132704 0.5129274
0.1 0.1 1.0884104 0.49461243
0.1 0.1 1.1546375 0.5428562
0.1 0.1 1.1065841 0.47842887
0.1 0.1 1.1239052 0.49634412
0.1 0.1 1.1407254 0.5364288
0.1 0.1 1.1676846 0.526068
0.1 0.1 1.0868967 0.44734874
0.1 0.1 1.1794426 0.5100844
0.1 0.1 1.1454716 0.49730086
0.1 0.1 1.1633062 0.5332906
0.1 0.1 1.1538717 0.51597697
0.1 0.1 1.1198304 0.52426034
0.1 0.1 1.1124617 0.4753364
0.1 0.1 1.1008697 0.47910368
0.1 0.1 1.1209996 0.50365764
0.1 0.1 1.1393001 0.5298954
0.1 0.1 1.1213849 0.5096569
0.1 0.1 1.1465485 0.50439906
0.1 0.1 1.1689243 0.48196393
0.1 0.1 1.1022195 0.4617789
0.1 0.1 1.1377405 0.530752
0.1 0.1 1.0965769 0.4580596
0.1 0.1 1.113256 0.4768528
0.1 0.1 1.1579758 0.49022505
0.1 0.1 1.1099777 0.4743118
0.1 0.1 1.1191893 0.50182533
0.1 0.1 1.1765416 0.5294639
0.1 0.1 1.1501539 0.5037065
0.1 0.1 1.1468872 0.5244106
0.1 0.1 1.1256263 0.48304063
0.1 0.1 1.1086757 0.50603336
0.1 0.1 1.177981 0.5181623
0.1 0.1 1.0909263 0.44034812
0.1 0.1 1.1245587 0.541644
0.1 0.1 1.1366642 0.46564883
0.1 0.1 1.1466147 0.48083007
0.1 0.1 1.1368101 0.46705088
0.1 0.1 1.1454331 0.5260843
0.1 0.1 1.1691554 0.49222416
0.1 0.1 1.1382128 0.5258258
0.1 0.1 1.1382015 0.5448246
0.1 0.1 1.1406195 0.46231207
0.1 0.1 1.133972 0.48417503
0.1 0.1 1.1201657 0.51946706
0.1 0.1 1.121686 0.48854953
0.1 0.1 1.1200881 0.49718237
0.1 0.1 1.1656929 0.547526
0.1 0.1 1.1609704 0.49570608
0.1 0.1 1.1060617 0.48676625
0.1 0.1 1.177425 0.5054731
0.1 0.1 1.1667643 0.52570856
0.1 0.1 1.1176763 0.4758218
0.1 0.1 1.1412854 0.4647667
0.1 0.1 1.1745682 0.53626126
0.1 0.1 1.1491349 0.50445896
0.1 0.1 1.164546 0.54637104
0.1 0.1 1.1376642 0.4765787
0.1 0.1 1.1512961 0.5360689
0.1 0.1 1.1481941 0.54153174
0.1 0.1 1.0786515 0.45828393
0.1 0.1 1.1144426 0.4692142
0.1 0.1 1.1380031 0.5462446
0.1 0.1 1.1079735 0.5226796
0.1 0.1 1.1030881 0.49897426
0.1 0.1 1.1142635 0.4714287
0.1 0.1 1.1301935 0.54003704
0.1 0.1 1.1550524 0.5346718
0.1 0.1 1.1643369 0.52467245
0.1 0.1 1.1098611 0.48251313
0.1 0.1 1.1015984 0.4641803
0.1 0.1 1.1320174 0.5018222
0.1 0.1 1.1435004 0.5140808
0.1 0.1 1.1260004 0.51215154
0.1 0.1 1.1209214 0.48420843
0.1 0.1 1.0874758 0.47951323
0.1 0.1 1.1583724 0.55471396
0.1 0.1 1.1234062 0.450083
0.1 0.1 1.1775575 0.54271233
0.1 0.1 1.191258 0.5484667
0.1 0.1 1.1130586 0.51936716
0.1 0.1 1.139143 0.55254835
0.1 0.1 1.1161951 0.5641754
0.1 0.1 1.1153662 0.5018456
0.1 0.1 1.1550496 0.5408378
0.1 0.1 1.1166441 0.4890752
0.1 0.1 1.1117288 0.4808537
0.1 0.1 1.1536996 0.5307443
0.1 0.1 1.1341231 0.5195313
0.1 0.1 1.1594455 0.5615836
0.1 0.1 1.123148 0.517505
0.1 0.1 1.1456499 0.5239823
0.1 0.1 1.101779 0.4846453
0.1 0.1 1.1021572 0.5068043
0.1 0.1 1.099385 0.48005542
0.1 0.1 1.1713264 0.54891646
0.1 0.1 1.1259394 0.46735713
0.1 0.1 1.1322043 0.4606557
0.1 0.1 1.1263144 0.5057355
0.1 0.1 1.1479565 0.52657264
0.1 0.1 1.1342742 0.45225642
0.1 0.1 1.1005119 0.5145001
0.1 0.1 1.164619 0.50163615
0.1 0.1 1.117935 0.46350452
0.1 0.1 1.1040576 0.487253
0.1 0.1 1.10819 0.4668794
0.1 0.1 1.1278036 0.47499958
0.1 0.1 1.1330712 0.5174211
0.1 0.1 1.141483 0.5348002
0.1 0.1 1.1239383 0.51047295
0.1 0.1 1.1471217 0.5005865
0.1 0.1 1.1454887 0.47700334
0.1 0.1 1.1498854 0.5414721
0.1 0.1 1.1604465 0.5311913
0.1 0.1 1.1277797 0.49905762
0.1 0.1 1.1391779 0.5229217
0.1 0.1 1.126621 0.50470376
0.1 0.1 1.0715053 0.46036667
0.1 0.1 1.1914346 0.5373711
0.1 0.1 1.134594 0.49938226
0.1 0.1 1.1173928 0.5064625
0.1 0.1 1.0674871 0.4711061
0.1 0.1 1.1260781 0.48211533
0.1 0.1 1.1552684 0.48785385
0.1 0.1 1.1341187 0.5302983
0.1 0.1 1.102398 0.4773466
0.1 0.1 1.1498398 0.5094169
0.1 0.1 1.1078217 0.49108857
0.1 0.1 1.146085 0.46262252
0.1 0.1 1.1203172 0.540362
0.1 0.1 1.134239 0.49071956
0.1 0.1 1.0925711 0.47136715
0.1 0.1 1.1559193 0.50557125
0.1 0.1 1.1375844 0.47153345
0.1 0.1 1.1258165 0.4847973
0.1 0.1 1.1315212 0.53010833
0.1 0.1 1.1621339 0.5371751
0.1 0.1 1.1159797 0.4968835
0.1 0.1 1.1516407 0.5217791
0.1 0.1 1.169851 0.51050526
0.1 0.1 1.129259 0.49344468
0.1 0.1 1.1483982 0.52287054
0.1 0.1 1.1058733 0.4649197
0.1 0.1 1.109319 0.48549116
0.1 0.1 1.148332 0.46149313
0.1 0.1 1.151303 0.48141232
0.1 0.1 1.1267056 0.5014481
0.1 0.1 1.1309578 0.49978516
0.1 0.1 1.1401507 0.5031144
0.1 0.1 1.1227908 0.4619168
0.1 0.1 1.1524403 0.5191049
0.1 0.1 1.160783 0.5393079
0.1 0.1 1.170605 0.53166926
0.1 0.1 1.1422778 0.481832
0.1 0.1 1.1398764 0.49075705
0.1 0.1 1.1718842 0.5112477
0.1 0.1 1.1422336 0.47521347
0.1 0.1 1.150513 0.5131677
0.1 0.1 1.1514584 0.48363578
0.1 0.1 1.1817935 0.5009218
0.1 0.1 1.1541073 0.47588262
0.1 0.1 1.1186432 0.50432163
0.1 0.1 1.1423887 0.5226193
0.1 0.1 1.1417725 0.49854338
0.1 0.1 1.1074716 0.47318426
0.1 0.1 1.1410199 0.5204391
0.1 0.1 1.0983016 0.47772622
0.1 0.1 1.158754 0.5452879
0.1 0.1 1.1344906 0.49272576
0.1 0.1 1.1522968 0.5007996
0.1 0.1 1.1454729 0.47845614
0.1 0.1 1.1179974 0.5258595
0.1 0.1 1.1509182 0.51105857
0.1 0.1 1.155669 0.5187965
0.1 0.1 1.1555073 0.5291149
0.1 0.1 1.1035283 0.4939571
0.1 0.1 1.1599106 0.57578295
0.1 0.1 1.1465514 0.52743405
0.1 0.1 1.2008188 0.5920357
0.1 0.1 1.1529622 0.5655242
0.1 0.1 1.1545382 0.49160898
0.1 0.1 1.1829399 0.57845694
0.1 0.1 1.1297876 0.50109273
0.1 0.1 1.1524279 0.48233974
0.1 0.1 1.1239986 0.47055733
0.1 0.1 1.1152396 0.48374045
0.1 0.1 1.1263263 0.49601105
0.1 0.1 1.0796883 0.45809898
0.1 0.1 1.120122 0.4890183
0.1 0.1 1.1300406 0.5052863
0.1 0.1 1.1315444 0.47851428
0.1 0.1 1.1185179 0.4570997
0.1 0.1 1.1044229 0.5025128
0.1 0.1 1.1437469 0.490552
0.1 0.1 1.1448637 0.49673915
0.1 0.1 1.1223189 0.4573738
0.1 0.1 1.1181424 0.4973167
0.1 0.1 1.1255965 0.50803727
0.1 0.1 1.1193548 0.5026404
0.1 0.1 1.0836359 0.506432
0.1 0.1 1.1564432 0.52217984
0.1 0.1 1.1318489 0.5146144
0.1 0.1 1.1777203 0.53067577
0.1 0.1 1.0925587 0.47357106
0.1 0.1 1.0969474 0.48507452
0.1 0.1 1.1733768 0.5119849
0.1 0.1 1.1313723 0.5087608
0.1 0.1 1.1139227 0.4901344
0.1 0.1 1.122986 0.53935283
0.1 0.1 1.15078 0.47278675
0.1 0.1 1.1471995 0.5479606
0.1 0.1 1.122041 0.4968949
0.1 0.1 1.0968583 0.47208974
0.1 0.1 1.1567818 0.5282619
0.1 0.1 1.0847844 0.45927534
0.1 0.1 1.1709943 0.4976485
0.1 0.1 1.1156902 0.4481143
0.1 0.1 1.1341935 0.4703655
0.1 0.1 1.1298748 0.50954646
0.1 0.1 1.1473093 0.5204833
0.1 0.1 1.1135341 0.4982855
0.1 0.1 1.1509011 0.5454154
0.1 0.1 1.1042655 0.4513129