lengthscale l2regularizer rmse_mean rmse_std

0.05 0.025 1.1717092 0.5715991
0.05 0.1 1.1523486 0.4539151
0.05 0.05 1.2349437 0.6108709
0.05 0.075 1.1014507 0.45908648
0.05 0.4 1.0812972 0.41503936
0.05 0.175 1.2100208 0.51891524
0.05 0.425 1.1925093 0.528006
0.05 0.45 1.2094269 0.5415465
0.05 0.2 1.1850498 0.4361312
0.05 0.225 1.1623266 0.5000137
0.05 0.125 1.1180394 0.50803745
0.05 0.15 1.0949374 0.4215852
0.05 0.25 1.0881547 0.46148744
0.05 0.275 1.1555192 0.4717708
0.05 0.35 1.1740415 0.44745663
0.05 0.3 1.144203 0.48366657
0.05 0.325 1.2012228 0.48586607
0.05 0.375 1.1986328 0.60772014
0.05 0.475 1.1448553 0.51351357
0.05 0.65 1.1551974 0.49312663
0.05 0.525 1.1371915 0.5182055
0.05 0.7 1.1215514 0.46888778
0.05 0.55 1.1278384 0.4820744
0.05 0.575 1.2061224 0.5859148
0.05 0.725 1.1447356 0.5455629
0.05 0.625 1.1787841 0.60045165
0.05 0.5 1.1154039 0.5561315
0.05 0.75 1.2123467 0.54878896
0.05 0.95 1.0811608 0.403749
0.05 1.0 1.1419177 0.56392556
0.05 0.8 1.1390423 0.537061
0.05 0.975 1.1277401 0.57307845
0.05 0.775 1.1338106 0.46866775
0.075 0.125 1.1970813 0.5380714
0.05 0.875 1.1421512 0.5121904
0.05 0.85 1.1382344 0.44126657
0.05 0.825 1.1402081 0.4961529
0.05 0.9 1.0818979 0.45696834
0.075 0.175 1.1891629 0.55717456
0.075 0.025 1.1762902 0.5896487
0.075 0.225 1.1668646 0.42708382
0.075 0.2 1.1722924 0.53683287
0.075 0.25 1.142315 0.45311186
0.075 0.15 1.276449 0.70474756
0.075 0.45 1.2242734 0.6065236
0.075 0.275 1.2473456 0.6330386
0.075 0.3 1.2114912 0.51013374
0.075 0.625 1.1235986 0.4669602
0.075 0.325 1.1057371 0.5240787
0.075 0.725 1.1283181 0.55252117
0.075 0.65 1.1727412 0.48479235
0.075 0.75 1.0655644 0.5036317
0.075 0.825 1.1678565 0.6212714
0.075 0.675 1.1778432 0.52716666
0.075 0.5 1.2518194 0.5014546
0.075 0.85 1.1712618 0.5544258
0.075 0.925 1.0811023 0.44314143
0.075 0.875 1.1101949 0.5568285
0.075 0.9 1.1458995 0.49234983
0.075 0.7 1.1313231 0.60859287
0.075 0.525 1.1318791 0.50447565
0.075 0.575 1.1540576 0.6174656
0.075 0.975 1.0734333 0.44845012
0.075 0.55 1.1262354 0.43396598
0.075 0.6 1.2184243 0.55299133
0.075 1.0 1.209266 0.631645
0.1 0.025 1.0129677 0.4436005
0.1 0.3 1.1644973 0.58105856
0.075 0.775 1.1214116 0.49988642
0.075 0.8 1.1793317 0.55569404
0.1 0.05 1.1769907 0.5160857
0.1 0.475 1.095259 0.40523618
0.1 0.125 1.2308718 0.60941356
0.1 0.075 1.2962089 0.6227287
0.1 0.1 1.1082728 0.45681262
0.1 0.15 1.1879393 0.59702057
0.1 0.175 1.1395392 0.5908986
0.1 0.2 1.1213813 0.42883137
0.1 0.225 1.182817 0.57045925
0.1 0.5 1.1056515 0.46024507
0.1 0.55 1.1356609 0.47156256
0.075 0.95 1.2138113 0.5707529
0.1 0.45 1.0723752 0.44260827
0.1 0.425 1.113698 0.48293617
0.1 0.325 1.1865157 0.5811034
0.1 0.65 1.1905782 0.57165307
0.1 0.35 1.0366422 0.46009487
0.1 0.4 1.1932898 0.5278814
0.1 0.375 1.1826316 0.5315477
0.1 0.8 1.1520054 0.46778995
0.1 0.575 1.0735477 0.514458
0.1 1.0 1.0775377 0.3925222
0.1 0.725 1.2229123 0.49661297
0.1 0.675 1.112675 0.43316394
0.1 0.525 1.1684504 0.49984324
0.1 0.6 1.2092979 0.52337253
0.125 0.125 1.1738605 0.5055254
0.1 0.925 1.165946 0.5540595
0.1 0.625 1.1416485 0.6165547
0.125 0.1 1.1451542 0.53333867
0.1 0.7 1.1143105 0.5384484
0.125 0.325 1.2133818 0.61986536
0.125 0.075 1.1578954 0.4998553
0.1 0.95 1.1387056 0.5175159
0.1 0.975 1.1649425 0.59396666
0.125 0.4 1.1927044 0.5432537
0.125 0.025 1.077709 0.5239133
0.1 0.875 1.153031 0.54589283
0.1 0.825 1.1602701 0.47072592
0.1 0.85 1.154598 0.596559
0.1 0.9 1.1221808 0.5627495
0.125 0.25 1.1239333 0.46312183
0.125 0.675 1.1446064 0.54013926
0.125 0.525 1.2954721 0.57928056
0.125 0.925 1.1620748 0.58686876
0.125 0.55 1.1865088 0.59556687
0.125 0.6 1.1060603 0.48783374
0.125 0.575 1.2299659 0.5715634
0.125 0.7 1.1932824 0.46295053
0.125 0.725 1.2806728 0.68400025
0.125 0.425 1.1990141 0.45657447
0.125 0.15 1.0943725 0.4596722
0.125 0.45 1.1993493 0.56824833
0.125 0.5 1.1880873 0.49810478
0.125 0.475 1.1477664 0.5050909
0.125 0.95 1.1864797 0.5974458
0.15 0.275 1.0382841 0.45367998
0.15 0.35 1.1314129 0.5677935
0.15 0.1 1.0970252 0.4557909
0.125 0.9 1.1361742 0.42443016
0.125 0.875 1.1757004 0.434671
0.125 0.8 1.1257023 0.45420966
0.125 0.825 1.2377851 0.5411878
0.125 0.85 1.1938217 0.52657753
0.15 0.6 1.1811751 0.5332473
0.15 0.75 1.0948431 0.45677802
0.125 0.75 1.1490428 0.44883975
0.15 0.525 1.1459043 0.5817768
0.15 0.05 1.1416941 0.46362102
0.15 0.025 1.3299309 0.6629549
0.125 0.775 1.1186106 0.46306387
0.15 0.3 1.038252 0.46649373
0.15 0.325 1.1020234 0.4928503
0.15 0.625 1.1217875 0.49737555
0.15 0.725 1.159846 0.5180716
0.15 0.225 1.1449416 0.4492046
0.15 0.25 1.1565374 0.5982941
0.15 0.7 1.1374502 0.46991166
0.15 0.675 1.1271842 0.56558293
0.15 0.65 1.132329 0.4903346
0.15 0.775 1.0867443 0.5535073
0.15 0.175 1.1472577 0.5245303
0.15 0.475 1.08753 0.4776791
0.15 0.8 1.1324083 0.43675596
0.15 0.425 1.0956408 0.48211765
0.15 0.4 1.2594587 0.4986281
0.15 0.375 1.1568478 0.60042673
0.175 0.125 1.1198921 0.45567995
0.15 0.45 1.1694586 0.5107968
0.15 0.5 1.2682813 0.67581224
0.15 0.85 1.1375587 0.49266443
0.175 0.325 1.1374283 0.6122257
0.15 0.875 1.1753632 0.518144
0.175 0.35 1.1024398 0.410239
0.15 0.925 1.166257 0.582545
0.175 0.075 1.2461833 0.5975269
0.175 0.25 1.134268 0.50818604
0.15 0.975 1.1256446 0.5349881
0.15 1.0 1.0992966 0.46481293
0.175 0.05 1.2015254 0.61413455
0.175 0.025 1.0854785 0.46572775
0.175 0.2 1.1567417 0.5105962
0.15 0.9 1.1489832 0.549899
0.175 0.225 1.0914739 0.5029671
0.175 0.425 1.123598 0.52255297
0.175 0.1 1.0443511 0.4593445
0.175 0.4 1.2579118 0.63410616
0.175 0.475 1.164891 0.55679095
0.175 0.275 1.0846441 0.51504433
0.175 0.7 1.1137562 0.46702012
0.175 0.375 1.0859832 0.5095692
0.175 0.775 1.1345539 0.45373285
0.175 0.3 1.1471314 0.51063454
0.175 0.575 1.1876569 0.49242112
0.175 0.6 1.1039994 0.5016662
0.175 0.85 1.1646135 0.55221814
0.175 0.725 1.1473354 0.5349685
0.175 0.45 1.0705276 0.39274696
0.175 0.9 1.2223667 0.59644926
0.175 0.875 1.1176455 0.44434154
0.175 0.8 1.1525958 0.45625976
0.175 0.65 1.184614 0.5945942
0.175 0.625 1.127319 0.53207856
0.175 0.925 1.0717976 0.50977176
0.2 0.35 1.1943309 0.5410846
0.2 0.375 1.0213997 0.34061277
0.175 0.75 1.092076 0.46401703
0.175 1.0 1.1194768 0.44043565
0.175 0.825 1.123658 0.4453329
0.2 0.25 1.1141059 0.5911478
0.2 0.1 1.2037503 0.63861036
0.2 0.575 1.1907964 0.59974706
0.2 0.075 1.107296 0.49196556
0.175 0.95 1.2354039 0.5161068
0.2 0.05 1.0222998 0.44281507
0.2 0.025 1.1456969 0.43952605
0.2 0.15 1.1351383 0.55780864
0.2 0.55 1.1063726 0.4357519
0.2 0.625 1.2003044 0.51960015
0.2 0.125 1.2354125 0.6069013
0.2 0.275 1.218391 0.5969235
0.2 0.3 1.1503807 0.5738407
0.2 0.175 1.148041 0.5374942
0.2 0.2 1.0008614 0.4458165
0.2 0.325 1.045676 0.49063954
0.2 0.6 1.1509869 0.503989
0.2 0.225 1.1707596 0.62664855
0.2 0.85 1.1213914 0.46893984
0.2 0.675 1.1719679 0.60453653
0.2 0.5 1.2514036 0.59373087
0.2 0.525 1.1298871 0.544347
0.2 0.45 1.1808138 0.4786535
0.2 0.95 1.212965 0.58915913
0.2 0.4 1.1195732 0.43605015
0.2 0.425 1.1375599 0.47728217
0.2 0.475 1.0664136 0.38380113
0.2 0.725 1.0819365 0.48803565
0.225 0.025 1.1408905 0.5342567
0.2 0.875 1.1730748 0.4201211
0.2 0.925 1.0682434 0.5116095
0.2 0.65 1.1399381 0.5026689
0.225 0.55 1.1361178 0.5884253
0.2 0.775 1.1376208 0.40923578
0.225 0.15 1.1757597 0.5866675
0.2 0.8 1.1635771 0.4942685
0.2 0.75 1.1480027 0.43159363
0.225 0.275 1.1531708 0.56144774
0.225 0.725 1.0798737 0.44507903
0.2 0.975 1.0748291 0.40289983
0.225 0.525 1.1840407 0.5587428
0.225 0.45 1.0901548 0.47489253
0.225 0.225 1.0906513 0.44312567
0.225 0.125 1.191136 0.4916119
0.225 0.2 1.1708629 0.57195884
0.225 0.175 1.2198725 0.56836647
0.225 0.875 1.1961141 0.5567497
0.225 0.325 1.1093647 0.5398694
0.225 0.4 1.1309804 0.53909326
0.225 0.675 1.1660814 0.6520714
0.225 0.425 1.0731468 0.5060168
0.225 0.35 1.1867298 0.5626666
0.225 0.375 1.200014 0.53407884
0.225 0.25 1.1711165 0.5455311
0.225 0.85 1.1810201 0.47163096
0.225 0.625 1.1475317 0.5746395
0.225 0.475 1.0510663 0.4954008
0.225 0.65 1.0927305 0.47738042
0.225 0.5 1.1631317 0.473809
0.225 0.9 1.1480451 0.48726907
0.25 0.1 1.1515335 0.6313233
0.225 0.575 1.2059536 0.5974673
0.225 0.6 1.1425775 0.53285736
0.225 0.7 1.1915447 0.43764195
0.25 0.6 1.1033465 0.44323084
0.225 0.825 1.1029028 0.5866618
0.225 0.8 1.1403546 0.5275198
0.225 0.775 1.1579441 0.5262016
0.225 0.75 1.2021667 0.6104455
0.25 0.85 1.1790292 0.5371566
0.25 0.35 1.137667 0.57203573
0.25 0.525 1.1604096 0.42642105
0.25 0.125 1.1403567 0.608629
0.25 0.475 1.0683403 0.5271282
0.25 0.3 1.1108248 0.5004179
0.25 0.325 1.1623464 0.56300366
0.25 0.5 1.1284933 0.5038564
0.25 0.75 1.1092713 0.45786142
0.25 0.775 0.98359203 0.44656086
0.25 0.7 1.0936258 0.4139181
0.25 0.725 1.140053 0.615424
0.25 0.625 1.1362879 0.43124053
0.225 0.95 1.112077 0.40172142
0.275 0.275 1.2045017 0.5618476
0.275 0.025 1.0885222 0.4759573
0.225 0.975 1.1477172 0.5103904
0.25 0.9 1.1322662 0.53134125
0.25 1.0 1.1463964 0.52177584
0.275 0.4 1.1023067 0.5258112
0.25 0.25 1.0582631 0.50982267
0.25 0.275 1.180958 0.5147623
0.25 0.225 1.154417 0.521649
0.25 0.975 1.1397059 0.53990036
0.25 0.8 1.1756222 0.52769524
0.25 0.95 1.1281333 0.45840898
0.275 0.2 1.1218827 0.37581527
0.25 0.825 1.181089 0.6313919
0.25 0.675 1.1318648 0.5331162
0.275 0.5 1.1578853 0.48157176
0.275 0.05 1.1578805 0.5968351
0.25 0.65 1.1256144 0.5280512
0.275 0.525 1.1376646 0.5255464
0.275 0.125 1.1459272 0.5016018
0.275 0.15 1.0382191 0.43561044
0.25 0.875 1.1158136 0.5662042
0.275 0.225 1.2363689 0.5360914
0.275 0.25 1.148524 0.53879035
0.275 0.725 1.0718066 0.4779687
0.275 0.8 1.1127385 0.5176605
0.275 0.7 1.190702 0.6012092
0.275 0.675 1.2059352 0.6129456
0.275 0.775 1.0510423 0.52840513
0.275 0.325 1.2001812 0.53925526
0.275 0.3 1.1773612 0.5091562
0.275 0.75 1.1283444 0.43807575
0.275 0.35 1.1596797 0.50923926
0.275 0.975 1.190223 0.49099237
0.275 0.375 1.1617305 0.44031265
0.275 0.175 1.1492915 0.5330183
0.275 0.85 1.1783158 0.555721
0.3 0.1 1.187958 0.42289713
0.275 0.825 1.17805 0.53983986
0.275 0.55 1.0975556 0.5818832
0.275 0.45 1.0920365 0.51016766
0.275 0.425 1.0603317 0.42242378
0.275 0.875 1.1234087 0.5036716
0.275 0.475 1.16026 0.46872947
0.275 0.9 1.1897279 0.5321346
0.3 0.6 1.1181719 0.5847866
0.3 0.05 1.0602243 0.49551943
0.275 0.925 1.0795472 0.46108317
0.3 0.025 1.1833924 0.6706615
0.275 0.65 1.2068964 0.50539476
0.275 0.625 1.1243085 0.4683318
0.275 0.575 1.188913 0.55521363
0.3 0.125 1.1027309 0.5731363
0.3 0.9 1.153896 0.5395858
0.275 0.6 1.0763824 0.500563
0.3 0.25 1.160654 0.52981025
0.3 0.3 1.1284167 0.45606363
0.3 0.975 1.1491501 0.5028947
0.3 0.7 1.1754194 0.44204375
0.325 0.65 1.0459445 0.48309103
0.275 0.95 1.0788478 0.44226214
0.325 0.975 1.2080739 0.5431658
0.3 1.0 1.2167884 0.57062715
0.3 0.375 1.1193173 0.5266895
0.3 0.8 1.089017 0.5645204
0.275 1.0 1.107733 0.5194923
0.325 0.1 1.0352546 0.48738924
0.3 0.275 1.1278175 0.44848198
0.325 0.2 1.0967038 0.51847774
0.325 0.15 1.0879128 0.43453744
0.3 0.35 1.2645004 0.62963754
0.325 0.125 1.1294879 0.5085408
0.325 0.175 1.0858396 0.5346728
0.3 0.15 1.1626345 0.59531033
0.3 0.95 1.1266956 0.4665163
0.3 0.45 1.0534573 0.4847915
0.325 0.325 1.1784723 0.5201671
0.3 0.2 1.1389892 0.56751966
0.325 0.45 1.1566917 0.5833667
0.35 0.1 1.1007813 0.45201048
0.325 0.275 1.0847347 0.5230998
0.325 0.25 1.0241147 0.4162659
0.3 0.225 1.0502074 0.4232253
0.3 0.175 1.2500623 0.51211154
0.3 0.575 1.1662463 0.43936947
0.3 0.65 1.0234807 0.53497845
0.3 0.4 1.1663325 0.5306705
0.3 0.85 1.1055349 0.44527355
0.3 0.675 1.0863492 0.44852778
0.3 0.875 1.1090796 0.45112064
0.35 0.025 1.1002033 0.47809792
0.325 1.0 1.1546417 0.51022005
0.325 0.95 1.1794854 0.5410523
0.3 0.425 1.07734 0.48637632
0.35 0.55 1.138524 0.43685183
0.3 0.625 1.1711968 0.5422912
0.3 0.925 1.0939388 0.5200917
0.3 0.775 1.0850396 0.47837204
0.325 0.5 1.12863 0.517572
0.35 0.875 1.0745237 0.46886602
0.35 0.05 1.2805952 0.67394733
0.35 0.125 1.1168437 0.48280558
0.35 0.175 1.1126212 0.47829586
0.325 0.6 1.1657394 0.57493603
0.35 0.15 1.1764615 0.57804507
0.35 0.325 1.1057013 0.49454656
0.325 0.625 1.1699698 0.42481962
0.325 0.8 1.1287292 0.5298097
0.325 0.075 1.0593452 0.5203713
0.375 0.025 1.1463004 0.60573435
0.35 0.375 1.1609728 0.6071401
0.3 0.825 1.1242666 0.44738176
0.325 0.3 1.0704277 0.46569473
0.35 0.425 1.1566192 0.5179766
0.325 0.475 1.1963469 0.48676997
0.325 0.675 1.0998064 0.5527355
0.375 0.225 1.1048714 0.5138627
0.325 0.7 1.2467618 0.5814313
0.325 0.575 1.0522099 0.4531172
0.325 0.525 1.1525844 0.43744612
0.325 0.725 1.0476593 0.4352169
0.35 0.4 1.1560724 0.535681
0.325 0.55 1.1464087 0.5259834
0.325 0.75 1.131717 0.4492557
0.35 0.075 1.221791 0.6234229
0.35 0.475 1.1533163 0.4469092
0.35 0.45 1.1601336 0.5747521
0.35 0.525 1.1314868 0.45908102
0.35 0.8 1.1702563 0.53067476
0.325 0.425 1.1824577 0.6075986
0.325 0.375 1.237075 0.52530444
0.35 0.775 1.1376165 0.49443862
0.325 0.35 1.2023346 0.45562214
0.325 0.775 1.1534034 0.56096065
0.35 0.65 1.020116 0.46518874
0.325 0.4 1.1781948 0.5295855
0.35 0.75 1.1543068 0.54758114
0.35 0.575 1.1586063 0.53368217
0.4 0.225 1.1389426 0.5539266
0.375 0.2 1.068792 0.5038842
0.35 0.225 1.1737508 0.48320013
0.375 0.05 1.1109695 0.5378486
0.35 0.2 1.1146342 0.4659003
0.375 0.275 1.1591834 0.60322684
0.35 0.25 1.0631113 0.5055587
0.375 0.975 1.1947751 0.5497609
0.35 0.725 1.0873778 0.4271172
0.375 0.375 1.15147 0.5228172
0.375 0.425 1.0218309 0.42363775
0.375 0.3 1.1754615 0.46775225
0.375 0.35 1.1651366 0.58980614
0.375 1.0 1.1361183 0.46064115
0.425 0.05 1.1030353 0.4783549
0.375 0.45 1.191486 0.5662083
0.375 0.825 1.1388843 0.541208
0.35 0.6 1.1457496 0.53283757
0.375 0.775 1.1347425 0.47189507
0.4 0.5 1.0586135 0.5275846
0.4 0.45 1.1445264 0.5291795
0.375 0.75 1.0958378 0.48545787
0.4 0.175 1.0171446 0.44011596
0.4 0.55 1.1684573 0.5019765
0.4 0.625 1.1646 0.5059162
0.425 0.225 1.1381565 0.46835268
0.4 0.35 1.1915171 0.6086733
0.4 0.075 1.1620787 0.4663195
0.4 0.775 1.2399933 0.5880912
0.35 0.7 1.1550751 0.5357881
0.4 0.4 1.0946052 0.4407302
0.4 0.475 1.0422537 0.54346144
0.4 0.325 1.094037 0.54445314
0.4 0.525 1.1633089 0.46203202
0.4 0.575 1.0614042 0.547015
0.4 0.65 1.1816303 0.4931458
0.375 0.85 1.1709478 0.5868944
0.4 0.375 1.1385503 0.4901127
0.35 0.675 1.261815 0.58936733
0.35 0.625 1.1748221 0.5426309
0.4 0.725 1.096621 0.4832623
0.375 0.4 1.1797764 0.5413213
0.4 0.425 1.0897608 0.6500566
0.4 0.1 1.148803 0.4781289
0.35 0.95 1.115819 0.4997926
0.35 0.9 1.1287891 0.5434295
0.35 0.925 1.1283344 0.47380283
0.425 0.075 1.1466534 0.4636009
0.4 0.925 1.0801109 0.52205914
0.425 0.975 0.98689044 0.44551894
0.4 0.875 1.2316289 0.60426337
0.4 0.95 1.1455286 0.5460595
0.425 0.5 1.1710703 0.5155851
0.375 0.325 1.1706096 0.511494
0.375 0.25 1.1922066 0.52282125
0.375 0.875 1.044275 0.46965325
0.425 0.025 1.20541 0.6253813
0.4 0.05 1.1679921 0.57676005
0.4 0.125 1.1664793 0.5713185
0.4 0.2 1.1719116 0.5154085
0.425 0.3 1.0796974 0.45244306
0.425 0.375 1.1646065 0.5020295
0.425 0.35 1.1565996 0.57609224
0.425 0.475 1.1289222 0.45304352
0.4 0.15 1.2163751 0.5677262
0.425 0.6 1.0954202 0.5149259
0.425 0.85 0.9941311 0.43113723
0.425 0.45 1.1489588 0.6650276
0.425 0.625 1.1226861 0.42726812
0.45 0.075 1.2200698 0.549872
0.45 0.05 1.1691247 0.5193818
0.425 0.325 1.1490341 0.50559545
0.4 0.275 1.1658186 0.60617334
0.425 0.275 1.0922797 0.493789
0.375 0.95 1.1687722 0.49980736
0.425 0.925 1.1877674 0.5228075
0.4 0.3 1.1567316 0.47209132
0.45 0.025 1.1602943 0.54103065
0.4 0.25 1.1495036 0.5076861
0.4 0.7 1.1630961 0.491368
0.4 0.85 1.0899249 0.5589493
0.45 0.25 1.0606774 0.4930969
0.4 1.0 1.1005538 0.5464505
0.4 0.025 1.1923666 0.60996425
0.425 0.7 1.0941185 0.5233301
0.4 0.675 1.1670047 0.57758266
0.45 0.3 1.0736675 0.40716752
0.4 0.9 1.0746737 0.48973233
0.425 0.95 1.2354741 0.5306648
0.45 0.65 1.2112036 0.53220916
0.45 0.325 1.1312958 0.4540438
0.45 0.5 1.125557 0.54849297
0.425 0.15 1.2026682 0.6465679
0.45 0.275 1.1087781 0.49000642
0.45 0.85 1.1480552 0.4987858
0.45 0.675 1.173357 0.51463294
0.425 0.4 1.120592 0.5485198
0.4 0.975 1.220417 0.53132606
0.45 0.7 1.150781 0.5321898
0.45 0.575 1.0897107 0.4790479
0.4 0.6 1.2483084 0.4732107
0.45 0.55 1.2005107 0.4883191
0.4 0.75 1.1565279 0.46847147
0.425 0.8 1.1954472 0.5351326
0.425 0.65 1.1017082 0.46972254
0.45 0.525 1.1687796 0.53251773
0.425 0.425 1.090441 0.51691705
0.425 0.675 1.1727718 0.51728207
0.425 0.125 1.2268872 0.5814381
0.45 0.6 1.2544746 0.5579934
0.425 0.25 1.1178949 0.5217758
0.425 0.575 1.0902485 0.492087
0.45 0.825 1.046859 0.47456563
0.5 0.05 1.1598704 0.5290163
0.5 0.025 1.1168308 0.56302464
0.425 0.1 1.2318027 0.52436846
0.425 0.55 1.1146114 0.50586903
0.5 0.9 1.0373404 0.437991
0.425 0.175 1.2174507 0.48696363
0.45 0.8 1.195132 0.5458864
0.425 0.875 1.153499 0.45875087
0.425 0.2 1.1836365 0.59620875
0.45 0.925 1.1248337 0.5117573
0.425 0.775 1.0665572 0.48212492
0.425 0.725 1.1388798 0.5449086
0.475 0.05 1.0971119 0.5108769
0.45 0.175 1.1240368 0.571387
0.425 0.75 1.1124871 0.47610682
0.475 0.125 1.1052898 0.47410223
0.45 0.15 1.0540671 0.46809742
0.525 0.35 1.1990241 0.45749342
0.45 0.975 1.0862734 0.47596663
0.475 0.075 1.0836375 0.49221796
0.425 0.9 1.2209404 0.5259303
0.45 1.0 1.1984695 0.5907117
0.475 0.1 1.0448778 0.5190532
0.475 0.025 1.0876814 0.4786451
0.425 0.525 1.046684 0.5274441
0.45 0.875 1.1835053 0.5841556
0.475 0.4 1.1392714 0.5393924
0.475 0.525 1.1648748 0.48982581
0.475 0.575 1.0766592 0.4888787
0.475 0.35 1.1603839 0.49906197
0.425 0.825 1.253183 0.6110284
0.475 0.15 1.1989521 0.47069106
0.475 0.375 1.0544839 0.48293003
0.475 0.6 1.1059172 0.6088095
0.45 0.375 1.088759 0.5295337
0.45 0.35 1.0364882 0.4733914
0.525 0.275 1.0391023 0.5108604
0.475 0.475 1.1523235 0.56986576
0.425 1.0 1.1705996 0.5789339
0.45 0.425 1.1672384 0.5754554
0.45 0.4 1.1104696 0.43057835
0.5 0.425 1.1649809 0.548327
0.475 0.7 1.155627 0.45856377
0.475 0.725 1.1617451 0.4889034
0.5 0.225 1.1634873 0.4733733
0.5 0.1 1.1999022 0.493833
0.5 0.375 1.12041 0.54283696
0.45 0.125 1.2358246 0.49803245
0.45 0.45 1.2359555 0.5685716
0.5 1.0 1.2687624 0.599154
0.5 0.85 1.1874717 0.5045399
0.45 0.1 1.1682919 0.46651775
0.45 0.225 1.2125801 0.57033545
0.5 0.525 1.0381892 0.4502211
0.45 0.475 1.0772655 0.5030762
0.475 0.25 1.1637046 0.5627979
0.45 0.9 1.1450987 0.49928534
0.5 0.7 1.2783465 0.64086294
0.525 0.025 1.0425544 0.4783809
0.475 0.775 1.1691538 0.46626496
0.5 0.25 1.1702914 0.61972785
0.5 0.95 1.0538623 0.4395412
0.5 0.875 1.1468968 0.54926986
0.525 0.175 1.1107612 0.53410083
0.525 0.05 1.0089338 0.4538341
0.5 0.975 1.2223094 0.52792114
0.525 0.15 1.2492155 0.63602376
0.45 0.625 1.1463023 0.47896856
0.525 0.1 1.1498436 0.4674901
0.525 0.125 1.1241802 0.46604213
0.475 0.175 1.2095597 0.5497493
0.525 0.475 1.1128035 0.46228924
0.525 0.725 1.0893768 0.5493692
0.5 0.8 1.1277893 0.5011594
0.5 0.65 1.0591818 0.5267741
0.525 0.325 1.0826516 0.46756577
0.525 0.3 1.0567226 0.53752345
0.525 0.5 1.1475217 0.5369597
0.475 0.75 1.012994 0.48335892
0.5 0.75 1.1463678 0.47495642
0.525 0.925 1.1092049 0.5002595
0.525 0.875 1.1365533 0.47533488
0.525 0.525 1.124232 0.5213533
0.55 0.325 1.1167433 0.5005449
0.55 0.025 1.0561683 0.4534634
0.475 0.85 1.1072273 0.43355334
0.5 0.125 1.165908 0.55234843
0.525 0.7 1.1243057 0.4607814
0.525 0.95 1.2789941 0.53226274
0.525 0.675 1.1110327 0.5203177
0.55 0.3 1.1862098 0.50424594
0.55 0.05 1.1099876 0.6839874
0.525 0.8 1.1488531 0.60273576
0.525 0.85 1.1594639 0.54804647
0.525 0.775 1.1990497 0.5816419
0.525 1.0 1.1256553 0.5144182
0.55 0.475 1.0929029 0.60248286
0.55 0.25 1.1060976 0.5108703
0.55 0.4 1.0656755 0.5627583
0.55 0.9 1.1351863 0.5749474
0.525 0.65 1.0792937 0.47543305
0.475 0.275 1.1271178 0.49336812
0.5 0.825 1.1458104 0.5094867
0.525 0.975 1.1060911 0.4727963
0.475 0.325 1.1022506 0.4583287
0.475 0.3 1.0884886 0.5161579
0.55 0.7 1.0946804 0.5322883
0.55 0.725 1.1332929 0.5648325
0.55 0.35 1.2055007 0.51501226
0.55 0.275 1.1002172 0.6229277
0.5 0.675 1.1828392 0.5611334
0.55 0.65 1.1011689 0.5471069
0.575 0.2 1.1387688 0.47548783
0.475 0.8 1.0757043 0.46899265
0.525 0.075 1.0555446 0.58090454
0.55 0.525 1.1493143 0.6026018
0.55 0.375 1.0856111 0.44162273
0.55 0.5 1.1518104 0.4754462
0.525 0.45 1.1043135 0.5341889
0.6 0.35 1.1544678 0.54361635
0.55 0.85 1.1308099 0.44621235
0.525 0.625 1.1352813 0.561494
0.6 0.325 1.143789 0.45741612
0.55 0.675 1.1807467 0.5408003
0.6 0.3 1.2057828 0.5690617
0.575 0.125 1.1077238 0.6125888
0.525 0.55 1.1690487 0.42361084
0.525 0.2 1.0397407 0.45930156
0.5 0.35 1.1856872 0.4778054
0.6 0.75 1.1234146 0.5100472
0.55 0.425 1.1910363 0.5658976
0.5 0.325 1.1735351 0.43351355
0.5 0.725 1.1436728 0.56479704
0.575 0.225 1.1321533 0.46787047
0.575 0.9 1.1364175 0.46184278
0.5 0.925 1.157768 0.63893515
0.575 0.325 1.0475475 0.50669837
0.575 0.175 1.0579807 0.46227142
0.525 0.825 1.1691618 0.524763
0.575 0.075 1.1875517 0.54846776
0.55 0.55 1.0554547 0.580446
0.525 0.9 1.0207286 0.41788274
0.575 0.8 1.1271156 0.46621165
0.575 0.825 1.2890408 0.72460234
0.55 0.925 1.0135806 0.43169647
0.575 0.5 1.1659234 0.57993805
0.55 0.225 1.1894355 0.6157424
0.575 0.85 1.1556212 0.4793355
0.575 0.7 1.103579 0.5054798
0.575 0.55 1.2357827 0.6762373
0.55 0.075 1.1361911 0.5233059
0.575 0.475 1.097952 0.54280686
0.575 0.45 0.99409074 0.39943883
0.575 0.725 1.2012479 0.67691875
0.525 0.425 1.1543114 0.5939678
0.575 0.6 1.1575595 0.57620186
0.525 0.4 1.1179326 0.4845225
0.525 0.375 1.2232035 0.54676837
0.525 0.75 1.1502551 0.58724654
0.575 0.925 1.1264322 0.46783847
0.625 0.075 1.1497681 0.5940157
0.6 0.075 1.2213043 0.5691934
0.575 0.65 1.1578697 0.607655
0.575 0.95 1.0546652 0.44276413
0.575 1.0 1.108683 0.5008091
0.525 0.6 1.1478455 0.50693727
0.55 0.575 1.1785625 0.56184906
0.6 0.275 1.1350139 0.5500961
0.6 0.4 1.2567352 0.66826826
0.6 0.05 1.3342645 0.63660777
0.55 0.625 1.1655667 0.475112
0.575 0.875 1.1431029 0.4818235
0.55 0.75 1.1329067 0.461969
0.575 0.525 1.1662351 0.57062256
0.6 0.475 1.2085679 0.5645068
0.575 0.275 1.1997516 0.6099291
0.6 0.85 1.2155662 0.58955544
0.575 0.375 1.116394 0.46771193
0.55 0.825 1.1488374 0.5055853
0.6 0.575 1.1428318 0.49117255
0.6 0.9 1.1126289 0.5732867
0.6 0.875 1.265551 0.57758987
0.6 0.55 1.0788013 0.5203888
0.6 0.425 1.0289298 0.4218424
0.575 0.15 1.1290311 0.6158104
0.6 0.25 1.0989358 0.4601597
0.6 0.7 1.1993434 0.47022784
0.625 0.025 1.1367217 0.5485033
0.6 0.725 1.1218531 0.44990474
0.6 0.8 1.1713707 0.5391632
0.6 0.775 1.1858727 0.6157539
0.625 0.125 1.1216022 0.63267225
0.6 0.675 1.1631349 0.48636383
0.6 0.825 1.1897156 0.5641697
0.6 0.925 1.1316352 0.49079618
0.6 0.65 1.1170309 0.47268012
0.6 1.0 1.1230633 0.52395195
0.6 0.975 1.052108 0.4893861
0.625 0.15 1.0618593 0.620908
0.55 1.0 1.1239257 0.51367474
0.575 0.05 1.2325304 0.6588028
0.55 0.6 1.1046462 0.5409492
0.575 0.625 1.2457777 0.6219743
0.575 0.35 1.089111 0.53623563
0.625 0.05 1.2886975 0.6164127
0.575 0.75 1.2516301 0.59390295
0.625 0.1 1.0890194 0.48597437
0.575 0.775 1.1245873 0.417974
0.625 0.35 1.1592318 0.5020303
0.625 0.6 1.2188541 0.62070966
0.55 0.975 1.150093 0.4882066
0.625 0.325 1.0545335 0.41996166
0.575 0.025 1.0505272 0.40088737
0.575 0.675 1.1539803 0.5361642
0.625 0.25 1.1290854 0.57390875
0.625 0.2 1.1556461 0.53996974
0.575 0.25 1.1219832 0.513212
0.6 0.45 1.2073424 0.6116582
0.625 0.3 1.0365121 0.51952845
0.55 0.875 1.1420372 0.5358054
0.55 0.95 1.1410732 0.4923138
0.575 0.1 1.0877945 0.45082226
0.575 0.3 1.1171978 0.4656045
0.6 0.175 0.94890606 0.41063893
0.625 0.925 1.1373472 0.5412964
0.625 0.775 1.2366372 0.6012652
0.6 0.2 1.1055968 0.55448216
0.6 0.1 1.1816454 0.5141979
0.65 0.2 1.1620315 0.46433306
0.65 0.1 1.2374111 0.6241429
0.65 0.175 1.1760266 0.54262584
0.625 0.85 1.0483179 0.44352856
0.625 0.9 1.1032164 0.60403496
0.625 0.225 1.183345 0.5511079
0.625 0.625 1.0284483 0.3603439
0.65 0.225 1.1275837 0.48361763
0.65 0.15 1.1592429 0.48015288
0.65 0.85 1.0666819 0.43605262
0.575 0.975 1.1419929 0.55445313
0.6 0.15 1.1966938 0.48073485
0.625 0.875 1.0790027 0.5246571
0.65 0.325 1.2065992 0.6106524
0.65 0.35 1.0692437 0.44657987
0.6 0.525 1.0709189 0.4822766
0.65 0.125 1.0820165 0.49823615
0.65 0.05 1.1967096 0.61004865
0.65 0.075 1.0933641 0.42230588
0.575 0.425 1.0792464 0.4790268
0.625 0.975 1.1753016 0.50900656
0.65 0.275 1.0637846 0.48391676
0.65 0.25 1.1524581 0.53364456
0.575 0.575 1.1726673 0.6399375
0.625 0.95 1.1249268 0.5303763
0.625 1.0 1.1667616 0.5204483
0.575 0.4 1.1713293 0.5022439
0.65 0.3 1.2014534 0.6439203
0.65 0.025 1.190383 0.4832365
0.7 0.425 1.1350756 0.5132009
0.675 0.5 1.1184404 0.45451093
0.65 0.4 1.1939499 0.47524926
0.65 0.875 1.105952 0.6000269
0.6 0.025 1.2452956 0.4624728
0.65 0.45 1.2413199 0.635157
0.7 0.4 1.0928856 0.45071146
0.7 0.375 1.1177685 0.61643916
0.6 0.125 1.1890377 0.5023328
0.65 0.9 1.1293132 0.50745654
0.625 0.175 1.1043023 0.45641544
0.65 0.65 1.1189446 0.49072275
0.65 0.975 1.1558845 0.5276114
0.65 0.375 1.143303 0.51797676
0.65 0.75 1.0543908 0.55601865
0.675 0.75 1.2488195 0.5935168
0.675 0.125 1.1592807 0.5755131
0.65 0.675 1.177396 0.66318524
0.65 0.7 1.1636908 0.5401168
0.65 0.825 1.039125 0.45763323
0.6 0.375 1.1784337 0.59738237
0.675 0.275 1.1952626 0.5757272
0.625 0.8 1.1526396 0.66371727
0.65 0.725 1.187942 0.5840886
0.675 0.025 1.1146882 0.5325746
0.65 0.625 1.0473516 0.4700338
0.675 0.375 1.1886661 0.5475382
0.625 0.75 1.1304791 0.4271278
0.65 1.0 1.0891243 0.52209336
0.675 0.175 1.1813861 0.59541076
0.675 0.075 1.2186863 0.62848043
0.675 0.05 1.1600889 0.53653586
0.675 0.225 1.1077759 0.5049122
0.675 0.625 1.1379864 0.5719808
0.6 0.6 1.0279979 0.4473665
0.6 0.95 1.1483746 0.51928216
0.675 0.3 1.1991243 0.5132827
0.675 0.1 1.1895583 0.5549574
0.725 0.15 1.1764286 0.5420891
0.675 0.6 1.1918668 0.6141187
0.675 0.2 1.2350408 0.59641695
0.675 0.25 1.0631702 0.46606004
0.675 0.575 1.1430935 0.47162235
0.675 0.15 1.176142 0.51465034
0.625 0.5 1.0692914 0.51611954
0.625 0.475 1.1131614 0.6456768
0.675 0.7 1.1841488 0.49811938
0.725 0.175 1.1344264 0.4690466
0.675 0.35 1.1157829 0.5475951
0.675 0.725 1.0856762 0.49350747
0.7 0.725 1.1040838 0.47929165
0.675 0.525 1.1223419 0.50424844
0.675 0.675 1.0798714 0.49482784
0.625 0.55 1.1679014 0.56438965
0.7 0.15 1.246131 0.6312152
0.625 0.525 1.0740999 0.4885038
0.675 0.825 1.1564624 0.5468541
0.675 0.875 1.0865208 0.46290535
0.65 0.475 1.1107328 0.45958716
0.725 0.2 1.1483924 0.683308
0.65 0.8 1.1084661 0.5282563
0.7 0.1 1.1529588 0.5751488
0.7 0.025 1.1228778 0.47590125
0.7 0.075 1.143858 0.69395447
0.7 0.05 1.2082508 0.5631384
0.7 0.9 1.0491822 0.46347305
0.675 0.85 1.1588032 0.64842457
0.7 0.675 1.1168292 0.5040331
0.7 0.65 1.0672753 0.608116
0.7 0.45 1.1168377 0.41142914
0.65 0.775 1.0996691 0.5401356
0.625 0.575 1.2039253 0.653589
0.7 0.175 1.0744597 0.5520629
0.65 0.95 1.1550287 0.5021997
0.675 0.325 1.2546538 0.5713021
0.625 0.275 1.0675596 0.5197324
0.7 0.7 1.0922517 0.48676857
0.625 0.675 1.1474771 0.5315305
0.65 0.925 1.1535928 0.57496905
0.625 0.7 1.0734096 0.44893888
0.625 0.825 1.1797056 0.5212151
0.625 0.725 1.093436 0.46931872
0.7 0.475 1.1173092 0.53048027
0.7 0.75 1.1475875 0.5733353
0.725 0.025 1.1281269 0.5167097
0.7 0.125 1.127445 0.51541215
0.7 0.6 1.1556818 0.47436285
0.7 0.5 0.9705017 0.47592145
0.7 0.8 1.1064962 0.48464826
0.7 0.95 1.1307389 0.5637547
0.7 0.625 1.1002657 0.50745714
0.675 0.55 1.0783248 0.52777255
0.7 0.825 1.1173341 0.56862724
0.725 0.3 1.2090299 0.5042321
0.7 1.0 1.2189852 0.5787347
0.725 0.325 1.1718428 0.5256579
0.7 0.85 1.1674402 0.52656597
0.7 0.975 1.1291535 0.5361048
0.725 0.25 1.0999267 0.50015074
0.725 0.05 1.1115768 0.6351926
0.675 0.9 1.0544986 0.5109696
0.65 0.6 1.0867614 0.4332121
0.675 0.775 1.1080111 0.52591753
0.725 0.45 1.0273851 0.3922565
0.7 0.925 1.1942457 0.44756493
0.725 0.725 1.2197846 0.54236317
0.7 0.55 1.0151397 0.48564535
0.725 0.825 1.2228607 0.5586448
0.675 0.8 1.1278054 0.5077616
0.725 0.35 1.0734022 0.4291455
0.75 0.15 1.1720499 0.49609625
0.725 0.9 1.262302 0.627845
0.725 0.875 1.0600283 0.3882949
0.75 0.05 1.207535 0.59184223
0.725 0.525 1.1284451 0.60478747
0.675 1.0 1.1264108 0.55448
0.75 0.1 1.214538 0.6489688
0.7 0.35 1.1696222 0.5134541
0.725 0.5 1.2486212 0.6115592
0.725 0.8 1.1414393 0.52046996
0.725 0.225 1.2078745 0.46901733
0.725 0.85 1.2311177 0.6173319
0.7 0.2 1.1095175 0.45497704
0.75 0.075 1.0736479 0.42717478
0.675 0.65 1.1783081 0.5349471
0.7 0.525 1.0589863 0.44963756
0.725 1.0 1.1149381 0.4887402
0.725 0.975 1.1069269 0.6365405
0.75 0.125 1.1213161 0.48413432
0.725 0.425 1.1004754 0.45164016
0.75 0.2 1.181823 0.51631254
0.7 0.575 1.1387322 0.6009107
0.75 0.25 1.0960429 0.4663069
0.75 0.175 1.1163262 0.46341613
0.75 0.5 1.1632639 0.5208934
0.675 0.925 1.1474183 0.5249518
0.725 0.925 1.1953399 0.5237908
0.8 0.225 1.1844461 0.48410845
0.75 0.6 1.2266617 0.49684203
0.8 0.25 1.2553622 0.5760811
0.75 0.225 1.13375 0.5279033
0.8 0.275 1.2228051 0.537774
0.675 0.975 1.1006455 0.50328404
0.75 0.375 1.1524662 0.54209465
0.7 0.775 1.06641 0.4573807
0.8 0.2 1.1065123 0.46763912
0.75 0.025 1.0637621 0.49361476
0.75 0.525 1.1155279 0.63032115
0.675 0.95 1.1190641 0.42114624
0.75 0.35 0.99858266 0.45000973
0.75 0.425 1.1498814 0.60299295
0.75 0.75 1.0972209 0.47945374
0.75 0.4 1.1159842 0.46805373
0.75 0.475 1.139457 0.50007606
0.725 0.475 1.1216967 0.5081918
0.75 0.325 1.0946317 0.48843697
0.75 0.575 1.1279953 0.5034675
0.75 0.7 1.032954 0.4901654
0.75 0.65 1.1751208 0.6072922
0.7 0.25 1.0816231 0.5915288
0.7 0.275 1.1989083 0.5102733
0.775 0.225 1.1836865 0.61275715
0.7 0.875 1.2364575 0.5392505
0.75 0.775 1.1385273 0.50340796
0.775 0.325 1.0837108 0.509746
0.725 0.275 1.063695 0.5252745
0.725 0.4 1.1262507 0.51643443
0.775 0.15 1.1996967 0.60696065
0.775 0.35 1.0740516 0.49684379
0.775 0.05 1.1221955 0.49022517
0.775 0.3 1.1725004 0.5715346
0.75 0.8 1.0885836 0.51728815
0.7 0.225 1.1146047 0.4402875
0.775 0.175 1.1006396 0.53970313
0.775 0.2 1.1641449 0.45580897
0.775 0.625 1.0814736 0.5821966
0.8 0.35 1.1465524 0.50401044
0.775 0.55 1.1138264 0.5715208
0.8 0.375 1.2359767 0.62677735
0.775 0.7 1.1676055 0.49957666
0.725 0.775 1.2168467 0.57113945
0.775 0.925 1.1536697 0.4728351
0.775 0.275 1.153994 0.47638676
0.725 0.375 1.1324875 0.39441866
0.8 0.025 1.1473191 0.58854586
0.775 0.725 1.2881552 0.5945893
0.725 0.75 1.0817583 0.54208934
0.775 0.25 1.1315663 0.44162717
0.825 0.575 1.177439 0.60137755
0.775 0.75 1.0883116 0.6075309
0.725 0.95 1.1646053 0.55263734
0.775 0.8 1.0610808 0.49038738
0.775 0.85 1.1193702 0.5339972
0.825 0.6 1.0672483 0.45338038
0.775 0.6 1.1523672 0.53295046
0.775 0.775 1.0495745 0.40531766
0.8 0.15 1.1018882 0.452376
0.8 0.1 1.1483088 0.42275524
0.8 0.45 1.1882529 0.61265
0.8 0.55 1.1472988 0.5722036
0.825 0.625 1.3008803 0.6262765
0.75 0.675 1.0398798 0.541783
0.8 0.65 1.12276 0.5146134
0.775 0.9 1.198016 0.48984054
0.8 0.325 1.1179246 0.47937363
0.8 0.3 1.0660968 0.46105644
0.725 0.7 1.1858138 0.5692199
0.775 1.0 1.1478184 0.4718338
0.775 0.975 1.2353618 0.69108725
0.75 0.3 1.0291872 0.47325745
0.725 0.675 1.0719141 0.40885845
0.75 0.45 1.17501 0.50814533
0.8 0.175 1.0587927 0.49910164
0.8 0.425 1.0751868 0.45560947
0.8 0.525 1.1649071 0.56752884
0.8 0.85 1.15715 0.5405891
0.825 0.8 1.1970993 0.51064897
0.8 0.6 1.1597326 0.4680632
0.725 0.65 1.1499996 0.50067776
0.8 0.5 1.2064947 0.55033636
0.725 0.6 1.1880783 0.5297442
0.8 0.775 1.148419 0.610501
0.75 0.55 1.2653499 0.5799793
0.725 0.625 1.1257504 0.57816887
0.8 0.575 1.1058519 0.4594303
0.825 0.525 1.0882807 0.5074719
0.8 0.475 1.1902819 0.63040054
0.775 0.025 1.1475183 0.51258004
0.8 0.9 1.1998618 0.42301923
0.775 0.075 1.1647823 0.60442597
0.825 0.15 1.2402407 0.5010937
0.8 0.75 1.1872226 0.51465875
0.8 0.4 1.1143489 0.51614356
0.775 0.125 1.1061934 0.43786103
0.8 0.8 1.0818639 0.40009335
0.775 0.1 1.1072632 0.5241852
0.8 0.875 1.1585535 0.623067
0.825 0.35 1.1659062 0.52941996
0.8 0.925 1.19196 0.5038584
0.8 0.975 1.0320215 0.456715
0.825 0.475 1.126969 0.51568633
0.775 0.65 1.210285 0.4684051
0.825 0.275 1.1767633 0.7220016
0.8 0.625 1.1533734 0.4578087
0.75 0.95 1.0344903 0.46224058
0.825 0.5 1.2329435 0.66672516
0.775 0.575 1.0988603 0.4290474
0.775 0.675 1.1093845 0.51203597
0.825 0.125 1.1679704 0.6472058
0.825 0.225 1.0121266 0.48360077
0.8 0.675 1.1317911 0.55092186
0.825 0.775 1.05985 0.48136616
0.825 0.1 1.2143692 0.542823
0.825 0.325 1.1624999 0.68257207
0.825 0.3 1.1728333 0.5549677
0.75 0.275 1.1158673 0.5489969
0.825 0.425 1.1312147 0.47855806
0.825 0.175 1.039802 0.505314
0.825 0.4 1.1544883 0.5413677
0.825 0.25 1.0609324 0.5117193
0.75 0.625 1.260639 0.5643988
0.825 0.2 1.0615157 0.45098886
0.825 0.75 1.1891086 0.67387396
0.75 0.975 1.1335636 0.5225171
0.75 0.925 1.1476815 0.51149946
0.8 0.125 1.250697 0.53049076
0.825 0.9 1.0899509 0.49156344
0.85 0.075 1.0695503 0.47119075
0.75 1.0 0.9814123 0.4395852
0.75 0.725 1.1824586 0.5732878
0.75 0.9 1.0996449 0.5598273
0.8 0.725 0.9920581 0.4888056
0.825 0.825 1.1570332 0.5389405
0.825 1.0 1.0839595 0.4238013
0.85 0.4 1.1466589 0.6063668
0.85 0.5 1.1461905 0.58032167
0.775 0.5 1.1778274 0.5682861
0.85 0.475 1.1130348 0.45435998
0.85 0.225 1.1393945 0.55502343
0.85 0.325 1.2239335 0.65830517
0.85 0.575 1.0795062 0.4475757
0.85 0.725 1.1504847 0.49848995
0.825 0.45 1.1952941 0.4987779
0.85 0.275 1.1481586 0.5615319
0.85 0.75 1.101873 0.51133364
0.85 0.775 1.174206 0.5497543
0.85 0.825 1.051697 0.3866247
0.825 0.025 1.184645 0.46870098
0.85 0.2 1.2264179 0.5398428
0.775 0.825 1.09603 0.49165016
0.85 0.425 1.1309345 0.50243366
0.85 0.925 1.2437298 0.69090444
0.775 0.875 0.9891838 0.4690351
0.825 0.05 1.0917175 0.40237898
0.85 0.45 1.1395588 0.6975821
0.8 1.0 1.1803795 0.4814966
0.825 0.075 1.1486923 0.5217439
0.8 0.05 1.0571979 0.38444534
0.85 1.0 1.1045551 0.5412282
0.9 0.225 1.0815804 0.5218843
0.85 0.65 1.1779072 0.5321022
0.775 0.95 1.1435003 0.47710547
0.85 0.55 1.1121565 0.52674615
0.85 0.525 1.103694 0.5507641
0.9 0.175 1.1355729 0.5396088
0.85 0.85 1.1679343 0.42881274
0.875 0.05 1.2043492 0.50361025
0.85 0.25 1.1815599 0.58560807
0.875 0.075 1.139654 0.48770836
0.85 0.3 1.1578751 0.47086054
0.8 0.075 1.0655077 0.5439486
0.9 0.8 1.0853245 0.41628972
0.825 0.975 1.2634885 0.5187424
0.875 0.025 1.0815837 0.546109
0.85 0.875 1.1171386 0.44000417
0.85 0.8 1.241652 0.58458155
0.875 0.2 1.2013028 0.5502037
0.85 0.95 1.0645814 0.47444353
0.825 0.55 1.0947464 0.5034564
0.875 0.275 1.1344234 0.44133058
0.875 0.25 1.0449286 0.44980744
0.875 0.225 1.1168883 0.45418513
0.825 0.925 1.1083295 0.43519574
0.825 0.65 1.1149731 0.5798848
0.85 0.025 1.1447712 0.5015226
0.8 0.7 1.0821722 0.4264959
0.875 0.7 1.0525995 0.3690002
0.8 0.825 1.1699051 0.5815588
0.875 0.325 1.2681429 0.5325112
0.875 0.425 1.1426762 0.4661411
0.875 0.5 1.1680592 0.6204035
0.875 0.8 1.0972188 0.4763771
0.875 0.3 1.1407543 0.5334642
0.8 0.95 1.0588487 0.47235858
0.825 0.675 1.2000738 0.53615755
0.875 0.125 1.2245742 0.5941187
0.875 0.55 1.0708218 0.47629586
0.85 0.125 1.176108 0.5127891
0.825 0.375 1.1978264 0.5384884
0.875 0.525 1.1342804 0.4846209
0.85 0.675 1.158376 0.48313785
0.875 0.35 1.2164948 0.6070048
0.875 0.925 1.0778912 0.46015388
0.825 0.725 1.2190087 0.59454453
0.825 0.7 1.1249485 0.5652156
0.875 0.6 1.1153111 0.54093903
0.875 0.1 1.0922257 0.40323922
0.875 0.65 1.0891042 0.5304182
0.875 0.725 1.1464447 0.57218754
0.875 0.825 1.1276481 0.5998737
0.85 0.6 1.1517521 0.58143896
0.925 0.525 1.2705333 0.4807366
0.85 0.375 1.0588008 0.51617414
0.875 0.775 1.0543458 0.39525053
0.9 0.9 1.1546917 0.5195322
0.9 0.375 1.1283542 0.51740843
0.85 0.975 1.0074937 0.49224544
0.875 0.575 1.1928682 0.5809957
0.875 1.0 1.1569375 0.5670835
0.875 0.675 1.0647523 0.4657358
0.9 0.25 1.0917636 0.4152755
0.9 0.425 1.2109592 0.537437
0.9 0.3 1.1261728 0.45065397
0.9 0.575 1.0870613 0.4252068
0.85 0.05 1.0797349 0.50158745
0.95 0.025 1.2758027 0.6448609
0.875 0.9 1.1039041 0.5303153
0.85 0.625 1.1521205 0.5330907
0.9 0.5 1.1027158 0.5052192
0.9 0.525 1.1077343 0.44205067
0.9 0.025 1.0131533 0.4061111
0.9 0.675 1.2230713 0.56305826
0.875 0.75 1.1365602 0.45259276
0.9 0.275 1.1983266 0.5808531
0.9 0.625 1.1393856 0.59175074
0.925 0.25 1.1491497 0.5482014
0.9 0.55 1.1881638 0.6389246
0.9 0.05 1.1799481 0.54585534
0.875 0.95 1.0927236 0.5056523
0.95 0.05 1.2209183 0.62868327
0.9 0.15 1.0657603 0.4602605
0.825 0.95 1.2003198 0.51802164
0.925 0.5 1.2810936 0.61603683
0.9 0.75 1.113404 0.45566145
0.875 0.175 1.1119633 0.4546421
0.875 0.15 1.1936667 0.5931108
0.85 0.1 1.089297 0.4356355
0.85 0.15 1.1911938 0.6001258
0.9 0.65 1.0471071 0.60801744
0.9 1.0 1.222526 0.54645133
0.9 0.725 1.1536969 0.5148721
0.9 0.975 1.2049192 0.5142385
0.85 0.35 1.0308896 0.5338567
0.9 0.7 1.2685897 0.78013414
0.9 0.925 1.1404498 0.47877166
0.875 0.475 1.1042798 0.4660025
0.925 0.375 1.0480202 0.537743
0.9 0.775 1.0436372 0.5412026
0.875 0.375 1.0825466 0.5668177
0.925 0.4 1.0811183 0.6521863
0.925 0.35 1.2141558 0.64357275
0.875 0.85 1.1948763 0.55737776
0.925 0.025 1.1293712 0.44028276
0.925 0.45 1.0652224 0.39235118
0.875 0.625 1.0481418 0.45885187
0.85 0.175 1.1496618 0.52397776
0.925 0.3 1.2200029 0.49960238
0.925 0.275 1.0859721 0.39836818
0.925 1.0 1.0721154 0.4588305
0.925 0.15 1.0673935 0.46975392
0.875 0.975 1.0262244 0.46680045
0.925 0.325 1.1076066 0.47276473
0.925 0.225 1.110106 0.46935105
0.925 0.65 1.1559967 0.58639604
0.9 0.95 1.1072316 0.51891583
0.875 0.875 1.1330677 0.46432334
0.85 0.9 1.0710939 0.4748397
0.925 0.2 1.0158217 0.47222957
0.925 0.475 1.2048953 0.600493
0.95 0.375 1.05491 0.46651584
0.925 0.725 1.1096113 0.5021459
0.925 0.7 1.0677941 0.5418483
0.925 0.775 1.2281296 0.6880833
0.925 0.75 1.052962 0.4590487
0.925 0.85 1.1044506 0.46836135
0.95 0.2 1.1211803 0.49426997
0.925 0.9 1.1313071 0.6302185
0.925 0.95 1.0675757 0.560147
0.925 0.675 1.1237872 0.5111878
0.925 0.975 1.0966514 0.5183232
0.9 0.475 1.1321545 0.5135043
0.925 0.625 1.3093497 0.6236377
0.9 0.45 1.1807147 0.53446877
0.925 0.825 1.0283859 0.4284879
0.95 0.45 1.1198264 0.55894583
0.9 0.4 1.1455421 0.59224313
0.95 0.225 1.1366636 0.5262348
0.95 0.7 1.1022851 0.52686715
0.95 0.5 1.272947 0.62841165
0.95 0.35 1.1022288 0.5024123
0.95 0.275 1.1305445 0.47483125
0.925 0.1 1.104712 0.46799612
0.925 0.425 1.0539573 0.57706106
1.0 0.4 1.1143548 0.48334935
0.975 0.325 1.2239506 0.5097861
0.95 0.75 1.1278485 0.46511638
0.95 0.875 1.2044369 0.50692743
0.95 0.425 1.1540382 0.57274276
0.95 0.725 1.127926 0.58685
0.95 0.575 1.1620814 0.60011774
0.95 0.4 1.0879111 0.453166
1.0 0.425 1.1521776 0.5334854
0.975 0.075 1.0749428 0.3994526
1.0 0.375 1.0783195 0.3721193
0.925 0.05 1.0877004 0.5206565
0.95 0.625 1.1525127 0.44276592
0.925 0.075 1.1778663 0.5146372
0.95 0.825 1.1706009 0.73639715
0.925 0.175 1.2463729 0.6052203
0.925 0.55 1.0596983 0.5478775
0.95 0.25 1.0856583 0.48062778
1.0 0.675 1.1515142 0.5680353
0.95 0.6 1.079194 0.40103668
0.975 0.375 1.0911683 0.45527297
0.975 0.05 1.0724448 0.413028
0.95 0.775 1.0688405 0.48462832
0.95 0.95 1.0786889 0.4505627
0.9 0.325 1.0803537 0.51546496
0.95 0.975 1.1479961 0.64912295
0.95 0.9 1.143782 0.5217175
0.95 0.85 1.1119939 0.514226
0.95 0.65 1.0965863 0.4703149
0.9 0.35 1.1065599 0.5890249
0.95 0.525 1.1056488 0.44753066
0.975 0.35 1.0657786 0.5975948
0.975 0.4 1.2056348 0.4904719
0.975 0.475 1.0773404 0.47074956
0.975 0.225 1.1127021 0.4410707
0.925 0.125 1.1662536 0.4503573
1.0 0.65 1.1801238 0.5490557
0.9 0.825 1.0265439 0.48268518
0.975 0.55 1.066144 0.45065644
0.9 0.6 1.1864436 0.51427907
0.925 0.575 1.1222136 0.5387486
0.925 0.6 1.1431128 0.49568704
0.975 0.675 1.2480701 0.55377525
0.975 0.45 1.0894525 0.47585386
0.9 0.875 1.1608398 0.5512845
0.925 0.8 0.97884595 0.4167235
0.9 0.85 1.0968335 0.53282684
0.975 0.725 1.0613863 0.6036122
0.975 0.2 1.083579 0.4368797
0.975 0.775 1.1938027 0.44962877
0.925 0.875 1.1496527 0.57611376
0.975 0.425 1.1319218 0.50009274
0.975 1.0 1.0736592 0.42709216
0.975 0.525 1.091266 0.59136146
0.925 0.925 1.0834637 0.49321333
0.975 0.025 1.1080933 0.5778424
0.975 0.95 1.1047847 0.48184982
0.95 0.3 1.1534674 0.56040967
0.975 0.875 1.1276493 0.42744705
1.0 0.25 1.2697849 0.62200177
0.95 0.325 1.0474293 0.43845636
0.975 0.625 1.1061016 0.5601151
0.975 0.7 1.1240022 0.5912705
1.0 0.225 1.1065954 0.4964013
0.15 0.95 1.0424229 0.5020482
1.0 0.075 1.0574254 0.47600886
0.975 0.825 1.0232384 0.46445215
0.95 0.475 1.1364536 0.49484122
0.975 0.85 1.0533454 0.5031249
1.0 0.175 1.1334983 0.49280393
0.15 0.2 1.1700481 0.5015022
1.0 0.2 1.2548888 0.5719809
1.0 0.45 1.2364578 0.6843387
0.95 0.55 1.0228379 0.61361486
0.975 0.65 1.2103312 0.5616879
0.975 0.975 1.1911101 0.5480497
0.125 0.3 1.1006672 0.44177356
0.95 0.675 1.1158892 0.5946465
1.0 0.025 1.1134245 0.5152727
1.0 0.725 1.1163237 0.49558473
1.0 0.125 1.1565591 0.5475695
1.0 0.15 1.0839293 0.57721686
0.95 0.15 1.1688617 0.68800986
0.95 1.0 1.0775871 0.45692286
1.0 0.85 1.0740657 0.55804706
0.225 1.0 1.2262313 0.50740933
0.975 0.5 1.1183668 0.5181892
0.95 0.175 1.1320876 0.41312551
1.0 0.475 1.1072006 0.57866275
0.225 0.05 1.1387422 0.51552004
1.0 0.55 1.1738399 0.55134153
1.0 0.575 1.0697724 0.45273885
0.075 0.075 1.1657795 0.5754841
1.0 0.7 1.1237631 0.49118635
0.975 0.15 1.2364345 0.48281458
1.0 0.75 1.0662184 0.4447448
0.95 0.1 1.1316725 0.4829121
0.95 0.125 1.0279843 0.33532622
0.95 0.075 1.060101 0.54714125
0.95 0.925 1.1760538 0.55375105
0.125 0.2 1.1811192 0.5554301
1.0 0.1 1.1476625 0.5172714
0.125 0.375 1.2157253 0.61493045
1.0 0.35 1.154494 0.49034333
0.125 0.625 1.1962233 0.5048222
0.05 0.675 1.0566823 0.4828183
0.075 0.35 1.1394265 0.46576288
0.95 0.8 1.1416868 0.48507082
1.0 0.325 1.1398271 0.4893574
1.0 0.275 1.1116158 0.4903814
1.0 0.3 1.1440656 0.46344292
0.975 0.275 1.1648815 0.5732777
0.075 0.4 1.1951506 0.5990408
0.15 0.075 1.1605259 0.42486137
0.175 0.55 1.0818517 0.46997195
0.15 0.55 1.1118122 0.4174675
1.0 0.825 1.0350175 0.5095142
0.975 0.925 1.1426194 0.42986718
0.2 0.7 1.1318632 0.47095013
0.125 0.975 1.1533111 0.4718407
0.175 0.175 1.1125584 0.5865336
0.975 0.25 1.0789478 0.3954621
0.975 0.3 1.1064978 0.6171599
0.15 0.575 1.1245576 0.5230955
0.1 0.275 1.0870967 0.39959806
0.175 0.675 1.0768601 0.46728072
0.2 0.825 1.1855954 0.48072553
0.125 0.35 1.1858268 0.49511936
0.075 0.05 1.1671318 0.46312255
0.275 0.1 1.2117307 0.5802438
0.25 0.175 1.1285793 0.5978522
0.05 0.6 1.2005786 0.5848504
0.975 0.125 1.0467654 0.47956222
0.975 0.175 1.226701 0.54353505
0.175 0.15 1.0507758 0.47866887
0.125 0.65 1.1475198 0.5379675
0.175 0.525 1.1344082 0.4649137
0.175 0.5 1.0763804 0.47133002
0.25 0.075 1.0838871 0.39698714
0.975 0.1 1.166816 0.51412266
0.2 0.9 1.1038038 0.5108223
0.325 0.875 1.1541288 0.46939078
0.25 0.55 1.1294582 0.4821737
1.0 0.875 1.1417499 0.58625305
0.15 0.125 1.0316628 0.4258517
0.25 0.45 1.1713885 0.51055455
0.3 0.55 1.088368 0.50591075
1.0 0.5 1.1802934 0.5498395
0.325 0.9 1.0940083 0.42787808
0.15 0.825 1.2136637 0.57387894
1.0 0.9 1.1340559 0.5397002
0.3 0.525 1.087499 0.59124297
0.325 0.025 1.0551705 0.3934037
0.3 0.075 1.1557872 0.4592296
0.25 0.2 1.166477 0.55421907
0.25 0.925 1.0924408 0.49408966
1.0 0.525 1.1517069 0.47353095
0.275 0.075 1.1715381 0.5895517
0.975 0.8 1.0755749 0.4509459
1.0 0.6 1.1818528 0.534767
0.325 0.05 1.0719244 0.46490154
0.05 0.925 1.1503296 0.47172725
0.975 0.9 1.2221693 0.5456963
0.35 0.5 1.1319872 0.5263157
0.25 0.575 1.1253655 0.48265478
0.55 0.45 1.0353788 0.4062046
0.3 0.475 1.1196725 0.4707022
0.975 0.575 1.1212305 0.5483328
0.325 0.225 1.0860245 0.5628622
0.35 1.0 1.151754 0.58094734
0.975 0.6 1.0980383 0.4314175
0.35 0.35 1.1300832 0.50068504
0.125 0.225 1.1314831 0.5447714
1.0 0.925 1.0450952 0.43982312
0.55 0.1 1.1593174 0.49945906
0.975 0.75 1.1742479 0.55930233
0.3 0.325 1.1726137 0.4929612
1.0 0.05 1.0666273 0.5073675
0.3 0.5 1.169385 0.5192887
0.225 0.925 1.1001738 0.4903075
0.35 0.85 1.1124071 0.48963135
0.35 0.825 1.1143051 0.5190892
0.475 0.5 1.1404077 0.46860155
0.125 0.175 1.177978 0.59095556
0.375 0.625 1.1145389 0.5072062
0.35 0.975 1.1134455 0.5935958
0.375 0.15 1.1717943 0.53039116
0.375 0.6 1.1585063 0.5374138
0.725 0.1 1.1389884 0.4835762
0.725 0.075 1.1201861 0.4769945
1.0 0.975 1.1607877 0.48713785
0.375 0.675 1.1408821 0.45736432
0.4 0.825 1.1524563 0.50159526
0.5 0.55 1.119815 0.5393042
0.35 0.275 1.1723849 0.477901
0.375 0.65 1.1688249 0.64714754
0.375 0.525 1.0545908 0.5167469
0.375 0.575 1.0784031 0.49412736
0.15 0.15 1.1456132 0.5471358
0.075 0.425 1.1118119 0.4623839
0.1 0.75 1.0595205 0.45418015
0.375 0.8 1.1283554 0.5143096
0.075 0.375 1.2026228 0.5689088
0.475 0.65 1.0833123 0.47445685
0.45 0.775 1.1333138 0.518988
0.375 0.55 1.197814 0.6345546
0.125 0.05 1.0817134 0.42553243
0.375 0.7 1.0994308 0.4742416
0.45 0.75 1.0826008 0.47239968
0.3 0.725 1.1518158 0.57243884
0.4 0.8 1.216571 0.53329444
0.375 0.5 1.1736968 0.56580836
1.0 0.625 1.0826585 0.42266023
0.5 0.475 1.251762 0.5564339
0.1 0.775 1.0674665 0.4119633
0.475 0.675 1.1370742 0.5147455
0.475 0.2 1.1580012 0.5284116
1.0 0.95 1.1598575 0.49624944
0.5 0.5 1.0297844 0.5847179
0.775 0.375 1.1835314 0.5237369
0.2 1.0 1.1033381 0.47643763
0.5 0.3 1.122163 0.4848094
0.5 0.6 1.1155436 0.53024536
0.5 0.275 1.1911664 0.437416
0.475 0.425 1.1418345 0.5355717
0.475 0.875 0.99395096 0.5117286
0.5 0.45 1.1327398 0.5513765
0.475 0.225 1.1584991 0.53044003
0.225 0.075 1.1495981 0.52053964
0.5 0.575 1.119241 0.52131623
0.525 0.575 1.1268599 0.4838043
0.375 0.125 1.1435391 0.4971732
0.25 0.025 1.2073851 0.56684345
0.375 0.925 1.1466537 0.55529237
0.3 0.75 1.0766357 0.51698726
0.475 0.9 1.2275971 0.5706986
0.475 0.45 1.0420392 0.54878134
0.125 1.0 1.0952951 0.46942595
0.1 0.25 1.1592551 0.47143286
0.5 0.15 1.054001 0.452774
0.475 0.625 1.0688801 0.43513036
0.5 0.4 1.1619793 0.5194456
0.525 0.225 1.0897472 0.5032592
0.55 0.8 1.1362468 0.47459292
0.7 0.325 1.1472185 0.41729954
0.7 0.3 1.1093208 0.5284796
0.5 0.175 1.1626354 0.568613
0.775 0.525 1.2430048 0.5187815
0.125 0.275 1.1114762 0.43205878
0.675 0.45 1.2478504 0.5798571
0.625 0.425 1.1909797 0.5997981
0.5 0.2 1.0819179 0.40553847
0.55 0.175 1.051367 0.54068047
0.325 0.825 1.0469422 0.4898134
0.65 0.525 1.0616397 0.48538953
0.475 0.975 1.1790735 0.42621955
0.6 0.625 1.1070064 0.41729102
0.65 0.575 1.1258323 0.5255373
0.55 0.775 1.213132 0.60709554
0.625 0.375 1.1108134 0.5450771
0.35 0.3 1.0398839 0.4976393
0.475 1.0 1.1522472 0.55826485
0.625 0.4 1.1237227 0.49035904
0.25 0.375 1.1799853 0.6302909
0.55 0.2 1.2376683 0.50950754
0.675 0.475 1.1603583 0.5052532
0.75 0.825 1.0623205 0.5256716
0.775 0.45 1.1824635 0.56437755
0.9 0.075 1.1854866 0.54775524
0.85 0.7 1.0636315 0.50736934
0.6 0.5 1.1229067 0.43910056
0.6 0.225 1.1161807 0.5338278
0.65 0.425 1.1899046 0.5629905
0.75 0.875 1.1446813 0.58517015
0.725 0.125 1.124141 0.52121073
0.25 0.05 1.0688131 0.5189269
0.225 0.3 1.1950053 0.47993106
0.5 0.775 1.1462146 0.48016214
0.25 0.4 1.0601465 0.5652603
0.9 0.125 1.1024911 0.4521662
0.25 0.425 1.1567436 0.48158643
0.225 0.1 1.0386236 0.44255278
0.775 0.425 1.0725856 0.55405515
0.25 0.15 1.162195 0.5787656
0.375 0.9 1.1698725 0.5126091
0.675 0.425 1.1659591 0.46638334
0.9 0.1 1.2625781 0.6293049
0.45 0.95 1.1733923 0.4955914
0.45 0.2 1.0931462 0.48906606
0.375 0.075 1.2353309 0.70196587
0.5 0.625 1.1547991 0.5260082
0.375 0.1 1.1527121 0.4297274
0.325 0.85 1.1300759 0.4934091
0.375 0.475 1.0915883 0.4727762
0.375 0.725 1.1224949 0.50121534
0.475 0.55 1.169957 0.63727283
0.55 0.15 1.2155561 0.6293834
0.525 0.25 1.078036 0.5665176
0.55 0.125 1.1948774 0.51552874
0.65 0.55 1.1155244 0.47347474
0.65 0.5 1.1230642 0.581879
0.475 0.825 1.1850754 0.55257964
0.725 0.55 1.0666201 0.49871165
0.625 0.65 1.1131527 0.50518024
0.475 0.95 1.1222335 0.48467255
0.75 0.85 1.2226288 0.63984126
0.825 0.875 1.1514528 0.62215704
0.45 0.725 1.1229136 0.5106311
0.875 0.4 1.1166044 0.47852087
0.475 0.925 1.1341195 0.52976936
0.075 0.1 1.1291227 0.5479954
0.625 0.45 1.0981028 0.460413
0.875 0.45 1.1135206 0.5089853
0.075 0.475 1.1296539 0.47790238
0.325 0.925 1.1488318 0.42315283
0.5 0.075 1.1329246 0.54902565
0.375 0.175 1.1324728 0.57251555
0.725 0.575 1.0637106 0.49680126
0.675 0.4 1.2106274 0.5610185
0.825 0.85 1.213759 0.56907827
1.0 0.775 1.0910496 0.49381503
0.775 0.475 1.2046435 0.5378036
0.775 0.4 1.1543194 0.5444668
0.175 0.975 1.23386 0.5372278
1.0 0.8 1.0990212 0.6163444
1.0 1.0 1.1465855 0.55209637