lengthscale l2regularizer rmse_mean rmse_std

0.05 0.25 1.094901 0.47552136
0.05 0.3 1.12618 0.49592495
0.05 0.4 1.1489506 0.5151788
0.15 0.65 1.169065 0.50487787
0.05 0.35 1.1348251 0.49691233
0.05 0.1 1.1537783 0.5683184
0.15 0.2 1.1404803 0.49771237
0.05 0.2 1.1320261 0.48816034
0.1 0.4 1.1191473 0.51458555
0.1 0.05 1.0888538 0.49091178
0.1 0.15 1.1515825 0.49843717
0.05 1.0 1.1333166 0.48707345
0.1 0.1 1.1009136 0.45269206
0.05 0.55 1.1251873 0.5173439
0.1 0.55 1.1140045 0.47885942
0.1 0.2 1.1813414 0.5480758
0.15 0.4 1.1429684 0.50095844
0.1 0.3 1.167045 0.50476223
0.1 0.45 1.1087606 0.513325
0.15 0.05 1.1467032 0.51144
0.1 0.75 1.1591069 0.5280448
0.1 0.5 1.1129797 0.4881401
0.05 0.15 1.1674771 0.5439002
0.15 0.8 1.1217881 0.49116978
0.15 0.15 1.1218626 0.51707715
0.1 0.85 1.1435305 0.48796958
0.1 0.8 1.139418 0.50403345
0.15 0.7 1.1353449 0.5253681
0.15 0.45 1.1117601 0.49983484
0.15 0.55 1.1351906 0.51250356
0.1 0.65 1.1226661 0.49336982
0.1 0.7 1.1351339 0.5150139
0.05 0.95 1.1040143 0.5178968
0.1 0.9 1.1471167 0.51160955
0.15 0.35 1.1387252 0.5364847
0.05 0.9 1.1464307 0.4796536
0.1 0.6 1.1066058 0.4975384
0.1 0.95 1.1052272 0.4945654
0.15 0.25 1.1293558 0.53919727
0.05 0.8 1.110736 0.48039326
0.05 0.75 1.1167088 0.51676935
0.05 0.65 1.1234748 0.4872397
0.15 0.75 1.1424539 0.51713264
0.05 0.7 1.1177366 0.49088445
0.05 0.85 1.1544349 0.4826755
0.1 1.0 1.1350348 0.51061213
0.15 0.3 1.1355302 0.52390575
0.05 0.5 1.1595136 0.54180235
0.15 0.5 1.1478631 0.5413565
0.05 0.45 1.1165938 0.5128931
0.15 0.85 1.1220535 0.50863034
0.15 0.6 1.110588 0.49545118
0.15 0.1 1.1234572 0.47055537
0.2 0.2 1.1518143 0.50342345
0.05 0.6 1.1187563 0.517563
0.2 0.7 1.1426957 0.4976013
0.2 0.75 1.1371895 0.5045091
0.2 0.85 1.1348202 0.5053789
0.2 0.9 1.1244936 0.49459913
0.2 0.35 1.1393182 0.52331233
0.2 0.8 1.1368684 0.4978861
0.2 0.55 1.1051972 0.49292928
0.2 0.1 1.1562052 0.50550526
0.05 0.05 1.1154343 0.46379238
0.2 0.05 1.157245 0.50586957
0.15 0.9 1.1111629 0.4676572
0.15 0.95 1.1237304 0.5063951
0.15 1.0 1.1144364 0.4838849
0.2 0.5 1.1275985 0.47395197
0.2 0.15 1.1150389 0.5219576
0.1 0.25 1.1016083 0.5058895
0.1 0.35 1.158014 0.5244791
0.2 0.65 1.1207149 0.52004135
0.2 0.6 1.097917 0.5083303
0.2 0.95 1.1381681 0.5347015
0.2 0.25 1.1133243 0.46425876
0.2 1.0 1.1113243 0.46905872
0.2 0.3 1.1597354 0.5536011
0.2 0.45 1.1144965 0.45485327
0.2 0.4 1.1384404 0.49475574
0.25 0.35 1.1506783 0.5283527
0.25 0.2 1.1525648 0.5236933
0.25 0.4 1.1065332 0.4936436
0.25 0.25 1.1360683 0.5231325
0.25 0.5 1.1166366 0.4785094
0.25 0.3 1.1168311 0.5021703
0.25 0.15 1.1414926 0.5305114
0.25 0.1 1.142078 0.48477444
0.25 0.65 1.1428564 0.49078032
0.25 0.7 1.1509273 0.5095682
0.25 0.6 1.1258378 0.5159086
0.25 0.8 1.0925148 0.48187655
0.25 0.75 1.1227907 0.51014066
0.25 0.45 1.1249423 0.45937926
0.3 0.55 1.1114409 0.50494194
0.25 0.9 1.1381238 0.50667447
0.25 0.85 1.1226008 0.51563245
0.3 0.65 1.135224 0.48964837
0.3 0.45 1.1395117 0.5069481
0.25 1.0 1.1325295 0.48129037
0.3 0.1 1.1268408 0.5025762
0.3 0.85 1.1160167 0.50437367
0.3 0.15 1.1584432 0.48630247
0.3 0.05 1.2484019 0.5505625
0.3 0.2 1.1276463 0.49248746
0.3 0.35 1.1351382 0.49462008
0.3 0.25 1.1465476 0.51677823
0.3 0.3 1.1310606 0.5063074
0.3 0.75 1.1288916 0.48188174
0.3 0.4 1.1202555 0.48662803
0.35 0.6 1.1124686 0.49793038
0.3 0.5 1.1274492 0.48131347
0.3 0.7 1.1287215 0.5083855
0.3 0.6 1.1426667 0.48875922
0.3 0.8 1.1063584 0.49625313
0.3 0.9 1.1565897 0.5022236
0.4 1.0 1.1440175 0.49957618
0.35 0.05 1.0746405 0.48060128
0.35 0.2 1.1395707 0.5185061
0.3 0.95 1.1210575 0.5172662
0.3 1.0 1.1166338 0.50318104
0.35 0.15 1.1236806 0.5023146
0.35 0.1 1.1070073 0.45134386
0.35 0.55 1.1269699 0.51443845
0.35 0.3 1.1509209 0.51758885
0.35 0.5 1.1416407 0.49226132
0.35 0.35 1.1351902 0.48814484
0.35 0.25 1.1483986 0.50029534
0.35 0.45 1.138689 0.48700738
0.35 0.7 1.1224048 0.48145527
0.35 0.4 1.1314209 0.48493493
0.35 0.65 1.1301243 0.4802942
0.35 0.75 1.1296854 0.45627394
0.35 0.85 1.1242259 0.48095396
0.35 0.95 1.1285979 0.51120734
0.4 0.1 1.1603041 0.51239187
0.35 0.8 1.1172215 0.4978947
0.4 0.2 1.1152875 0.48658603
0.4 0.05 1.1151836 0.5929789
0.35 0.9 1.1430104 0.49237272
0.4 0.35 1.1327541 0.51299715
0.4 0.25 1.1252481 0.4802945
0.4 0.3 1.1467199 0.5062775
0.4 0.15 1.1377815 0.5029381
0.25 0.05 1.1381462 0.44845194
0.4 0.4 1.1378915 0.5245888
0.4 0.5 1.1070846 0.50123876
0.4 0.45 1.1011184 0.49070087
0.4 0.55 1.1485927 0.49998632
0.25 0.55 1.1356413 0.49355602
0.45 0.2 1.1384798 0.53661305
0.45 0.1 1.1270124 0.49760196
0.5 0.65 1.1280959 0.48746973
0.45 0.25 1.1398346 0.49567708
0.4 0.75 1.1338043 0.4973886
0.45 0.4 1.1421145 0.50911254
0.4 0.6 1.1118377 0.4791078
0.5 0.05 1.1256299 0.4966455
0.5 0.15 1.1454202 0.49771985
0.5 0.4 1.1686343 0.50408536
0.45 0.9 1.106864 0.48305446
0.45 0.85 1.1206063 0.49797395
0.5 0.3 1.1504503 0.5171172
0.5 0.25 1.1261146 0.45803592
0.5 0.2 1.1262901 0.4976022
0.5 0.1 1.1174669 0.4844627
0.5 0.6 1.1091441 0.46314985
0.5 0.5 1.1040545 0.4639602
0.4 0.8 1.1315067 0.4908579
0.4 0.85 1.1236036 0.4956393
0.5 0.95 1.1196781 0.49737504
0.45 0.15 1.145704 0.55727774
0.55 0.1 1.1208352 0.48041472
0.55 0.25 1.1317775 0.506327
0.4 0.7 1.1064142 0.4942078
0.5 0.7 1.1106355 0.47910306
0.45 0.35 1.1403322 0.5366772
0.45 0.45 1.135289 0.5001215
0.5 1.0 1.1337197 0.4934656
0.45 0.05 1.1178573 0.5495795
0.5 0.35 1.1390002 0.501947
0.4 0.95 1.13312 0.5102069
0.55 0.15 1.1122761 0.50119215
0.45 0.8 1.119159 0.47988257
0.4 0.9 1.1269975 0.49026018
0.55 0.4 1.1416385 0.47433832
0.55 0.3 1.1388458 0.5036574
0.55 0.5 1.1296306 0.5233552
0.55 0.55 1.1193353 0.5051001
0.45 0.5 1.1245832 0.49595276
0.55 0.6 1.1280327 0.4854273
0.45 0.55 1.1348542 0.5131859
0.45 0.65 1.1484938 0.49206668
0.45 0.6 1.1286436 0.49813384
0.55 0.05 1.1063688 0.51226515
0.55 0.75 1.1413931 0.53470653
0.55 0.85 1.1525202 0.51841486
0.55 0.95 1.1356466 0.4904555
0.6 0.1 1.1083925 0.5208758
0.65 0.5 1.1451417 0.49718365
0.55 0.7 1.1124471 0.4941905
0.45 0.75 1.1242249 0.49670976
0.6 0.3 1.1389198 0.47948313
0.55 0.9 1.1298623 0.5060848
0.45 0.7 1.1450992 0.50636715
0.6 0.15 1.0643961 0.44680944
0.55 1.0 1.1161642 0.47410706
0.55 0.35 1.114526 0.52736455
0.6 0.2 1.1261456 0.5366851
0.6 0.25 1.1202161 0.50156844
0.55 0.2 1.1322473 0.526613
0.6 0.05 1.1436989 0.5635361
0.55 0.8 1.1267321 0.5179835
0.6 0.4 1.1206446 0.50770867
0.6 0.45 1.1136069 0.48601496
0.6 0.6 1.128939 0.48637435
0.6 0.55 1.1248628 0.4675141
0.6 0.5 1.1478409 0.5075923
0.6 0.35 1.1101005 0.51132625
0.6 0.7 1.1267363 0.51549333
0.6 0.75 1.1474682 0.542249
0.6 0.8 1.1115129 0.4826693
0.6 0.85 1.1196101 0.48743123
0.5 0.55 1.1424748 0.508021
0.55 0.45 1.1252667 0.52322865
0.4 0.65 1.1093893 0.4562948
0.6 1.0 1.1392833 0.494295
0.65 0.05 1.0473702 0.500914
0.6 0.95 1.1282116 0.487271
0.65 0.1 1.1808327 0.48848486
0.6 0.9 1.1279305 0.49849522
0.65 0.15 1.1737369 0.51564205
0.65 0.2 1.1294682 0.5054839
0.65 0.25 1.1401688 0.5138038
0.65 0.3 1.1090293 0.4567375
0.65 0.35 1.1155049 0.5184891
0.5 0.8 1.1517977 0.5353614
0.65 0.6 1.1707655 0.5141876
0.65 0.75 1.108719 0.47056553
0.65 0.95 1.1188743 0.5136369
0.7 0.15 1.0960882 0.46614957
0.65 0.65 1.1287062 0.49453157
0.5 0.75 1.1103427 0.5112298
0.65 0.8 1.1179607 0.48794356
0.65 0.85 1.1447682 0.51766545
0.65 0.9 1.1448102 0.48418027
0.65 0.7 1.1383154 0.5092612
0.65 1.0 1.1224924 0.4821222
0.7 0.45 1.0998962 0.48722392
0.5 0.85 1.138642 0.48962
0.7 0.35 1.1200377 0.5133633
0.7 0.05 1.13499 0.45399687
0.7 0.7 1.1243547 0.4960816
0.7 0.1 1.1346066 0.5633591
0.7 0.65 1.1379592 0.55052876
0.7 0.8 1.1584485 0.518956
0.7 0.4 1.1301953 0.51887137
0.7 0.5 1.1331303 0.5217358
0.7 0.2 1.1378071 0.5016229
0.55 0.65 1.1596963 0.50474554
0.7 0.3 1.0958802 0.4638
0.7 0.6 1.1316813 0.5004221
0.7 0.25 1.1411295 0.48752874
0.5 0.9 1.1354084 0.5055319
0.7 0.55 1.153239 0.51911134
0.75 0.55 1.173253 0.5199075
0.75 0.35 1.1167634 0.5183086
0.75 0.1 1.1030236 0.46220317
0.75 0.25 1.153746 0.5174749
0.75 0.05 1.2095312 0.5768339
0.75 0.15 1.1513109 0.48300356
0.75 0.4 1.1363219 0.51761156
0.7 0.95 1.1302066 0.51843584
0.75 0.5 1.1265826 0.48412633
0.75 0.95 1.1010721 0.4859115
0.75 0.8 1.1034366 0.48868924
0.6 0.65 1.1340039 0.5011631
0.75 1.0 1.1363878 0.5153937
0.8 0.6 1.13134 0.51985955
0.8 0.1 1.1055572 0.4442814
0.8 0.2 1.13434 0.51494783
0.75 0.6 1.1377203 0.4966974
0.75 0.7 1.1382473 0.50855744
0.8 0.15 1.1089906 0.46551105
0.85 0.6 1.1133534 0.47009912
0.75 0.65 1.1595199 0.5173335
0.8 0.45 1.1388212 0.5125502
0.8 0.25 1.1498581 0.53210133
0.65 0.4 1.1641731 0.49770132
0.8 0.5 1.1397305 0.5015179
0.85 0.05 1.1185266 0.50456446
0.65 0.45 1.1417325 0.4987206
0.8 0.35 1.1521727 0.5016361
0.8 0.55 1.1382225 0.50618196
0.8 0.3 1.1418016 0.49822947
0.8 0.4 1.148207 0.49825782
0.8 0.7 1.12839 0.4789404
0.8 0.05 1.1733274 0.56029284
0.85 0.25 1.1404507 0.4894647
0.75 0.45 1.1508647 0.50413364
0.85 0.35 1.1183616 0.49057907
0.7 0.9 1.155078 0.54092956
0.75 0.9 1.1166519 0.5110938
0.7 0.85 1.1343199 0.47689477
0.7 0.75 1.1246628 0.49789128
0.8 0.75 1.1229693 0.49574658
0.8 0.8 1.1329997 0.49170852
0.7 1.0 1.1241881 0.4975261
0.8 1.0 1.1297047 0.5138697
0.85 0.3 1.1201528 0.5088152
0.75 0.3 1.1228163 0.493217
0.85 0.4 1.121661 0.49018013
0.85 0.55 1.1372852 0.5028927
0.8 0.85 1.1244439 0.4821906
0.75 0.2 1.1339895 0.51088494
0.9 0.15 1.1272019 0.5246314
0.9 0.2 1.1471467 0.5066429
0.9 0.1 1.1402321 0.52149695
0.85 0.8 1.1488488 0.48453164
0.85 0.85 1.1379397 0.50906736
0.75 0.85 1.1404692 0.50931895
0.85 0.95 1.1336911 0.49655172
0.9 0.25 1.1444824 0.50389844
0.95 0.3 1.1554359 0.519709
0.9 0.75 1.1179168 0.46056736
0.9 0.55 1.1178219 0.4849232
0.9 0.7 1.1397936 0.5006545
0.9 0.3 1.1186823 0.49552268
0.9 0.8 1.1290543 0.48970816
0.9 0.85 1.1365263 0.50158364
0.95 0.2 1.1333243 0.5182268
0.95 0.05 1.1783595 0.5738533
0.95 0.45 1.1515441 0.49687
0.95 0.4 1.1035948 0.49373928
0.95 0.25 1.1210849 0.47797808
0.95 0.1 1.130887 0.4571239
0.9 0.45 1.1109107 0.5126094
0.9 0.9 1.1239922 0.48117808
0.8 0.65 1.1592678 0.5091867
0.9 0.5 1.1428602 0.5416458
0.95 0.6 1.1336942 0.49036986
0.95 0.8 1.1222916 0.51464474
1.0 0.05 1.0934601 0.45892987
0.95 0.75 1.1433299 0.5300996
0.95 0.7 1.1293964 0.5033471
1.0 0.1 1.1559355 0.49956474
0.85 0.1 1.1208603 0.43090066
0.95 0.95 1.1293367 0.5327256
0.95 1.0 1.1346694 0.49910614
0.95 0.9 1.1217178 0.48214322
0.95 0.85 1.1471064 0.5497462
1.0 0.15 1.1163051 0.5048923
0.85 0.2 1.1476103 0.4965811
0.95 0.65 1.1288626 0.5009809
0.9 1.0 1.1345522 0.5160617
1.0 0.5 1.140995 0.48882705
1.0 0.35 1.1092726 0.49096233
1.0 0.45 1.1174878 0.50636256
1.0 0.3 1.1039078 0.49756333
1.0 0.25 1.1403873 0.51305157
1.0 0.4 1.1322415 0.51272994
1.0 0.65 1.1128352 0.52201986
1.0 0.75 1.1051695 0.47576067
0.95 0.5 1.1457188 0.48844233
1.0 0.7 1.1299229 0.49089116
1.0 0.8 1.108234 0.47801787
1.0 0.95 1.1628379 0.52825415
1.0 1.0 1.1220808 0.47849017
0.85 0.7 1.132188 0.49234402
0.45 1.0 1.1211908 0.51056343
0.45 0.95 1.1334515 0.49212056
0.95 0.55 1.1398042 0.49213663
0.85 0.15 1.1537107 0.50415784
0.65 0.55 1.1231267 0.5098849
0.85 0.9 1.1176877 0.50958306
1.0 0.2 1.142319 0.50573313
0.85 0.65 1.1697454 0.54783934
0.85 1.0 1.1129662 0.49415472
0.9 0.05 1.1550872 0.5897128
0.9 0.35 1.1335886 0.49319965
0.9 0.65 1.1289524 0.5094286
0.85 0.75 1.1443703 0.51007545
0.35 1.0 1.1411997 0.5177007
0.9 0.95 1.1363281 0.49168617
0.95 0.15 1.1089622 0.480078
1.0 0.85 1.1452318 0.5150419
1.0 0.55 1.1272466 0.5053575
0.95 0.35 1.1085734 0.47966006
0.8 0.95 1.1189761 0.5121277
0.85 0.5 1.1397874 0.5248594
1.0 0.9 1.1149027 0.5049743
0.9 0.4 1.126517 0.49205723
0.45 0.3 1.1596512 0.5121422
1.0 0.6 1.130066 0.50382966
0.9 0.6 1.1306465 0.48671314
0.85 0.45 1.1521393 0.48813146
0.75 0.75 1.1330981 0.49348602
0.8 0.9 1.140075 0.49569908
0.5 0.45 1.1623834 0.5157131