
0.8 0.1 1.0796726 0.5183775
0.8 0.1 1.0821168 0.46832144
0.8 0.1 1.1217127 0.43518212
0.8 0.1 1.1197903 0.5092221
0.8 0.1 1.1685147 0.48282185
0.8 0.1 1.132789 0.42633325
0.8 0.1 1.198941 0.49555007
0.8 0.1 1.182441 0.5791002
0.8 0.1 1.1585544 0.629703
0.8 0.1 1.1138179 0.44360596
0.8 0.1 1.1390078 0.59566367
0.8 0.1 1.2128845 0.55663013
0.8 0.1 1.1130506 0.5478094
0.8 0.1 1.124849 0.46144512
0.8 0.1 1.1142749 0.53085476
0.8 0.1 1.0493658 0.51536316
0.8 0.1 1.1178987 0.5086731
0.8 0.1 1.0831255 0.48526895
0.8 0.1 1.2077534 0.5188894
0.8 0.1 1.1196328 0.45346987
0.8 0.1 1.1093153 0.57616025
0.8 0.1 1.1243064 0.5630602
0.8 0.1 1.1372283 0.48149365
0.8 0.1 1.1444479 0.5078767
0.8 0.1 1.0910454 0.5214556
0.8 0.1 1.0433304 0.45514947
0.8 0.1 1.0797951 0.49846232
0.8 0.1 1.1314867 0.5279501
0.8 0.1 1.1769289 0.51687735
0.8 0.1 1.140063 0.55548626
0.8 0.1 1.2338789 0.561385
0.8 0.1 1.1300442 0.49693182
0.8 0.1 1.1216431 0.45266318
0.8 0.1 1.0649908 0.53452593
0.8 0.1 1.1327324 0.5460044
0.8 0.1 1.147635 0.60900927
0.8 0.1 1.0398614 0.41927463
0.8 0.1 1.088941 0.51914984
0.8 0.1 1.1159127 0.47961682
0.8 0.1 1.0938475 0.515015
0.8 0.1 1.1073182 0.4472801
0.8 0.1 1.1155759 0.486702
0.8 0.1 1.1772379 0.49140474
0.8 0.1 1.1024268 0.54938316
0.8 0.1 1.2364115 0.53527105
0.8 0.1 1.0881745 0.52429503
0.8 0.1 1.1338547 0.59707105
0.8 0.1 1.2373773 0.612528
0.8 0.1 1.1394832 0.48410282
0.8 0.1 1.1880295 0.52839506
0.8 0.1 1.1029097 0.49755055
0.8 0.1 1.1976321 0.6146202
0.8 0.1 1.1112639 0.62389535
0.8 0.1 1.0775247 0.4712951
0.8 0.1 1.1530911 0.5564897
0.8 0.1 1.1205186 0.6020899
0.8 0.1 1.0398014 0.4484843
0.8 0.1 1.1978704 0.5564979
0.8 0.1 1.1778221 0.5571618
0.8 0.1 1.1005999 0.53315
0.8 0.1 1.1727146 0.47399616
0.8 0.1 1.1739078 0.50758076
0.8 0.1 1.0416846 0.42378926
0.8 0.1 1.0862505 0.5539652
0.8 0.1 1.0970671 0.4901954
0.8 0.1 1.1437525 0.5623763
0.8 0.1 1.0548294 0.4808995
0.8 0.1 1.0813072 0.49727103
0.8 0.1 1.1603488 0.52206844
0.8 0.1 1.1756438 0.5002135
0.8 0.1 1.1580597 0.5634313
0.8 0.1 1.1682436 0.5640539
0.8 0.1 1.1350982 0.49410787
0.8 0.1 1.1120178 0.58675754
0.8 0.1 1.0257885 0.4483643
0.8 0.1 1.0877047 0.4953485
0.8 0.1 1.1440436 0.47753572
0.8 0.1 1.1347765 0.53788286
0.8 0.1 1.1465266 0.49295086
0.8 0.1 1.0878438 0.48906472
0.8 0.1 1.061855 0.43296668
0.8 0.1 1.050605 0.45549223
0.8 0.1 1.1097403 0.5014031
0.8 0.1 1.1120851 0.6326374
0.8 0.1 1.127569 0.5582847
0.8 0.1 1.2311299 0.6597294
0.8 0.1 1.1193092 0.5109539
0.8 0.1 1.1092384 0.44799155
0.8 0.1 1.1922498 0.6163938
0.8 0.1 1.2304395 0.5773812
0.8 0.1 1.1956613 0.5324002
0.8 0.1 1.2460233 0.67357713
0.8 0.1 1.1459135 0.541752
0.8 0.1 1.0157759 0.5263765
0.8 0.1 1.1518686 0.54126424
0.8 0.1 1.0973344 0.4876419
0.8 0.1 1.191545 0.54087585
0.8 0.1 1.0416043 0.42427015
0.8 0.1 1.132334 0.5339211
0.8 0.1 1.0820159 0.497903
0.8 0.1 1.0548974 0.3705941
0.8 0.1 1.147195 0.50128204
0.8 0.1 1.1146529 0.4872151
0.8 0.1 1.1773803 0.5117975
0.8 0.1 1.082792 0.5188139
0.8 0.1 1.0824884 0.54797745
0.8 0.1 1.1739006 0.4668608
0.8 0.1 1.0898491 0.5268873
0.8 0.1 1.1524371 0.5222667
0.8 0.1 1.0805534 0.45085767
0.8 0.1 1.1990478 0.556812
0.8 0.1 1.1290745 0.5560014
0.8 0.1 1.1727067 0.44804862
0.8 0.1 1.1349766 0.5179408
0.8 0.1 1.2855301 0.8025562
0.8 0.1 1.1757393 0.61625564
0.8 0.1 1.1121867 0.5909641
0.8 0.1 1.1828544 0.5005773
0.8 0.1 1.1528411 0.47208044
0.8 0.1 1.0686786 0.46058625
0.8 0.1 1.1457108 0.5270186
0.8 0.1 1.180115 0.50138164
0.8 0.1 1.0367825 0.5033147
0.8 0.1 1.113539 0.57409596
0.8 0.1 1.145507 0.59839284
0.8 0.1 1.0611827 0.4354367
0.8 0.1 1.0541704 0.48060668
0.8 0.1 1.0626365 0.45066115
0.8 0.1 1.0505345 0.5321954
0.8 0.1 1.1241201 0.53260505
0.8 0.1 1.053438 0.56669307
0.8 0.1 1.0756536 0.4823556
0.8 0.1 1.1616356 0.43820575
0.8 0.1 1.1793025 0.49843055
0.8 0.1 1.1334145 0.6113462
0.8 0.1 1.1749265 0.53925437
0.8 0.1 1.2281685 0.54369605
0.8 0.1 1.1245185 0.5023049
0.8 0.1 1.1444175 0.66804075
0.8 0.1 1.1687729 0.5028973
0.8 0.1 1.0974171 0.47489834
0.8 0.1 1.0323908 0.45658857
0.8 0.1 1.1822846 0.4886577
0.8 0.1 1.1553246 0.46647248
0.8 0.1 1.1630665 0.5473964
0.8 0.1 1.0938917 0.4881057
0.8 0.1 1.0740988 0.49563032
0.8 0.1 1.122159 0.4637923
0.8 0.1 1.2539115 0.6678733
0.8 0.1 1.2283852 0.5690473
0.8 0.1 1.1341729 0.5771668
0.8 0.1 1.11577 0.5052604
0.8 0.1 1.1937386 0.588421
0.8 0.1 1.1599529 0.4848177
0.8 0.1 1.1255867 0.5419894
0.8 0.1 1.1461685 0.4511541
0.8 0.1 1.2057186 0.43661928
0.8 0.1 1.0909984 0.53706723
0.8 0.1 1.0794618 0.49066657
0.8 0.1 1.1109449 0.49053934
0.8 0.1 1.1112516 0.4685064
0.8 0.1 1.1927886 0.5698773
0.8 0.1 1.0945361 0.5471356
0.8 0.1 1.1108451 0.49712962
0.8 0.1 1.0769609 0.58392256
0.8 0.1 1.1411974 0.50783366
0.8 0.1 1.1099563 0.52504253
0.8 0.1 1.2332442 0.58705676
0.8 0.1 1.052997 0.42049247
0.8 0.1 1.081523 0.45999104
0.8 0.1 1.1824927 0.44889036
0.8 0.1 1.1036383 0.5412968
0.8 0.1 1.0879107 0.5753938
0.8 0.1 1.1595465 0.4328266
0.8 0.1 1.0650873 0.52039814
0.8 0.1 1.1412672 0.4619415
0.8 0.1 1.0965687 0.5238233
0.8 0.1 1.1190668 0.50927514
0.8 0.1 1.136254 0.5740482
0.8 0.1 1.0863012 0.5153075
0.8 0.1 1.1432674 0.48146695
0.8 0.1 1.075577 0.5279225
0.8 0.1 1.2152842 0.567458
0.8 0.1 1.2435944 0.58719164
0.8 0.1 1.1572222 0.46299353
0.8 0.1 1.088363 0.5018578
0.8 0.1 1.1972706 0.5173379
0.8 0.1 1.0452272 0.49970335
0.8 0.1 1.1542028 0.5403089
0.8 0.1 1.1136221 0.50523645
0.8 0.1 1.1607091 0.493009
0.8 0.1 1.1697171 0.53816366
0.8 0.1 1.1260608 0.64628136
0.8 0.1 1.1924887 0.58459884
0.8 0.1 1.1029505 0.559217
0.8 0.1 1.0895625 0.53092617
0.8 0.1 1.1045519 0.45642906
0.8 0.1 1.0658965 0.44616154
0.8 0.1 1.1534575 0.62696415
0.8 0.1 1.1220665 0.48103678
0.8 0.1 1.1415398 0.52092165
0.8 0.1 1.0691345 0.4302358
0.8 0.1 1.1789033 0.5199099
0.8 0.1 1.2093322 0.6025496
0.8 0.1 1.1000309 0.4968531
0.8 0.1 1.2486441 0.61884284
0.8 0.1 1.1933178 0.5875222
0.8 0.1 1.0828104 0.45213857
0.8 0.1 1.208535 0.49247435
0.8 0.1 1.1616604 0.4918646
0.8 0.1 1.129267 0.54427636
0.8 0.1 1.080405 0.49017534
0.8 0.1 1.0929413 0.5128751
0.8 0.1 1.1952522 0.6271433
0.8 0.1 1.1011128 0.5116954
0.8 0.1 1.0480419 0.45035586
0.8 0.1 1.16301 0.5162548
0.8 0.1 1.1031822 0.5028066
0.8 0.1 1.1538284 0.5179036
0.8 0.1 1.0780627 0.41911778
0.8 0.1 1.0478815 0.4559013
0.8 0.1 1.1664221 0.6136265
0.8 0.1 1.2117848 0.61220884
0.8 0.1 1.123897 0.48293027
0.8 0.1 1.2402823 0.5836954
0.8 0.1 1.253191 0.5940092
0.8 0.1 1.1026062 0.3739799
0.8 0.1 1.1159827 0.48832697
0.8 0.1 1.1395535 0.5738178
0.8 0.1 1.176141 0.5266635
0.8 0.1 1.0965433 0.48456097
0.8 0.1 1.0712311 0.4172703
0.8 0.1 1.0157241 0.45321006
0.8 0.1 1.1703929 0.51092523
0.8 0.1 1.1255945 0.5000855
0.8 0.1 1.1734537 0.48627403
0.8 0.1 1.076132 0.5083605
0.8 0.1 1.061093 0.4363102
0.8 0.1 1.0159891 0.47310966
0.8 0.1 1.2215662 0.5853253
0.8 0.1 1.1013288 0.48963764
0.8 0.1 1.0493218 0.5619706
0.8 0.1 1.1114776 0.4530547
0.8 0.1 1.2431369 0.5209703
0.8 0.1 1.1623806 0.56167054
0.8 0.1 1.0956511 0.46489802
0.8 0.1 1.1120473 0.57506955
0.8 0.1 1.1398373 0.48170722
0.8 0.1 1.105082 0.531464
0.8 0.1 1.0923523 0.45882782
0.8 0.1 0.99520123 0.40060815
0.8 0.1 1.1080779 0.55298156
0.8 0.1 1.0325103 0.43632662
0.8 0.1 1.2110682 0.66561115
0.8 0.1 1.1204094 0.46665516
0.8 0.1 1.1544949 0.55155593
0.8 0.1 1.1669232 0.5671117
0.8 0.1 1.1550328 0.44744888
0.8 0.1 1.0907384 0.54205364
0.8 0.1 1.1715393 0.51581395
0.8 0.1 1.0875683 0.47304147
0.8 0.1 1.1361026 0.58856016
0.8 0.1 1.0460157 0.4013799
0.8 0.1 1.2819027 0.64427763
0.8 0.1 1.1163371 0.49487478
0.8 0.1 1.2589797 0.5753823
0.8 0.1 1.0883259 0.49985635
0.8 0.1 1.1883736 0.59326404
0.8 0.1 1.2375349 0.6204866
0.8 0.1 1.1242219 0.56651396
0.8 0.1 1.0930248 0.5368153
0.8 0.1 1.1178124 0.48362127
0.8 0.1 1.1561782 0.52814597
0.8 0.1 1.0828254 0.57203436
0.8 0.1 1.1490314 0.52542293
0.8 0.1 1.1494801 0.5023825
0.8 0.1 1.2027919 0.6009634
0.8 0.1 1.1722589 0.47406602
0.8 0.1 1.0713793 0.51504445
0.8 0.1 1.160828 0.48822314
0.8 0.1 1.1014297 0.537165
0.8 0.1 1.1144637 0.5757612
0.8 0.1 1.1616493 0.5047615
0.8 0.1 1.0334189 0.5065284
0.8 0.1 1.0257412 0.47618142
0.8 0.1 1.1775191 0.47831902
0.8 0.1 1.0653327 0.43447202
0.8 0.1 1.1051034 0.5133706
0.8 0.1 1.1967665 0.49990693
0.8 0.1 1.1389242 0.54752654
0.8 0.1 1.2093074 0.58675694
0.8 0.1 1.0898186 0.44712198
0.8 0.1 1.1639549 0.5623235
0.8 0.1 1.2116215 0.51221216
0.8 0.1 1.252024 0.56220233
0.8 0.1 1.0706936 0.5004322
0.8 0.1 1.2680035 0.53191537
0.8 0.1 1.1016786 0.47268224
0.8 0.1 1.1739761 0.5631383
0.8 0.1 1.1705669 0.5089841
0.8 0.1 1.089319 0.5067677
0.8 0.1 1.115112 0.5180803
0.8 0.1 1.1316091 0.49453846
0.8 0.1 1.1352875 0.5561184
0.8 0.1 1.2564387 0.5924542
0.8 0.1 1.1387079 0.5619104
0.8 0.1 1.0470455 0.49321333
0.8 0.1 1.1010627 0.5516699
0.8 0.1 1.1995608 0.59045655
0.8 0.1 1.1296301 0.5601274
0.8 0.1 1.1789904 0.6023117
0.8 0.1 1.1494223 0.5563774
0.8 0.1 1.1628587 0.5084659
0.8 0.1 1.0867146 0.5020021
0.8 0.1 1.1951301 0.6343951
0.8 0.1 1.1466035 0.5099409
0.8 0.1 1.0803082 0.5567279
0.8 0.1 1.1436301 0.535706
0.8 0.1 1.1395881 0.4358908
0.8 0.1 1.1650518 0.49621147
0.8 0.1 1.1564268 0.5859054
0.8 0.1 1.0398196 0.38730738
0.8 0.1 1.1752942 0.55206877
0.8 0.1 1.1703099 0.5722466
0.8 0.1 1.2465996 0.64180404
0.8 0.1 1.1252425 0.48836315
0.8 0.1 1.235647 0.5924195
0.8 0.1 1.2032923 0.49962878
0.8 0.1 1.2306641 0.6368311
0.8 0.1 1.1399761 0.4585625
0.8 0.1 1.112209 0.4928246
0.8 0.1 1.0917346 0.39490587
0.8 0.1 1.0961999 0.48716173
0.8 0.1 1.1257358 0.5145344
0.8 0.1 1.0286038 0.3546279
0.8 0.1 1.1040758 0.4377958
0.8 0.1 1.1171834 0.53349715
0.8 0.1 1.0683643 0.4650639
0.8 0.1 1.1771569 0.53187764
0.8 0.1 1.0573751 0.48264852
0.8 0.1 1.1529953 0.5357775
0.8 0.1 1.1191992 0.46849155
0.8 0.1 1.124438 0.5982753
0.8 0.1 1.1544212 0.4511039
0.8 0.1 1.0921043 0.41475958
0.8 0.1 1.1181102 0.48862204
0.8 0.1 1.1966506 0.48030946
0.8 0.1 1.1070826 0.5493608
0.8 0.1 1.201829 0.53811353
0.8 0.1 1.2097219 0.55670166
0.8 0.1 1.1515633 0.5132964
0.8 0.1 1.0900679 0.48400235
0.8 0.1 1.0215151 0.46479365
0.8 0.1 1.1824772 0.54532796
0.8 0.1 1.2191241 0.5831465
0.8 0.1 1.1035062 0.47200468
0.8 0.1 1.1464765 0.5320405
0.8 0.1 1.1474129 0.60497266
0.8 0.1 1.2121226 0.5363077
0.8 0.1 1.1088312 0.48369342
0.8 0.1 1.1613553 0.48965696
0.8 0.1 1.171675 0.5063934
0.8 0.1 1.1804993 0.5451407
0.8 0.1 1.1748189 0.5117645
0.8 0.1 1.1382761 0.6216175
0.8 0.1 1.1766741 0.45745975
0.8 0.1 1.1625454 0.6123222
0.8 0.1 1.1355112 0.50601166
0.8 0.1 1.174082 0.5566927
0.8 0.1 1.1682094 0.5694186
0.8 0.1 1.0812083 0.45780966
0.8 0.1 1.1754019 0.53050756
0.8 0.1 1.1687052 0.53281796
0.8 0.1 1.0900358 0.46973726
0.8 0.1 1.2103449 0.48518452
0.8 0.1 1.1580638 0.57689345
0.8 0.1 1.1186117 0.5295329
0.8 0.1 1.0945237 0.5355816
0.8 0.1 1.0238588 0.5121364
0.8 0.1 1.1357489 0.45649466
0.8 0.1 1.1393952 0.43000892
0.8 0.1 1.1304247 0.52635115
0.8 0.1 1.1215373 0.5055581
0.8 0.1 1.1757376 0.6042307
0.8 0.1 1.1012461 0.518041
0.8 0.1 1.1191498 0.42536202
0.8 0.1 1.0937159 0.44496143
0.8 0.1 1.1459957 0.46336934
0.8 0.1 1.1281095 0.4562474
0.8 0.1 1.1190357 0.5422289
0.8 0.1 1.1056745 0.4916824
0.8 0.1 1.1663461 0.4907467
0.8 0.1 1.176017 0.5737329
0.8 0.1 1.0385062 0.42090043
0.8 0.1 1.1952821 0.52394336
0.8 0.1 1.086643 0.49057838
0.8 0.1 1.1611096 0.50815684
0.8 0.1 1.1624955 0.5122038
0.8 0.1 1.0575527 0.39175463
0.8 0.1 1.1258826 0.51819384