lengthscale l2regularizer rmse_mean rmse_std

0.050 0.025 1.171709 0.571599
0.050 0.050 1.234944 0.610871
0.050 0.075 1.101451 0.459086
0.050 0.100 1.152349 0.453915
0.050 0.125 1.118039 0.508037
0.050 0.150 1.094937 0.421585
0.050 0.175 1.210021 0.518915
0.050 0.200 1.185050 0.436131
0.050 0.225 1.162327 0.500014
0.050 0.250 1.088155 0.461487
0.050 0.275 1.155519 0.471771
0.050 0.300 1.144203 0.483667
0.050 0.325 1.201223 0.485866
0.050 0.350 1.174041 0.447457
0.050 0.375 1.198633 0.607720
0.050 0.400 1.081297 0.415039
0.050 0.425 1.192509 0.528006
0.050 0.450 1.209427 0.541547
0.050 0.475 1.144855 0.513514
0.050 0.500 1.115404 0.556132
0.050 0.525 1.137191 0.518205
0.050 0.550 1.127838 0.482074
0.050 0.575 1.206122 0.585915
0.050 0.600 1.200579 0.584850
0.050 0.625 1.178784 0.600452
0.050 0.650 1.155197 0.493127
0.050 0.675 1.056682 0.482818
0.050 0.700 1.121551 0.468888
0.050 0.725 1.144736 0.545563
0.050 0.750 1.212347 0.548789
0.050 0.775 1.133811 0.468668
0.050 0.800 1.139042 0.537061
0.050 0.825 1.140208 0.496153
0.050 0.850 1.138234 0.441267
0.050 0.875 1.142151 0.512190
0.050 0.900 1.081898 0.456968
0.050 0.925 1.150330 0.471727
0.050 0.950 1.081161 0.403749
0.050 0.975 1.127740 0.573078
0.050 1.000 1.141918 0.563926
0.075 0.025 1.176290 0.589649
0.075 0.050 1.167132 0.463123
0.075 0.075 1.165779 0.575484
0.075 0.100 1.129123 0.547995
0.075 0.125 1.197081 0.538071
0.075 0.150 1.276449 0.704748
0.075 0.175 1.189163 0.557175
0.075 0.200 1.172292 0.536833
0.075 0.225 1.166865 0.427084
0.075 0.250 1.142315 0.453112
0.075 0.275 1.247346 0.633039
0.075 0.300 1.211491 0.510134
0.075 0.325 1.105737 0.524079
0.075 0.350 1.139426 0.465763
0.075 0.375 1.202623 0.568909
0.075 0.400 1.195151 0.599041
0.075 0.425 1.111812 0.462384
0.075 0.450 1.224273 0.606524
0.075 0.475 1.129654 0.477902
0.075 0.500 1.251819 0.501455
0.075 0.525 1.131879 0.504476
0.075 0.550 1.126235 0.433966
0.075 0.575 1.154058 0.617466
0.075 0.600 1.218424 0.552991
0.075 0.625 1.123599 0.466960
0.075 0.650 1.172741 0.484792
0.075 0.675 1.177843 0.527167
0.075 0.700 1.131323 0.608593
0.075 0.725 1.128318 0.552521
0.075 0.750 1.065564 0.503632
0.075 0.775 1.121412 0.499886
0.075 0.800 1.179332 0.555694
0.075 0.825 1.167857 0.621271
0.075 0.850 1.171262 0.554426
0.075 0.875 1.110195 0.556828
0.075 0.900 1.145900 0.492350
0.075 0.925 1.081102 0.443141
0.075 0.950 1.213811 0.570753
0.075 0.975 1.073433 0.448450
0.075 1.000 1.209266 0.631645
0.100 0.025 1.012968 0.443601
0.100 0.050 1.176991 0.516086
0.100 0.075 1.296209 0.622729
0.100 0.100 1.108273 0.456813
0.100 0.125 1.230872 0.609414
0.100 0.150 1.187939 0.597021
0.100 0.175 1.139539 0.590899
0.100 0.200 1.121381 0.428831
0.100 0.225 1.182817 0.570459
0.100 0.250 1.159255 0.471433
0.100 0.275 1.087097 0.399598
0.100 0.300 1.164497 0.581059
0.100 0.325 1.186516 0.581103
0.100 0.350 1.036642 0.460095
0.100 0.375 1.182632 0.531548
0.100 0.400 1.193290 0.527881
0.100 0.425 1.113698 0.482936
0.100 0.450 1.072375 0.442608
0.100 0.475 1.095259 0.405236
0.100 0.500 1.105652 0.460245
0.100 0.525 1.168450 0.499843
0.100 0.550 1.135661 0.471563
0.100 0.575 1.073548 0.514458
0.100 0.600 1.209298 0.523373
0.100 0.625 1.141649 0.616555
0.100 0.650 1.190578 0.571653
0.100 0.675 1.112675 0.433164
0.100 0.700 1.114310 0.538448
0.100 0.725 1.222912 0.496613
0.100 0.750 1.059521 0.454180
0.100 0.775 1.067467 0.411963
0.100 0.800 1.152005 0.467790
0.100 0.825 1.160270 0.470726
0.100 0.850 1.154598 0.596559
0.100 0.875 1.153031 0.545893
0.100 0.900 1.122181 0.562750
0.100 0.925 1.165946 0.554060
0.100 0.950 1.138706 0.517516
0.100 0.975 1.164942 0.593967
0.100 1.000 1.077538 0.392522
0.125 0.025 1.077709 0.523913
0.125 0.050 1.081713 0.425532
0.125 0.075 1.157895 0.499855
0.125 0.100 1.145154 0.533339
0.125 0.125 1.173860 0.505525
0.125 0.150 1.094372 0.459672
0.125 0.175 1.177978 0.590956
0.125 0.200 1.181119 0.555430
0.125 0.225 1.131483 0.544771
0.125 0.250 1.123933 0.463122
0.125 0.275 1.111476 0.432059
0.125 0.300 1.100667 0.441774
0.125 0.325 1.213382 0.619865
0.125 0.350 1.185827 0.495119
0.125 0.375 1.215725 0.614930
0.125 0.400 1.192704 0.543254
0.125 0.425 1.199014 0.456574
0.125 0.450 1.199349 0.568248
0.125 0.475 1.147766 0.505091
0.125 0.500 1.188087 0.498105
0.125 0.525 1.295472 0.579281
0.125 0.550 1.186509 0.595567
0.125 0.575 1.229966 0.571563
0.125 0.600 1.106060 0.487834
0.125 0.625 1.196223 0.504822
0.125 0.650 1.147520 0.537968
0.125 0.675 1.144606 0.540139
0.125 0.700 1.193282 0.462951
0.125 0.725 1.280673 0.684000
0.125 0.750 1.149043 0.448840
0.125 0.775 1.118611 0.463064
0.125 0.800 1.125702 0.454210
0.125 0.825 1.237785 0.541188
0.125 0.850 1.193822 0.526578
0.125 0.875 1.175700 0.434671
0.125 0.900 1.136174 0.424430
0.125 0.925 1.162075 0.586869
0.125 0.950 1.186480 0.597446
0.125 0.975 1.153311 0.471841
0.125 1.000 1.095295 0.469426
0.150 0.025 1.329931 0.662955
0.150 0.050 1.141694 0.463621
0.150 0.075 1.160526 0.424861
0.150 0.100 1.097025 0.455791
0.150 0.125 1.031663 0.425852
0.150 0.150 1.145613 0.547136
0.150 0.175 1.147258 0.524530
0.150 0.200 1.170048 0.501502
0.150 0.225 1.144942 0.449205
0.150 0.250 1.156537 0.598294
0.150 0.275 1.038284 0.453680
0.150 0.300 1.038252 0.466494
0.150 0.325 1.102023 0.492850
0.150 0.350 1.131413 0.567793
0.150 0.375 1.156848 0.600427
0.150 0.400 1.259459 0.498628
0.150 0.425 1.095641 0.482118
0.150 0.450 1.169459 0.510797
0.150 0.475 1.087530 0.477679
0.150 0.500 1.268281 0.675812
0.150 0.525 1.145904 0.581777
0.150 0.550 1.111812 0.417467
0.150 0.575 1.124558 0.523096
0.150 0.600 1.181175 0.533247
0.150 0.625 1.121787 0.497376
0.150 0.650 1.132329 0.490335
0.150 0.675 1.127184 0.565583
0.150 0.700 1.137450 0.469912
0.150 0.725 1.159846 0.518072
0.150 0.750 1.094843 0.456778
0.150 0.775 1.086744 0.553507
0.150 0.800 1.132408 0.436756
0.150 0.825 1.213664 0.573879
0.150 0.850 1.137559 0.492664
0.150 0.875 1.175363 0.518144
0.150 0.900 1.148983 0.549899
0.150 0.925 1.166257 0.582545
0.150 0.950 1.042423 0.502048
0.150 0.975 1.125645 0.534988
0.150 1.000 1.099297 0.464813
0.175 0.025 1.085479 0.465728
0.175 0.050 1.201525 0.614135
0.175 0.075 1.246183 0.597527
0.175 0.100 1.044351 0.459344
0.175 0.125 1.119892 0.455680
0.175 0.150 1.050776 0.478669
0.175 0.175 1.112558 0.586534
0.175 0.200 1.156742 0.510596
0.175 0.225 1.091474 0.502967
0.175 0.250 1.134268 0.508186
0.175 0.275 1.084644 0.515044
0.175 0.300 1.147131 0.510635
0.175 0.325 1.137428 0.612226
0.175 0.350 1.102440 0.410239
0.175 0.375 1.085983 0.509569
0.175 0.400 1.257912 0.634106
0.175 0.425 1.123598 0.522553
0.175 0.450 1.070528 0.392747
0.175 0.475 1.164891 0.556791
0.175 0.500 1.076380 0.471330
0.175 0.525 1.134408 0.464914
0.175 0.550 1.081852 0.469972
0.175 0.575 1.187657 0.492421
0.175 0.600 1.103999 0.501666
0.175 0.625 1.127319 0.532079
0.175 0.650 1.184614 0.594594
0.175 0.675 1.076860 0.467281
0.175 0.700 1.113756 0.467020
0.175 0.725 1.147335 0.534968
0.175 0.750 1.092076 0.464017
0.175 0.775 1.134554 0.453733
0.175 0.800 1.152596 0.456260
0.175 0.825 1.123658 0.445333
0.175 0.850 1.164613 0.552218
0.175 0.875 1.117646 0.444342
0.175 0.900 1.222367 0.596449
0.175 0.925 1.071798 0.509772
0.175 0.950 1.235404 0.516107
0.175 0.975 1.233860 0.537228
0.175 1.000 1.119477 0.440436
0.200 0.025 1.145697 0.439526
0.200 0.050 1.022300 0.442815
0.200 0.075 1.107296 0.491966
0.200 0.100 1.203750 0.638610
0.200 0.125 1.235413 0.606901
0.200 0.150 1.135138 0.557809
0.200 0.175 1.148041 0.537494
0.200 0.200 1.000861 0.445817
0.200 0.225 1.170760 0.626649
0.200 0.250 1.114106 0.591148
0.200 0.275 1.218391 0.596924
0.200 0.300 1.150381 0.573841
0.200 0.325 1.045676 0.490640
0.200 0.350 1.194331 0.541085
0.200 0.375 1.021400 0.340613
0.200 0.400 1.119573 0.436050
0.200 0.425 1.137560 0.477282
0.200 0.450 1.180814 0.478654
0.200 0.475 1.066414 0.383801
0.200 0.500 1.251404 0.593731
0.200 0.525 1.129887 0.544347
0.200 0.550 1.106373 0.435752
0.200 0.575 1.190796 0.599747
0.200 0.600 1.150987 0.503989
0.200 0.625 1.200304 0.519600
0.200 0.650 1.139938 0.502669
0.200 0.675 1.171968 0.604537
0.200 0.700 1.131863 0.470950
0.200 0.725 1.081937 0.488036
0.200 0.750 1.148003 0.431594
0.200 0.775 1.137621 0.409236
0.200 0.800 1.163577 0.494268
0.200 0.825 1.185595 0.480726
0.200 0.850 1.121391 0.468940
0.200 0.875 1.173075 0.420121
0.200 0.900 1.103804 0.510822
0.200 0.925 1.068243 0.511610
0.200 0.950 1.212965 0.589159
0.200 0.975 1.074829 0.402900
0.200 1.000 1.103338 0.476438
0.225 0.025 1.140891 0.534257
0.225 0.050 1.138742 0.515520
0.225 0.075 1.149598 0.520540
0.225 0.100 1.038624 0.442553
0.225 0.125 1.191136 0.491612
0.225 0.150 1.175760 0.586668
0.225 0.175 1.219872 0.568366
0.225 0.200 1.170863 0.571959
0.225 0.225 1.090651 0.443126
0.225 0.250 1.171116 0.545531
0.225 0.275 1.153171 0.561448
0.225 0.300 1.195005 0.479931
0.225 0.325 1.109365 0.539869
0.225 0.350 1.186730 0.562667
0.225 0.375 1.200014 0.534079
0.225 0.400 1.130980 0.539093
0.225 0.425 1.073147 0.506017
0.225 0.450 1.090155 0.474893
0.225 0.475 1.051066 0.495401
0.225 0.500 1.163132 0.473809
0.225 0.525 1.184041 0.558743
0.225 0.550 1.136118 0.588425
0.225 0.575 1.205954 0.597467
0.225 0.600 1.142578 0.532857
0.225 0.625 1.147532 0.574639
0.225 0.650 1.092731 0.477380
0.225 0.675 1.166081 0.652071
0.225 0.700 1.191545 0.437642
0.225 0.725 1.079874 0.445079
0.225 0.750 1.202167 0.610445
0.225 0.775 1.157944 0.526202
0.225 0.800 1.140355 0.527520
0.225 0.825 1.102903 0.586662
0.225 0.850 1.181020 0.471631
0.225 0.875 1.196114 0.556750
0.225 0.900 1.148045 0.487269
0.225 0.925 1.100174 0.490308
0.225 0.950 1.112077 0.401721
0.225 0.975 1.147717 0.510390
0.225 1.000 1.226231 0.507409
0.250 0.025 1.207385 0.566843
0.250 0.050 1.068813 0.518927
0.250 0.075 1.083887 0.396987
0.250 0.100 1.151533 0.631323
0.250 0.125 1.140357 0.608629
0.250 0.150 1.162195 0.578766
0.250 0.175 1.128579 0.597852
0.250 0.200 1.166477 0.554219
0.250 0.225 1.154417 0.521649
0.250 0.250 1.058263 0.509823
0.250 0.275 1.180958 0.514762
0.250 0.300 1.110825 0.500418
0.250 0.325 1.162346 0.563004
0.250 0.350 1.137667 0.572036
0.250 0.375 1.179985 0.630291
0.250 0.400 1.060147 0.565260
0.250 0.425 1.156744 0.481586
0.250 0.450 1.171388 0.510555
0.250 0.475 1.068340 0.527128
0.250 0.500 1.128493 0.503856
0.250 0.525 1.160410 0.426421
0.250 0.550 1.129458 0.482174
0.250 0.575 1.125366 0.482655
0.250 0.600 1.103347 0.443231
0.250 0.625 1.136288 0.431241
0.250 0.650 1.125614 0.528051
0.250 0.675 1.131865 0.533116
0.250 0.700 1.093626 0.413918
0.250 0.725 1.140053 0.615424
0.250 0.750 1.109271 0.457861
0.250 0.775 0.983592 0.446561
0.250 0.800 1.175622 0.527695
0.250 0.825 1.181089 0.631392
0.250 0.850 1.179029 0.537157
0.250 0.875 1.115814 0.566204
0.250 0.900 1.132266 0.531341
0.250 0.925 1.092441 0.494090
0.250 0.950 1.128133 0.458409
0.250 0.975 1.139706 0.539900
0.250 1.000 1.146396 0.521776
0.275 0.025 1.088522 0.475957
0.275 0.050 1.157881 0.596835
0.275 0.075 1.171538 0.589552
0.275 0.100 1.211731 0.580244
0.275 0.125 1.145927 0.501602
0.275 0.150 1.038219 0.435610
0.275 0.175 1.149291 0.533018
0.275 0.200 1.121883 0.375815
0.275 0.225 1.236369 0.536091
0.275 0.250 1.148524 0.538790
0.275 0.275 1.204502 0.561848
0.275 0.300 1.177361 0.509156
0.275 0.325 1.200181 0.539255
0.275 0.350 1.159680 0.509239
0.275 0.375 1.161730 0.440313
0.275 0.400 1.102307 0.525811
0.275 0.425 1.060332 0.422424
0.275 0.450 1.092037 0.510168
0.275 0.475 1.160260 0.468729
0.275 0.500 1.157885 0.481572
0.275 0.525 1.137665 0.525546
0.275 0.550 1.097556 0.581883
0.275 0.575 1.188913 0.555214
0.275 0.600 1.076382 0.500563
0.275 0.625 1.124308 0.468332
0.275 0.650 1.206896 0.505395
0.275 0.675 1.205935 0.612946
0.275 0.700 1.190702 0.601209
0.275 0.725 1.071807 0.477969
0.275 0.750 1.128344 0.438076
0.275 0.775 1.051042 0.528405
0.275 0.800 1.112739 0.517660
0.275 0.825 1.178050 0.539840
0.275 0.850 1.178316 0.555721
0.275 0.875 1.123409 0.503672
0.275 0.900 1.189728 0.532135
0.275 0.925 1.079547 0.461083
0.275 0.950 1.078848 0.442262
0.275 0.975 1.190223 0.490992
0.275 1.000 1.107733 0.519492
0.300 0.025 1.183392 0.670662
0.300 0.050 1.060224 0.495519
0.300 0.075 1.155787 0.459230
0.300 0.100 1.187958 0.422897
0.300 0.125 1.102731 0.573136
0.300 0.150 1.162635 0.595310
0.300 0.175 1.250062 0.512112
0.300 0.200 1.138989 0.567520
0.300 0.225 1.050207 0.423225
0.300 0.250 1.160654 0.529810
0.300 0.275 1.127817 0.448482
0.300 0.300 1.128417 0.456064
0.300 0.325 1.172614 0.492961
0.300 0.350 1.264500 0.629638
0.300 0.375 1.119317 0.526690
0.300 0.400 1.166332 0.530671
0.300 0.425 1.077340 0.486376
0.300 0.450 1.053457 0.484791
0.300 0.475 1.119673 0.470702
0.300 0.500 1.169385 0.519289
0.300 0.525 1.087499 0.591243
0.300 0.550 1.088368 0.505911
0.300 0.575 1.166246 0.439369
0.300 0.600 1.118172 0.584787
0.300 0.625 1.171197 0.542291
0.300 0.650 1.023481 0.534978
0.300 0.675 1.086349 0.448528
0.300 0.700 1.175419 0.442044
0.300 0.725 1.151816 0.572439
0.300 0.750 1.076636 0.516987
0.300 0.775 1.085040 0.478372
0.300 0.800 1.089017 0.564520
0.300 0.825 1.124267 0.447382
0.300 0.850 1.105535 0.445274
0.300 0.875 1.109080 0.451121
0.300 0.900 1.153896 0.539586
0.300 0.925 1.093939 0.520092
0.300 0.950 1.126696 0.466516
0.300 0.975 1.149150 0.502895
0.300 1.000 1.216788 0.570627
0.325 0.025 1.055171 0.393404
0.325 0.050 1.071924 0.464902
0.325 0.075 1.059345 0.520371
0.325 0.100 1.035255 0.487389
0.325 0.125 1.129488 0.508541
0.325 0.150 1.087913 0.434537
0.325 0.175 1.085840 0.534673
0.325 0.200 1.096704 0.518478
0.325 0.225 1.086024 0.562862
0.325 0.250 1.024115 0.416266
0.325 0.275 1.084735 0.523100
0.325 0.300 1.070428 0.465695
0.325 0.325 1.178472 0.520167
0.325 0.350 1.202335 0.455622
0.325 0.375 1.237075 0.525304
0.325 0.400 1.178195 0.529586
0.325 0.425 1.182458 0.607599
0.325 0.450 1.156692 0.583367
0.325 0.475 1.196347 0.486770
0.325 0.500 1.128630 0.517572
0.325 0.525 1.152584 0.437446
0.325 0.550 1.146409 0.525983
0.325 0.575 1.052210 0.453117
0.325 0.600 1.165739 0.574936
0.325 0.625 1.169970 0.424820
0.325 0.650 1.045945 0.483091
0.325 0.675 1.099806 0.552736
0.325 0.700 1.246762 0.581431
0.325 0.725 1.047659 0.435217
0.325 0.750 1.131717 0.449256
0.325 0.775 1.153403 0.560961
0.325 0.800 1.128729 0.529810
0.325 0.825 1.046942 0.489813
0.325 0.850 1.130076 0.493409
0.325 0.875 1.154129 0.469391
0.325 0.900 1.094008 0.427878
0.325 0.925 1.148832 0.423153
0.325 0.950 1.179485 0.541052
0.325 0.975 1.208074 0.543166
0.325 1.000 1.154642 0.510220
0.350 0.025 1.100203 0.478098
0.350 0.050 1.280595 0.673947
0.350 0.075 1.221791 0.623423
0.350 0.100 1.100781 0.452010
0.350 0.125 1.116844 0.482806
0.350 0.150 1.176462 0.578045
0.350 0.175 1.112621 0.478296
0.350 0.200 1.114634 0.465900
0.350 0.225 1.173751 0.483200
0.350 0.250 1.063111 0.505559
0.350 0.275 1.172385 0.477901
0.350 0.300 1.039884 0.497639
0.350 0.325 1.105701 0.494547
0.350 0.350 1.130083 0.500685
0.350 0.375 1.160973 0.607140
0.350 0.400 1.156072 0.535681
0.350 0.425 1.156619 0.517977
0.350 0.450 1.160134 0.574752
0.350 0.475 1.153316 0.446909
0.350 0.500 1.131987 0.526316
0.350 0.525 1.131487 0.459081
0.350 0.550 1.138524 0.436852
0.350 0.575 1.158606 0.533682
0.350 0.600 1.145750 0.532838
0.350 0.625 1.174822 0.542631
0.350 0.650 1.020116 0.465189
0.350 0.675 1.261815 0.589367
0.350 0.700 1.155075 0.535788
0.350 0.725 1.087378 0.427117
0.350 0.750 1.154307 0.547581
0.350 0.775 1.137617 0.494439
0.350 0.800 1.170256 0.530675
0.350 0.825 1.114305 0.519089
0.350 0.850 1.112407 0.489631
0.350 0.875 1.074524 0.468866
0.350 0.900 1.128789 0.543430
0.350 0.925 1.128334 0.473803
0.350 0.950 1.115819 0.499793
0.350 0.975 1.113446 0.593596
0.350 1.000 1.151754 0.580947
0.375 0.025 1.146300 0.605734
0.375 0.050 1.110969 0.537849
0.375 0.075 1.235331 0.701966
0.375 0.100 1.152712 0.429727
0.375 0.125 1.143539 0.497173
0.375 0.150 1.171794 0.530391
0.375 0.175 1.132473 0.572516
0.375 0.200 1.068792 0.503884
0.375 0.225 1.104871 0.513863
0.375 0.250 1.192207 0.522821
0.375 0.275 1.159183 0.603227
0.375 0.300 1.175461 0.467752
0.375 0.325 1.170610 0.511494
0.375 0.350 1.165137 0.589806
0.375 0.375 1.151470 0.522817
0.375 0.400 1.179776 0.541321
0.375 0.425 1.021831 0.423638
0.375 0.450 1.191486 0.566208
0.375 0.475 1.091588 0.472776
0.375 0.500 1.173697 0.565808
0.375 0.525 1.054591 0.516747
0.375 0.550 1.197814 0.634555
0.375 0.575 1.078403 0.494127
0.375 0.600 1.158506 0.537414
0.375 0.625 1.114539 0.507206
0.375 0.650 1.168825 0.647148
0.375 0.675 1.140882 0.457364
0.375 0.700 1.099431 0.474242
0.375 0.725 1.122495 0.501215
0.375 0.750 1.095838 0.485458
0.375 0.775 1.134742 0.471895
0.375 0.800 1.128355 0.514310
0.375 0.825 1.138884 0.541208
0.375 0.850 1.170948 0.586894
0.375 0.875 1.044275 0.469653
0.375 0.900 1.169873 0.512609
0.375 0.925 1.146654 0.555292
0.375 0.950 1.168772 0.499807
0.375 0.975 1.194775 0.549761
0.375 1.000 1.136118 0.460641
0.400 0.025 1.192367 0.609964
0.400 0.050 1.167992 0.576760
0.400 0.075 1.162079 0.466319
0.400 0.100 1.148803 0.478129
0.400 0.125 1.166479 0.571318
0.400 0.150 1.216375 0.567726
0.400 0.175 1.017145 0.440116
0.400 0.200 1.171912 0.515409
0.400 0.225 1.138943 0.553927
0.400 0.250 1.149504 0.507686
0.400 0.275 1.165819 0.606173
0.400 0.300 1.156732 0.472091
0.400 0.325 1.094037 0.544453
0.400 0.350 1.191517 0.608673
0.400 0.375 1.138550 0.490113
0.400 0.400 1.094605 0.440730
0.400 0.425 1.089761 0.650057
0.400 0.450 1.144526 0.529180
0.400 0.475 1.042254 0.543461
0.400 0.500 1.058614 0.527585
0.400 0.525 1.163309 0.462032
0.400 0.550 1.168457 0.501977
0.400 0.575 1.061404 0.547015
0.400 0.600 1.248308 0.473211
0.400 0.625 1.164600 0.505916
0.400 0.650 1.181630 0.493146
0.400 0.675 1.167005 0.577583
0.400 0.700 1.163096 0.491368
0.400 0.725 1.096621 0.483262
0.400 0.750 1.156528 0.468471
0.400 0.775 1.239993 0.588091
0.400 0.800 1.216571 0.533294
0.400 0.825 1.152456 0.501595
0.400 0.850 1.089925 0.558949
0.400 0.875 1.231629 0.604263
0.400 0.900 1.074674 0.489732
0.400 0.925 1.080111 0.522059
0.400 0.950 1.145529 0.546060
0.400 0.975 1.220417 0.531326
0.400 1.000 1.100554 0.546450
0.425 0.025 1.205410 0.625381
0.425 0.050 1.103035 0.478355
0.425 0.075 1.146653 0.463601
0.425 0.100 1.231803 0.524368
0.425 0.125 1.226887 0.581438
0.425 0.150 1.202668 0.646568
0.425 0.175 1.217451 0.486964
0.425 0.200 1.183636 0.596209
0.425 0.225 1.138157 0.468353
0.425 0.250 1.117895 0.521776
0.425 0.275 1.092280 0.493789
0.425 0.300 1.079697 0.452443
0.425 0.325 1.149034 0.505595
0.425 0.350 1.156600 0.576092
0.425 0.375 1.164607 0.502030
0.425 0.400 1.120592 0.548520
0.425 0.425 1.090441 0.516917
0.425 0.450 1.148959 0.665028
0.425 0.475 1.128922 0.453044
0.425 0.500 1.171070 0.515585
0.425 0.525 1.046684 0.527444
0.425 0.550 1.114611 0.505869
0.425 0.575 1.090248 0.492087
0.425 0.600 1.095420 0.514926
0.425 0.625 1.122686 0.427268
0.425 0.650 1.101708 0.469723
0.425 0.675 1.172772 0.517282
0.425 0.700 1.094118 0.523330
0.425 0.725 1.138880 0.544909
0.425 0.750 1.112487 0.476107
0.425 0.775 1.066557 0.482125
0.425 0.800 1.195447 0.535133
0.425 0.825 1.253183 0.611028
0.425 0.850 0.994131 0.431137
0.425 0.875 1.153499 0.458751
0.425 0.900 1.220940 0.525930
0.425 0.925 1.187767 0.522807
0.425 0.950 1.235474 0.530665
0.425 0.975 0.986890 0.445519
0.425 1.000 1.170600 0.578934
0.450 0.025 1.160294 0.541031
0.450 0.050 1.169125 0.519382
0.450 0.075 1.220070 0.549872
0.450 0.100 1.168292 0.466518
0.450 0.125 1.235825 0.498032
0.450 0.150 1.054067 0.468097
0.450 0.175 1.124037 0.571387
0.450 0.200 1.093146 0.489066
0.450 0.225 1.212580 0.570335
0.450 0.250 1.060677 0.493097
0.450 0.275 1.108778 0.490006
0.450 0.300 1.073667 0.407168
0.450 0.325 1.131296 0.454044
0.450 0.350 1.036488 0.473391
0.450 0.375 1.088759 0.529534
0.450 0.400 1.110470 0.430578
0.450 0.425 1.167238 0.575455
0.450 0.450 1.235955 0.568572
0.450 0.475 1.077265 0.503076
0.450 0.500 1.125557 0.548493
0.450 0.525 1.168780 0.532518
0.450 0.550 1.200511 0.488319
0.450 0.575 1.089711 0.479048
0.450 0.600 1.254475 0.557993
0.450 0.625 1.146302 0.478969
0.450 0.650 1.211204 0.532209
0.450 0.675 1.173357 0.514633
0.450 0.700 1.150781 0.532190
0.450 0.725 1.122914 0.510631
0.450 0.750 1.082601 0.472400
0.450 0.775 1.133314 0.518988
0.450 0.800 1.195132 0.545886
0.450 0.825 1.046859 0.474566
0.450 0.850 1.148055 0.498786
0.450 0.875 1.183505 0.584156
0.450 0.900 1.145099 0.499285
0.450 0.925 1.124834 0.511757
0.450 0.950 1.173392 0.495591
0.450 0.975 1.086273 0.475967
0.450 1.000 1.198470 0.590712
0.475 0.025 1.087681 0.478645
0.475 0.050 1.097112 0.510877
0.475 0.075 1.083638 0.492218
0.475 0.100 1.044878 0.519053
0.475 0.125 1.105290 0.474102
0.475 0.150 1.198952 0.470691
0.475 0.175 1.209560 0.549749
0.475 0.200 1.158001 0.528412
0.475 0.225 1.158499 0.530440
0.475 0.250 1.163705 0.562798
0.475 0.275 1.127118 0.493368
0.475 0.300 1.088489 0.516158
0.475 0.325 1.102251 0.458329
0.475 0.350 1.160384 0.499062
0.475 0.375 1.054484 0.482930
0.475 0.400 1.139271 0.539392
0.475 0.425 1.141835 0.535572
0.475 0.450 1.042039 0.548781
0.475 0.475 1.152324 0.569866
0.475 0.500 1.140408 0.468602
0.475 0.525 1.164875 0.489826
0.475 0.550 1.169957 0.637273
0.475 0.575 1.076659 0.488879
0.475 0.600 1.105917 0.608810
0.475 0.625 1.068880 0.435130
0.475 0.650 1.083312 0.474457
0.475 0.675 1.137074 0.514745
0.475 0.700 1.155627 0.458564
0.475 0.725 1.161745 0.488903
0.475 0.750 1.012994 0.483359
0.475 0.775 1.169154 0.466265
0.475 0.800 1.075704 0.468993
0.475 0.825 1.185075 0.552580
0.475 0.850 1.107227 0.433553
0.475 0.875 0.993951 0.511729
0.475 0.900 1.227597 0.570699
0.475 0.925 1.134119 0.529769
0.475 0.950 1.122234 0.484673
0.475 0.975 1.179074 0.426220
0.475 1.000 1.152247 0.558265
0.500 0.025 1.116831 0.563025
0.500 0.050 1.159870 0.529016
0.500 0.075 1.132925 0.549026
0.500 0.100 1.199902 0.493833
0.500 0.125 1.165908 0.552348
0.500 0.150 1.054001 0.452774
0.500 0.175 1.162635 0.568613
0.500 0.200 1.081918 0.405538
0.500 0.225 1.163487 0.473373
0.500 0.250 1.170291 0.619728
0.500 0.275 1.191166 0.437416
0.500 0.300 1.122163 0.484809
0.500 0.325 1.173535 0.433514
0.500 0.350 1.185687 0.477805
0.500 0.375 1.120410 0.542837
0.500 0.400 1.161979 0.519446
0.500 0.425 1.164981 0.548327
0.500 0.450 1.132740 0.551377
0.500 0.475 1.251762 0.556434
0.500 0.500 1.029784 0.584718
0.500 0.525 1.038189 0.450221
0.500 0.550 1.119815 0.539304
0.500 0.575 1.119241 0.521316
0.500 0.600 1.115544 0.530245
0.500 0.625 1.154799 0.526008
0.500 0.650 1.059182 0.526774
0.500 0.675 1.182839 0.561133
0.500 0.700 1.278347 0.640863
0.500 0.725 1.143673 0.564797
0.500 0.750 1.146368 0.474956
0.500 0.775 1.146215 0.480162
0.500 0.800 1.127789 0.501159
0.500 0.825 1.145810 0.509487
0.500 0.850 1.187472 0.504540
0.500 0.875 1.146897 0.549270
0.500 0.900 1.037340 0.437991
0.500 0.925 1.157768 0.638935
0.500 0.950 1.053862 0.439541
0.500 0.975 1.222309 0.527921
0.500 1.000 1.268762 0.599154
0.525 0.025 1.042554 0.478381
0.525 0.050 1.008934 0.453834
0.525 0.075 1.055545 0.580905
0.525 0.100 1.149844 0.467490
0.525 0.125 1.124180 0.466042
0.525 0.150 1.249216 0.636024
0.525 0.175 1.110761 0.534101
0.525 0.200 1.039741 0.459302
0.525 0.225 1.089747 0.503259
0.525 0.250 1.078036 0.566518
0.525 0.275 1.039102 0.510860
0.525 0.300 1.056723 0.537523
0.525 0.325 1.082652 0.467566
0.525 0.350 1.199024 0.457493
0.525 0.375 1.223204 0.546768
0.525 0.400 1.117933 0.484523
0.525 0.425 1.154311 0.593968
0.525 0.450 1.104313 0.534189
0.525 0.475 1.112804 0.462289
0.525 0.500 1.147522 0.536960
0.525 0.525 1.124232 0.521353
0.525 0.550 1.169049 0.423611
0.525 0.575 1.126860 0.483804
0.525 0.600 1.147846 0.506937
0.525 0.625 1.135281 0.561494
0.525 0.650 1.079294 0.475433
0.525 0.675 1.111033 0.520318
0.525 0.700 1.124306 0.460781
0.525 0.725 1.089377 0.549369
0.525 0.750 1.150255 0.587247
0.525 0.775 1.199050 0.581642
0.525 0.800 1.148853 0.602736
0.525 0.825 1.169162 0.524763
0.525 0.850 1.159464 0.548046
0.525 0.875 1.136553 0.475335
0.525 0.900 1.020729 0.417883
0.525 0.925 1.109205 0.500259
0.525 0.950 1.278994 0.532263
0.525 0.975 1.106091 0.472796
0.525 1.000 1.125655 0.514418
0.550 0.025 1.056168 0.453463
0.550 0.050 1.109988 0.683987
0.550 0.075 1.136191 0.523306
0.550 0.100 1.159317 0.499459
0.550 0.125 1.194877 0.515529
0.550 0.150 1.215556 0.629383
0.550 0.175 1.051367 0.540680
0.550 0.200 1.237668 0.509508
0.550 0.225 1.189436 0.615742
0.550 0.250 1.106098 0.510870
0.550 0.275 1.100217 0.622928
0.550 0.300 1.186210 0.504246
0.550 0.325 1.116743 0.500545
0.550 0.350 1.205501 0.515012
0.550 0.375 1.085611 0.441623
0.550 0.400 1.065675 0.562758
0.550 0.425 1.191036 0.565898
0.550 0.450 1.035379 0.406205
0.550 0.475 1.092903 0.602483
0.550 0.500 1.151810 0.475446
0.550 0.525 1.149314 0.602602
0.550 0.550 1.055455 0.580446
0.550 0.575 1.178562 0.561849
0.550 0.600 1.104646 0.540949
0.550 0.625 1.165567 0.475112
0.550 0.650 1.101169 0.547107
0.550 0.675 1.180747 0.540800
0.550 0.700 1.094680 0.532288
0.550 0.725 1.133293 0.564832
0.550 0.750 1.132907 0.461969
0.550 0.775 1.213132 0.607096
0.550 0.800 1.136247 0.474593
0.550 0.825 1.148837 0.505585
0.550 0.850 1.130810 0.446212
0.550 0.875 1.142037 0.535805
0.550 0.900 1.135186 0.574947
0.550 0.925 1.013581 0.431696
0.550 0.950 1.141073 0.492314
0.550 0.975 1.150093 0.488207
0.550 1.000 1.123926 0.513675
0.575 0.025 1.050527 0.400887
0.575 0.050 1.232530 0.658803
0.575 0.075 1.187552 0.548468
0.575 0.100 1.087794 0.450822
0.575 0.125 1.107724 0.612589
0.575 0.150 1.129031 0.615810
0.575 0.175 1.057981 0.462271
0.575 0.200 1.138769 0.475488
0.575 0.225 1.132153 0.467870
0.575 0.250 1.121983 0.513212
0.575 0.275 1.199752 0.609929
0.575 0.300 1.117198 0.465604
0.575 0.325 1.047548 0.506698
0.575 0.350 1.089111 0.536236
0.575 0.375 1.116394 0.467712
0.575 0.400 1.171329 0.502244
0.575 0.425 1.079246 0.479027
0.575 0.450 0.994091 0.399439
0.575 0.475 1.097952 0.542807
0.575 0.500 1.165923 0.579938
0.575 0.525 1.166235 0.570623
0.575 0.550 1.235783 0.676237
0.575 0.575 1.172667 0.639938
0.575 0.600 1.157560 0.576202
0.575 0.625 1.245778 0.621974
0.575 0.650 1.157870 0.607655
0.575 0.675 1.153980 0.536164
0.575 0.700 1.103579 0.505480
0.575 0.725 1.201248 0.676919
0.575 0.750 1.251630 0.593903
0.575 0.775 1.124587 0.417974
0.575 0.800 1.127116 0.466212
0.575 0.825 1.289041 0.724602
0.575 0.850 1.155621 0.479336
0.575 0.875 1.143103 0.481824
0.575 0.900 1.136418 0.461843
0.575 0.925 1.126432 0.467838
0.575 0.950 1.054665 0.442764
0.575 0.975 1.141993 0.554453
0.575 1.000 1.108683 0.500809
0.600 0.025 1.245296 0.462473
0.600 0.050 1.334264 0.636608
0.600 0.075 1.221304 0.569193
0.600 0.100 1.181645 0.514198
0.600 0.125 1.189038 0.502333
0.600 0.150 1.196694 0.480735
0.600 0.175 0.948906 0.410639
0.600 0.200 1.105597 0.554482
0.600 0.225 1.116181 0.533828
0.600 0.250 1.098936 0.460160
0.600 0.275 1.135014 0.550096
0.600 0.300 1.205783 0.569062
0.600 0.325 1.143789 0.457416
0.600 0.350 1.154468 0.543616
0.600 0.375 1.178434 0.597382
0.600 0.400 1.256735 0.668268
0.600 0.425 1.028930 0.421842
0.600 0.450 1.207342 0.611658
0.600 0.475 1.208568 0.564507
0.600 0.500 1.122907 0.439101
0.600 0.525 1.070919 0.482277
0.600 0.550 1.078801 0.520389
0.600 0.575 1.142832 0.491173
0.600 0.600 1.027998 0.447367
0.600 0.625 1.107006 0.417291
0.600 0.650 1.117031 0.472680
0.600 0.675 1.163135 0.486364
0.600 0.700 1.199343 0.470228
0.600 0.725 1.121853 0.449905
0.600 0.750 1.123415 0.510047
0.600 0.775 1.185873 0.615754
0.600 0.800 1.171371 0.539163
0.600 0.825 1.189716 0.564170
0.600 0.850 1.215566 0.589555
0.600 0.875 1.265551 0.577590
0.600 0.900 1.112629 0.573287
0.600 0.925 1.131635 0.490796
0.600 0.950 1.148375 0.519282
0.600 0.975 1.052108 0.489386
0.600 1.000 1.123063 0.523952
0.625 0.025 1.136722 0.548503
0.625 0.050 1.288698 0.616413
0.625 0.075 1.149768 0.594016
0.625 0.100 1.089019 0.485974
0.625 0.125 1.121602 0.632672
0.625 0.150 1.061859 0.620908
0.625 0.175 1.104302 0.456415
0.625 0.200 1.155646 0.539970
0.625 0.225 1.183345 0.551108
0.625 0.250 1.129085 0.573909
0.625 0.275 1.067560 0.519732
0.625 0.300 1.036512 0.519528
0.625 0.325 1.054534 0.419962
0.625 0.350 1.159232 0.502030
0.625 0.375 1.110813 0.545077
0.625 0.400 1.123723 0.490359
0.625 0.425 1.190980 0.599798
0.625 0.450 1.098103 0.460413
0.625 0.475 1.113161 0.645677
0.625 0.500 1.069291 0.516120
0.625 0.525 1.074100 0.488504
0.625 0.550 1.167901 0.564390
0.625 0.575 1.203925 0.653589
0.625 0.600 1.218854 0.620710
0.625 0.625 1.028448 0.360344
0.625 0.650 1.113153 0.505180
0.625 0.675 1.147477 0.531531
0.625 0.700 1.073410 0.448939
0.625 0.725 1.093436 0.469319
0.625 0.750 1.130479 0.427128
0.625 0.775 1.236637 0.601265
0.625 0.800 1.152640 0.663717
0.625 0.825 1.179706 0.521215
0.625 0.850 1.048318 0.443529
0.625 0.875 1.079003 0.524657
0.625 0.900 1.103216 0.604035
0.625 0.925 1.137347 0.541296
0.625 0.950 1.124927 0.530376
0.625 0.975 1.175302 0.509007
0.625 1.000 1.166762 0.520448
0.650 0.025 1.190383 0.483237
0.650 0.050 1.196710 0.610049
0.650 0.075 1.093364 0.422306
0.650 0.100 1.237411 0.624143
0.650 0.125 1.082016 0.498236
0.650 0.150 1.159243 0.480153
0.650 0.175 1.176027 0.542626
0.650 0.200 1.162032 0.464333
0.650 0.225 1.127584 0.483618
0.650 0.250 1.152458 0.533645
0.650 0.275 1.063785 0.483917
0.650 0.300 1.201453 0.643920
0.650 0.325 1.206599 0.610652
0.650 0.350 1.069244 0.446580
0.650 0.375 1.143303 0.517977
0.650 0.400 1.193950 0.475249
0.650 0.425 1.189905 0.562990
0.650 0.450 1.241320 0.635157
0.650 0.475 1.110733 0.459587
0.650 0.500 1.123064 0.581879
0.650 0.525 1.061640 0.485390
0.650 0.550 1.115524 0.473475
0.650 0.575 1.125832 0.525537
0.650 0.600 1.086761 0.433212
0.650 0.625 1.047352 0.470034
0.650 0.650 1.118945 0.490723
0.650 0.675 1.177396 0.663185
0.650 0.700 1.163691 0.540117
0.650 0.725 1.187942 0.584089
0.650 0.750 1.054391 0.556019
0.650 0.775 1.099669 0.540136
0.650 0.800 1.108466 0.528256
0.650 0.825 1.039125 0.457633
0.650 0.850 1.066682 0.436053
0.650 0.875 1.105952 0.600027
0.650 0.900 1.129313 0.507457
0.650 0.925 1.153593 0.574969
0.650 0.950 1.155029 0.502200
0.650 0.975 1.155884 0.527611
0.650 1.000 1.089124 0.522093
0.675 0.025 1.114688 0.532575
0.675 0.050 1.160089 0.536536
0.675 0.075 1.218686 0.628480
0.675 0.100 1.189558 0.554957
0.675 0.125 1.159281 0.575513
0.675 0.150 1.176142 0.514650
0.675 0.175 1.181386 0.595411
0.675 0.200 1.235041 0.596417
0.675 0.225 1.107776 0.504912
0.675 0.250 1.063170 0.466060
0.675 0.275 1.195263 0.575727
0.675 0.300 1.199124 0.513283
0.675 0.325 1.254654 0.571302
0.675 0.350 1.115783 0.547595
0.675 0.375 1.188666 0.547538
0.675 0.400 1.210627 0.561018
0.675 0.425 1.165959 0.466383
0.675 0.450 1.247850 0.579857
0.675 0.475 1.160358 0.505253
0.675 0.500 1.118440 0.454511
0.675 0.525 1.122342 0.504248
0.675 0.550 1.078325 0.527773
0.675 0.575 1.143093 0.471622
0.675 0.600 1.191867 0.614119
0.675 0.625 1.137986 0.571981
0.675 0.650 1.178308 0.534947
0.675 0.675 1.079871 0.494828
0.675 0.700 1.184149 0.498119
0.675 0.725 1.085676 0.493507
0.675 0.750 1.248819 0.593517
0.675 0.775 1.108011 0.525918
0.675 0.800 1.127805 0.507762
0.675 0.825 1.156462 0.546854
0.675 0.850 1.158803 0.648425
0.675 0.875 1.086521 0.462905
0.675 0.900 1.054499 0.510970
0.675 0.925 1.147418 0.524952
0.675 0.950 1.119064 0.421146
0.675 0.975 1.100645 0.503284
0.675 1.000 1.126411 0.554480
0.700 0.025 1.122878 0.475901
0.700 0.050 1.208251 0.563138
0.700 0.075 1.143858 0.693954
0.700 0.100 1.152959 0.575149
0.700 0.125 1.127445 0.515412
0.700 0.150 1.246131 0.631215
0.700 0.175 1.074460 0.552063
0.700 0.200 1.109517 0.454977
0.700 0.225 1.114605 0.440287
0.700 0.250 1.081623 0.591529
0.700 0.275 1.198908 0.510273
0.700 0.300 1.109321 0.528480
0.700 0.325 1.147218 0.417300
0.700 0.350 1.169622 0.513454
0.700 0.375 1.117768 0.616439
0.700 0.400 1.092886 0.450711
0.700 0.425 1.135076 0.513201
0.700 0.450 1.116838 0.411429
0.700 0.475 1.117309 0.530480
0.700 0.500 0.970502 0.475921
0.700 0.525 1.058986 0.449638
0.700 0.550 1.015140 0.485645
0.700 0.575 1.138732 0.600911
0.700 0.600 1.155682 0.474363
0.700 0.625 1.100266 0.507457
0.700 0.650 1.067275 0.608116
0.700 0.675 1.116829 0.504033
0.700 0.700 1.092252 0.486769
0.700 0.725 1.104084 0.479292
0.700 0.750 1.147587 0.573335
0.700 0.775 1.066410 0.457381
0.700 0.800 1.106496 0.484648
0.700 0.825 1.117334 0.568627
0.700 0.850 1.167440 0.526566
0.700 0.875 1.236457 0.539250
0.700 0.900 1.049182 0.463473
0.700 0.925 1.194246 0.447565
0.700 0.950 1.130739 0.563755
0.700 0.975 1.129153 0.536105
0.700 1.000 1.218985 0.578735
0.725 0.025 1.128127 0.516710
0.725 0.050 1.111577 0.635193
0.725 0.075 1.120186 0.476994
0.725 0.100 1.138988 0.483576
0.725 0.125 1.124141 0.521211
0.725 0.150 1.176429 0.542089
0.725 0.175 1.134426 0.469047
0.725 0.200 1.148392 0.683308
0.725 0.225 1.207874 0.469017
0.725 0.250 1.099927 0.500151
0.725 0.275 1.063695 0.525274
0.725 0.300 1.209030 0.504232
0.725 0.325 1.171843 0.525658
0.725 0.350 1.073402 0.429146
0.725 0.375 1.132488 0.394419
0.725 0.400 1.126251 0.516434
0.725 0.425 1.100475 0.451640
0.725 0.450 1.027385 0.392257
0.725 0.475 1.121697 0.508192
0.725 0.500 1.248621 0.611559
0.725 0.525 1.128445 0.604787
0.725 0.550 1.066620 0.498712
0.725 0.575 1.063711 0.496801
0.725 0.600 1.188078 0.529744
0.725 0.625 1.125750 0.578169
0.725 0.650 1.150000 0.500678
0.725 0.675 1.071914 0.408858
0.725 0.700 1.185814 0.569220
0.725 0.725 1.219785 0.542363
0.725 0.750 1.081758 0.542089
0.725 0.775 1.216847 0.571139
0.725 0.800 1.141439 0.520470
0.725 0.825 1.222861 0.558645
0.725 0.850 1.231118 0.617332
0.725 0.875 1.060028 0.388295
0.725 0.900 1.262302 0.627845
0.725 0.925 1.195340 0.523791
0.725 0.950 1.164605 0.552637
0.725 0.975 1.106927 0.636540
0.725 1.000 1.114938 0.488740
0.750 0.025 1.063762 0.493615
0.750 0.050 1.207535 0.591842
0.750 0.075 1.073648 0.427175
0.750 0.100 1.214538 0.648969
0.750 0.125 1.121316 0.484134
0.750 0.150 1.172050 0.496096
0.750 0.175 1.116326 0.463416
0.750 0.200 1.181823 0.516313
0.750 0.225 1.133750 0.527903
0.750 0.250 1.096043 0.466307
0.750 0.275 1.115867 0.548997
0.750 0.300 1.029187 0.473257
0.750 0.325 1.094632 0.488437
0.750 0.350 0.998583 0.450010
0.750 0.375 1.152466 0.542095
0.750 0.400 1.115984 0.468054
0.750 0.425 1.149881 0.602993
0.750 0.450 1.175010 0.508145
0.750 0.475 1.139457 0.500076
0.750 0.500 1.163264 0.520893
0.750 0.525 1.115528 0.630321
0.750 0.550 1.265350 0.579979
0.750 0.575 1.127995 0.503467
0.750 0.600 1.226662 0.496842
0.750 0.625 1.260639 0.564399
0.750 0.650 1.175121 0.607292
0.750 0.675 1.039880 0.541783
0.750 0.700 1.032954 0.490165
0.750 0.725 1.182459 0.573288
0.750 0.750 1.097221 0.479454
0.750 0.775 1.138527 0.503408
0.750 0.800 1.088584 0.517288
0.750 0.825 1.062321 0.525672
0.750 0.850 1.222629 0.639841
0.750 0.875 1.144681 0.585170
0.750 0.900 1.099645 0.559827
0.750 0.925 1.147682 0.511499
0.750 0.950 1.034490 0.462241
0.750 0.975 1.133564 0.522517
0.750 1.000 0.981412 0.439585
0.775 0.025 1.147518 0.512580
0.775 0.050 1.122195 0.490225
0.775 0.075 1.164782 0.604426
0.775 0.100 1.107263 0.524185
0.775 0.125 1.106193 0.437861
0.775 0.150 1.199697 0.606961
0.775 0.175 1.100640 0.539703
0.775 0.200 1.164145 0.455809
0.775 0.225 1.183687 0.612757
0.775 0.250 1.131566 0.441627
0.775 0.275 1.153994 0.476387
0.775 0.300 1.172500 0.571535
0.775 0.325 1.083711 0.509746
0.775 0.350 1.074052 0.496844
0.775 0.375 1.183531 0.523737
0.775 0.400 1.154319 0.544467
0.775 0.425 1.072586 0.554055
0.775 0.450 1.182463 0.564378
0.775 0.475 1.204643 0.537804
0.775 0.500 1.177827 0.568286
0.775 0.525 1.243005 0.518782
0.775 0.550 1.113826 0.571521
0.775 0.575 1.098860 0.429047
0.775 0.600 1.152367 0.532950
0.775 0.625 1.081474 0.582197
0.775 0.650 1.210285 0.468405
0.775 0.675 1.109384 0.512036
0.775 0.700 1.167606 0.499577
0.775 0.725 1.288155 0.594589
0.775 0.750 1.088312 0.607531
0.775 0.775 1.049575 0.405318
0.775 0.800 1.061081 0.490387
0.775 0.825 1.096030 0.491650
0.775 0.850 1.119370 0.533997
0.775 0.875 0.989184 0.469035
0.775 0.900 1.198016 0.489841
0.775 0.925 1.153670 0.472835
0.775 0.950 1.143500 0.477105
0.775 0.975 1.235362 0.691087
0.775 1.000 1.147818 0.471834
0.800 0.025 1.147319 0.588546
0.800 0.050 1.057198 0.384445
0.800 0.075 1.065508 0.543949
0.800 0.100 1.148309 0.422755
0.800 0.125 1.250697 0.530491
0.800 0.150 1.101888 0.452376
0.800 0.175 1.058793 0.499102
0.800 0.200 1.106512 0.467639
0.800 0.225 1.184446 0.484108
0.800 0.250 1.255362 0.576081
0.800 0.275 1.222805 0.537774
0.800 0.300 1.066097 0.461056
0.800 0.325 1.117925 0.479374
0.800 0.350 1.146552 0.504010
0.800 0.375 1.235977 0.626777
0.800 0.400 1.114349 0.516144
0.800 0.425 1.075187 0.455609
0.800 0.450 1.188253 0.612650
0.800 0.475 1.190282 0.630401
0.800 0.500 1.206495 0.550336
0.800 0.525 1.164907 0.567529
0.800 0.550 1.147299 0.572204
0.800 0.575 1.105852 0.459430
0.800 0.600 1.159733 0.468063
0.800 0.625 1.153373 0.457809
0.800 0.650 1.122760 0.514613
0.800 0.675 1.131791 0.550922
0.800 0.700 1.082172 0.426496
0.800 0.725 0.992058 0.488806
0.800 0.750 1.187223 0.514659
0.800 0.775 1.148419 0.610501
0.800 0.800 1.081864 0.400093
0.800 0.825 1.169905 0.581559
0.800 0.850 1.157150 0.540589
0.800 0.875 1.158554 0.623067
0.800 0.900 1.199862 0.423019
0.800 0.925 1.191960 0.503858
0.800 0.950 1.058849 0.472359
0.800 0.975 1.032021 0.456715
0.800 1.000 1.180379 0.481497
0.825 0.025 1.184645 0.468701
0.825 0.050 1.091717 0.402379
0.825 0.075 1.148692 0.521744
0.825 0.100 1.214369 0.542823
0.825 0.125 1.167970 0.647206
0.825 0.150 1.240241 0.501094
0.825 0.175 1.039802 0.505314
0.825 0.200 1.061516 0.450989
0.825 0.225 1.012127 0.483601
0.825 0.250 1.060932 0.511719
0.825 0.275 1.176763 0.722002
0.825 0.300 1.172833 0.554968
0.825 0.325 1.162500 0.682572
0.825 0.350 1.165906 0.529420
0.825 0.375 1.197826 0.538488
0.825 0.400 1.154488 0.541368
0.825 0.425 1.131215 0.478558
0.825 0.450 1.195294 0.498778
0.825 0.475 1.126969 0.515686
0.825 0.500 1.232943 0.666725
0.825 0.525 1.088281 0.507472
0.825 0.550 1.094746 0.503456
0.825 0.575 1.177439 0.601378
0.825 0.600 1.067248 0.453380
0.825 0.625 1.300880 0.626277
0.825 0.650 1.114973 0.579885
0.825 0.675 1.200074 0.536158
0.825 0.700 1.124948 0.565216
0.825 0.725 1.219009 0.594545
0.825 0.750 1.189109 0.673874
0.825 0.775 1.059850 0.481366
0.825 0.800 1.197099 0.510649
0.825 0.825 1.157033 0.538941
0.825 0.850 1.213759 0.569078
0.825 0.875 1.151453 0.622157
0.825 0.900 1.089951 0.491563
0.825 0.925 1.108329 0.435196
0.825 0.950 1.200320 0.518022
0.825 0.975 1.263489 0.518742
0.825 1.000 1.083959 0.423801
0.850 0.025 1.144771 0.501523
0.850 0.050 1.079735 0.501587
0.850 0.075 1.069550 0.471191
0.850 0.100 1.089297 0.435636
0.850 0.125 1.176108 0.512789
0.850 0.150 1.191194 0.600126
0.850 0.175 1.149662 0.523978
0.850 0.200 1.226418 0.539843
0.850 0.225 1.139395 0.555023
0.850 0.250 1.181560 0.585608
0.850 0.275 1.148159 0.561532
0.850 0.300 1.157875 0.470861
0.850 0.325 1.223934 0.658305
0.850 0.350 1.030890 0.533857
0.850 0.375 1.058801 0.516174
0.850 0.400 1.146659 0.606367
0.850 0.425 1.130934 0.502434
0.850 0.450 1.139559 0.697582
0.850 0.475 1.113035 0.454360
0.850 0.500 1.146190 0.580322
0.850 0.525 1.103694 0.550764
0.850 0.550 1.112156 0.526746
0.850 0.575 1.079506 0.447576
0.850 0.600 1.151752 0.581439
0.850 0.625 1.152121 0.533091
0.850 0.650 1.177907 0.532102
0.850 0.675 1.158376 0.483138
0.850 0.700 1.063632 0.507369
0.850 0.725 1.150485 0.498490
0.850 0.750 1.101873 0.511334
0.850 0.775 1.174206 0.549754
0.850 0.800 1.241652 0.584582
0.850 0.825 1.051697 0.386625
0.850 0.850 1.167934 0.428813
0.850 0.875 1.117139 0.440004
0.850 0.900 1.071094 0.474840
0.850 0.925 1.243730 0.690904
0.850 0.950 1.064581 0.474444
0.850 0.975 1.007494 0.492245
0.850 1.000 1.104555 0.541228
0.875 0.025 1.081584 0.546109
0.875 0.050 1.204349 0.503610
0.875 0.075 1.139654 0.487708
0.875 0.100 1.092226 0.403239
0.875 0.125 1.224574 0.594119
0.875 0.150 1.193667 0.593111
0.875 0.175 1.111963 0.454642
0.875 0.200 1.201303 0.550204
0.875 0.225 1.116888 0.454185
0.875 0.250 1.044929 0.449807
0.875 0.275 1.134423 0.441331
0.875 0.300 1.140754 0.533464
0.875 0.325 1.268143 0.532511
0.875 0.350 1.216495 0.607005
0.875 0.375 1.082547 0.566818
0.875 0.400 1.116604 0.478521
0.875 0.425 1.142676 0.466141
0.875 0.450 1.113521 0.508985
0.875 0.475 1.104280 0.466002
0.875 0.500 1.168059 0.620403
0.875 0.525 1.134280 0.484621
0.875 0.550 1.070822 0.476296
0.875 0.575 1.192868 0.580996
0.875 0.600 1.115311 0.540939
0.875 0.625 1.048142 0.458852
0.875 0.650 1.089104 0.530418
0.875 0.675 1.064752 0.465736
0.875 0.700 1.052599 0.369000
0.875 0.725 1.146445 0.572188
0.875 0.750 1.136560 0.452593
0.875 0.775 1.054346 0.395251
0.875 0.800 1.097219 0.476377
0.875 0.825 1.127648 0.599874
0.875 0.850 1.194876 0.557378
0.875 0.875 1.133068 0.464323
0.875 0.900 1.103904 0.530315
0.875 0.925 1.077891 0.460154
0.875 0.950 1.092724 0.505652
0.875 0.975 1.026224 0.466800
0.875 1.000 1.156937 0.567083
0.900 0.025 1.013153 0.406111
0.900 0.050 1.179948 0.545855
0.900 0.075 1.185487 0.547755
0.900 0.100 1.262578 0.629305
0.900 0.125 1.102491 0.452166
0.900 0.150 1.065760 0.460261
0.900 0.175 1.135573 0.539609
0.900 0.200 1.079112 0.461778
0.900 0.225 1.081580 0.521884
0.900 0.250 1.091764 0.415276
0.900 0.275 1.198327 0.580853
0.900 0.300 1.126173 0.450654
0.900 0.325 1.080354 0.515465
0.900 0.350 1.106560 0.589025
0.900 0.375 1.128354 0.517408
0.900 0.400 1.145542 0.592243
0.900 0.425 1.210959 0.537437
0.900 0.450 1.180715 0.534469
0.900 0.475 1.132154 0.513504
0.900 0.500 1.102716 0.505219
0.900 0.525 1.107734 0.442051
0.900 0.550 1.188164 0.638925
0.900 0.575 1.087061 0.425207
0.900 0.600 1.186444 0.514279
0.900 0.625 1.139386 0.591751
0.900 0.650 1.047107 0.608017
0.900 0.675 1.223071 0.563058
0.900 0.700 1.268590 0.780134
0.900 0.725 1.153697 0.514872
0.900 0.750 1.113404 0.455661
0.900 0.775 1.043637 0.541203
0.900 0.800 1.085325 0.416290
0.900 0.825 1.026544 0.482685
0.900 0.850 1.096834 0.532827
0.900 0.875 1.160840 0.551284
0.900 0.900 1.154692 0.519532
0.900 0.925 1.140450 0.478772
0.900 0.950 1.107232 0.518916
0.900 0.975 1.204919 0.514239
0.900 1.000 1.222526 0.546451
0.925 0.025 1.129371 0.440283
0.925 0.050 1.087700 0.520656
0.925 0.075 1.177866 0.514637
0.925 0.100 1.104712 0.467996
0.925 0.125 1.166254 0.450357
0.925 0.150 1.067394 0.469754
0.925 0.175 1.246373 0.605220
0.925 0.200 1.015822 0.472230
0.925 0.225 1.110106 0.469351
0.925 0.250 1.149150 0.548201
0.925 0.275 1.085972 0.398368
0.925 0.300 1.220003 0.499602
0.925 0.325 1.107607 0.472765
0.925 0.350 1.214156 0.643573
0.925 0.375 1.048020 0.537743
0.925 0.400 1.081118 0.652186
0.925 0.425 1.053957 0.577061
0.925 0.450 1.065222 0.392351
0.925 0.475 1.204895 0.600493
0.925 0.500 1.281094 0.616037
0.925 0.525 1.270533 0.480737
0.925 0.550 1.059698 0.547878
0.925 0.575 1.122214 0.538749
0.925 0.600 1.143113 0.495687
0.925 0.625 1.309350 0.623638
0.925 0.650 1.155997 0.586396
0.925 0.675 1.123787 0.511188
0.925 0.700 1.067794 0.541848
0.925 0.725 1.109611 0.502146
0.925 0.750 1.052962 0.459049
0.925 0.775 1.228130 0.688083
0.925 0.800 0.978846 0.416724
0.925 0.825 1.028386 0.428488
0.925 0.850 1.104451 0.468361
0.925 0.875 1.149653 0.576114
0.925 0.900 1.131307 0.630219
0.925 0.925 1.083464 0.493213
0.925 0.950 1.067576 0.560147
0.925 0.975 1.096651 0.518323
0.925 1.000 1.072115 0.458830
0.950 0.025 1.275803 0.644861
0.950 0.050 1.220918 0.628683
0.950 0.075 1.060101 0.547141
0.950 0.100 1.131673 0.482912
0.950 0.125 1.027984 0.335326
0.950 0.150 1.168862 0.688010
0.950 0.175 1.132088 0.413126
0.950 0.200 1.121180 0.494270
0.950 0.225 1.136664 0.526235
0.950 0.250 1.085658 0.480628
0.950 0.275 1.130545 0.474831
0.950 0.300 1.153467 0.560410
0.950 0.325 1.047429 0.438456
0.950 0.350 1.102229 0.502412
0.950 0.375 1.054910 0.466516
0.950 0.400 1.087911 0.453166
0.950 0.425 1.154038 0.572743
0.950 0.450 1.119826 0.558946
0.950 0.475 1.136454 0.494841
0.950 0.500 1.272947 0.628412
0.950 0.525 1.105649 0.447531
0.950 0.550 1.022838 0.613615
0.950 0.575 1.162081 0.600118
0.950 0.600 1.079194 0.401037
0.950 0.625 1.152513 0.442766
0.950 0.650 1.096586 0.470315
0.950 0.675 1.115889 0.594646
0.950 0.700 1.102285 0.526867
0.950 0.725 1.127926 0.586850
0.950 0.750 1.127849 0.465116
0.950 0.775 1.068841 0.484628
0.950 0.800 1.141687 0.485071
0.950 0.825 1.170601 0.736397
0.950 0.850 1.111994 0.514226
0.950 0.875 1.204437 0.506927
0.950 0.900 1.143782 0.521717
0.950 0.925 1.176054 0.553751
0.950 0.950 1.078689 0.450563
0.950 0.975 1.147996 0.649123
0.950 1.000 1.077587 0.456923
0.975 0.025 1.108093 0.577842
0.975 0.050 1.072445 0.413028
0.975 0.075 1.074943 0.399453
0.975 0.100 1.166816 0.514123
0.975 0.125 1.046765 0.479562
0.975 0.150 1.236435 0.482815
0.975 0.175 1.226701 0.543535
0.975 0.200 1.083579 0.436880
0.975 0.225 1.112702 0.441071
0.975 0.250 1.078948 0.395462
0.975 0.275 1.164881 0.573278
0.975 0.300 1.106498 0.617160
0.975 0.325 1.223951 0.509786
0.975 0.350 1.065779 0.597595
0.975 0.375 1.091168 0.455273
0.975 0.400 1.205635 0.490472
0.975 0.425 1.131922 0.500093
0.975 0.450 1.089452 0.475854
0.975 0.475 1.077340 0.470750
0.975 0.500 1.118367 0.518189
0.975 0.525 1.091266 0.591361
0.975 0.550 1.066144 0.450656
0.975 0.575 1.121231 0.548333
0.975 0.600 1.098038 0.431418
0.975 0.625 1.106102 0.560115
0.975 0.650 1.210331 0.561688
0.975 0.675 1.248070 0.553775
0.975 0.700 1.124002 0.591271
0.975 0.725 1.061386 0.603612
0.975 0.750 1.174248 0.559302
0.975 0.775 1.193803 0.449629
0.975 0.800 1.075575 0.450946
0.975 0.825 1.023238 0.464452
0.975 0.850 1.053345 0.503125
0.975 0.875 1.127649 0.427447
0.975 0.900 1.222169 0.545696
0.975 0.925 1.142619 0.429867
0.975 0.950 1.104785 0.481850
0.975 0.975 1.191110 0.548050
0.975 1.000 1.073659 0.427092
1.000 0.025 1.113425 0.515273
1.000 0.050 1.066627 0.507367
1.000 0.075 1.057425 0.476009
1.000 0.100 1.147663 0.517271
1.000 0.125 1.156559 0.547570
1.000 0.150 1.083929 0.577217
1.000 0.175 1.133498 0.492804
1.000 0.200 1.254889 0.571981
1.000 0.225 1.106595 0.496401
1.000 0.250 1.269785 0.622002
1.000 0.275 1.111616 0.490381
1.000 0.300 1.144066 0.463443
1.000 0.325 1.139827 0.489357
1.000 0.350 1.154494 0.490343
1.000 0.375 1.078320 0.372119
1.000 0.400 1.114355 0.483349
1.000 0.425 1.152178 0.533485
1.000 0.450 1.236458 0.684339
1.000 0.475 1.107201 0.578663
1.000 0.500 1.180293 0.549840
1.000 0.525 1.151707 0.473531
1.000 0.550 1.173840 0.551342
1.000 0.575 1.069772 0.452739
1.000 0.600 1.181853 0.534767
1.000 0.625 1.082658 0.422660
1.000 0.650 1.180124 0.549056
1.000 0.675 1.151514 0.568035
1.000 0.700 1.123763 0.491186
1.000 0.725 1.116324 0.495585
1.000 0.750 1.066218 0.444745
1.000 0.775 1.091050 0.493815
1.000 0.800 1.099021 0.616344
1.000 0.825 1.035017 0.509514
1.000 0.850 1.074066 0.558047
1.000 0.875 1.141750 0.586253
1.000 0.900 1.134056 0.539700
1.000 0.925 1.045095 0.439823
1.000 0.950 1.159857 0.496249
1.000 0.975 1.160788 0.487138
1.000 1.000 1.146586 0.552096