lengthscale l2regularizer rmse_mean rmse_std

0.05 0.55 1.1280485 0.5157077
0.05 0.775 1.1356674 0.4816182
0.05 0.475 1.1629572 0.52712274
0.05 0.425 1.1114917 0.49491486
0.05 0.75 1.129541 0.5127185
0.05 0.625 1.141798 0.5241687
0.05 0.725 1.1453412 0.5331952
0.05 0.7 1.1193913 0.48859587
0.05 0.525 1.1109234 0.5123909
0.05 0.6 1.1332048 0.5214234
0.05 0.45 1.1426948 0.569269
0.075 0.55 1.1396878 0.4896831
0.05 0.5 1.161185 0.499177
0.05 0.825 1.1196672 0.52383
0.075 0.175 1.1150764 0.48887524
0.05 0.675 1.1229168 0.49218577
0.05 0.85 1.1185858 0.505449
0.075 0.3 1.1529285 0.59888333
0.075 0.15 1.1862328 0.5428127
0.075 0.025 1.1978967 0.5846731
0.075 0.125 1.1511273 0.53624237
0.075 0.05 1.1152437 0.5403527
0.05 0.2 1.1598647 0.4857398
0.075 0.1 1.2000252 0.57679474
0.075 0.075 1.0743251 0.35667732
0.075 0.325 1.1329544 0.45415124
0.075 0.275 1.143958 0.45618314
0.075 0.475 1.1747371 0.49901164
0.05 0.875 1.1204722 0.49656454
0.05 0.8 1.1064824 0.51522344
0.075 0.425 1.1214516 0.49151444
0.075 0.2 1.1524292 0.4800128
0.075 0.45 1.1348492 0.48793173
0.05 0.225 1.1539476 0.53385717
0.05 0.075 1.1056378 0.53039753
0.05 0.05 1.0925984 0.5098323
0.05 0.025 1.1647284 0.5706394
0.05 0.1 1.1249335 0.529479
0.05 0.65 1.1653031 0.5475799
0.05 0.575 1.160398 0.49213535
0.075 0.975 1.1361952 0.51218
0.1 0.475 1.1072108 0.50509495
0.075 0.95 1.1417859 0.5004026
0.1 0.025 1.1234109 0.51385766
0.1 0.15 1.1592138 0.49591234
0.075 0.225 1.191267 0.5654833
0.1 0.825 1.1242534 0.48309836
0.075 0.35 1.2156787 0.630863
0.1 0.325 1.1753852 0.52101356
0.075 0.25 1.1892016 0.44909835
0.1 0.7 1.1358936 0.4963304
0.125 0.225 1.1696653 0.5205408
0.1 0.725 1.1116908 0.47634315
0.1 0.4 1.1250961 0.48938596
0.075 0.7 1.1489961 0.5177208
0.1 0.75 1.1406213 0.51505494
0.1 0.775 1.1231469 0.5220329
0.075 0.675 1.1777555 0.48416966
0.1 0.45 1.1733854 0.5297118
0.1 0.675 1.1384286 0.4798902
0.1 0.65 1.1038074 0.45434475
0.1 0.9 1.1206586 0.51316583
0.1 0.425 1.1178701 0.4685102
0.1 0.3 1.1375318 0.500347
0.125 0.1 1.1024212 0.5327158
0.125 0.15 1.1693075 0.54024684
0.1 0.875 1.1205828 0.47467616
0.1 0.975 1.1490856 0.51413554
0.125 0.075 1.1160535 0.4394255
0.125 0.125 1.1475832 0.48330155
0.125 0.05 1.1200768 0.46366164
0.125 0.2 1.1674554 0.49440584
0.125 0.175 1.1264932 0.52909184
0.125 0.35 1.1364777 0.49531886
0.125 0.025 1.1329572 0.54506654
0.125 0.275 1.1474422 0.48496336
0.15 0.175 1.1001654 0.5142986
0.125 0.3 1.1361749 0.5235311
0.125 0.25 1.18076 0.5554075
0.125 0.325 1.0831664 0.42881343
0.125 0.375 1.1481721 0.58465904
0.125 0.4 1.1299074 0.4680901
0.125 0.475 1.1285517 0.52676797
0.125 0.5 1.1393702 0.51680464
0.125 0.9 1.14004 0.5001333
0.125 0.65 1.1491305 0.5287367
0.125 0.7 1.1887833 0.54960257
0.125 0.725 1.1274991 0.49302092
0.1 0.925 1.1589762 0.5279818
0.125 0.675 1.1136081 0.47128573
0.125 0.85 1.1281517 0.50573814
0.125 0.6 1.1790156 0.52622736
0.15 0.7 1.1524489 0.5074061
0.1 0.85 1.11242 0.47931644
0.15 0.825 1.1634061 0.550334
0.15 0.75 1.1328051 0.49344712
0.15 0.35 1.1141804 0.46263123
0.15 0.025 1.0231371 0.5175866
0.125 1.0 1.1405785 0.5257944
0.15 0.275 1.1616433 0.5405101
0.15 0.225 1.1969663 0.57822686
0.1 0.95 1.1534226 0.49453944
0.125 0.975 1.1198153 0.49208552
0.15 0.075 1.10615 0.46049008
0.1 0.8 1.1247056 0.4799069
0.15 0.9 1.1079515 0.5134207
0.15 0.125 1.1259344 0.49437967
0.15 0.15 1.1869862 0.56957775
0.125 0.45 1.1795429 0.5546406
0.15 0.25 1.1526115 0.54439765
0.15 0.05 1.0646738 0.48377335
0.125 0.625 1.1292275 0.5526532
0.15 0.775 1.1237361 0.461818
0.15 0.325 1.1552083 0.47429752
0.15 0.65 1.1398414 0.4650764
0.15 0.975 1.143749 0.47858912
0.15 0.425 1.1293466 0.5043124
0.15 0.725 1.1110945 0.50505626
0.15 0.375 1.0922407 0.48002464
0.125 0.875 1.1062763 0.5103508
0.1 1.0 1.1523774 0.4953604
0.15 0.875 1.1187125 0.46033365
0.125 0.925 1.1075797 0.46903926
0.15 0.4 1.1115892 0.46745768
0.125 0.95 1.1580446 0.4890869
0.15 0.625 1.0986446 0.4573792
0.125 0.575 1.1139762 0.5615042
0.175 0.25 1.1436477 0.5018193
0.15 0.525 1.140728 0.54187137
0.15 0.475 1.1188161 0.50256234
0.15 0.55 1.1087718 0.49962914
0.15 0.575 1.1298506 0.49406797
0.15 0.6 1.1497242 0.49622047
0.15 0.5 1.1281315 0.47518325
0.175 0.025 1.0528158 0.43267676
0.15 0.45 1.1261313 0.48954582
0.15 0.2 1.1241033 0.47739163
0.175 0.175 1.115757 0.5178765
0.2 0.225 1.1088527 0.5185546
0.175 0.675 1.1369168 0.4735332
0.175 0.625 1.121162 0.4671608
0.175 0.35 1.1289779 0.43888924
0.15 0.8 1.1331214 0.5017716
0.175 0.05 1.1124691 0.38816077
0.175 0.925 1.1566484 0.5193289
0.2 0.95 1.109745 0.48673055
0.175 0.475 1.1654937 0.5619643
0.2 0.8 1.1423895 0.514382
0.175 0.975 1.1800983 0.530713
0.175 0.525 1.106398 0.4688816
0.175 0.9 1.1440382 0.5086883
0.2 0.125 1.2128451 0.56691974
0.2 0.2 1.1580418 0.5842387
0.2 0.075 1.1603823 0.49865556
0.175 0.725 1.1655061 0.5300207
0.2 0.175 1.1155655 0.58534086
0.2 0.05 1.1445134 0.3887245
0.2 0.1 1.1436427 0.60499275
0.2 0.15 1.205859 0.5994478
0.15 0.925 1.154535 0.5328178
0.2 0.975 1.1389389 0.5108805
0.2 0.375 1.1076746 0.47586152
0.2 0.25 1.0777776 0.42657042
0.2 0.3 1.1802346 0.5192086
0.175 0.375 1.1214651 0.49240702
0.175 0.6 1.1257995 0.45926496
0.2 0.275 1.15358 0.47292584
0.2 0.325 1.1086584 0.50719154
0.2 0.35 1.1409065 0.5242581
0.175 0.075 1.083202 0.43111303
0.175 0.55 1.0809176 0.4871353
0.175 0.575 1.1524276 0.4934435
0.175 0.95 1.1137044 0.4965601
0.15 0.85 1.1080091 0.48260424
0.175 0.275 1.1553183 0.5266422
0.225 0.3 1.1405628 0.51777023
0.2 0.55 1.1246874 0.4599871
0.2 0.7 1.1412364 0.5400134
0.175 0.425 1.1519516 0.5442989
0.225 0.1 1.1434797 0.5111546
0.2 0.575 1.0710846 0.47491872
0.2 0.875 1.1319176 0.533057
0.2 0.775 1.1284889 0.49256045
0.225 0.025 1.1461728 0.55663455
0.2 0.75 1.1420577 0.50038993
0.2 0.725 1.1375403 0.5206133
0.2 0.85 1.1050663 0.4795073
0.175 0.3 1.1367972 0.529219
0.2 1.0 1.1554992 0.52899724
0.2 0.825 1.1222678 0.4800554
0.2 0.025 1.1572322 0.49725202
0.175 0.7 1.1146171 0.50307727
0.175 0.65 1.125054 0.5142373
0.2 0.475 1.1080011 0.500805
0.175 1.0 1.1343249 0.48347086
0.225 0.25 1.1708097 0.57559174
0.225 0.075 1.1139803 0.45583647
0.175 0.125 1.1776794 0.5035878
0.175 0.85 1.1222644 0.5138613
0.225 0.7 1.1878687 0.49817616
0.225 0.55 1.1721041 0.5392254
0.2 0.625 1.1294034 0.4946964
0.2 0.525 1.1175967 0.49368382
0.225 0.275 1.0650089 0.42131725
0.2 0.6 1.1835933 0.54487926
0.225 0.4 1.1467835 0.5016255
0.225 0.125 1.1073363 0.5088385
0.175 0.1 1.0815626 0.44897917
0.175 0.875 1.1115179 0.5045457
0.225 0.575 1.1522129 0.5038585
0.225 0.35 1.1578976 0.58953637
0.225 0.375 1.0994779 0.5121486
0.25 0.075 1.213979 0.5382653
0.2 0.9 1.1467432 0.51650494
0.175 0.825 1.1576202 0.5042249
0.225 0.45 1.1303813 0.50828457
0.225 0.05 1.1685843 0.46411023
0.225 0.525 1.1747983 0.5393993
0.225 0.8 1.1264529 0.5167001
0.225 0.475 1.1791353 0.5602368
0.25 0.375 1.1696097 0.5115303
0.225 0.675 1.1566226 0.5091663
0.225 0.425 1.1999193 0.510479
0.225 0.15 1.0523165 0.46708915
0.225 0.625 1.1400726 0.53838146
0.225 0.2 1.1309115 0.49473286
0.225 0.175 1.1922314 0.5836102
0.225 0.65 1.150873 0.5373557
0.225 0.325 1.1466095 0.5220028
0.225 0.75 1.1282418 0.52328336
0.25 0.575 1.1204453 0.4760113
0.225 0.5 1.182992 0.5221491
0.25 0.475 1.1576954 0.512397
0.25 0.65 1.1349409 0.51441896
0.25 0.425 1.1368577 0.558089
0.25 0.45 1.1406012 0.53590643
0.25 0.4 1.1083829 0.49875566
0.225 0.95 1.1314261 0.49710375
0.225 0.85 1.1284517 0.47985578
0.225 0.825 1.1466154 0.5271904
0.225 0.775 1.1182141 0.49208134
0.25 0.25 1.1524934 0.44861144
0.25 0.6 1.1785791 0.51106626
0.275 0.4 1.1722755 0.50970644
0.275 0.55 1.1143004 0.454975
0.275 0.175 1.1234562 0.5658307
0.25 0.9 1.1341012 0.5104081
0.25 0.75 1.1217476 0.47329292
0.25 0.975 1.0949652 0.5078913
0.25 1.0 1.130162 0.5150871
0.25 0.95 1.103934 0.46596223
0.25 0.925 1.1217502 0.47728747
0.225 1.0 1.1751808 0.5496004
0.25 0.625 1.1098332 0.51078904
0.25 0.875 1.121702 0.48078147
0.25 0.8 1.0924116 0.49586838
0.25 0.775 1.140419 0.49653158
0.25 0.85 1.1309596 0.5267523
0.25 0.5 1.1371269 0.45824447
0.25 0.825 1.1323895 0.5311447
0.275 0.125 1.0753314 0.4036226
0.225 0.875 1.1281867 0.47963697
0.275 0.15 1.1818469 0.5233778
0.25 0.1 1.2916887 0.64032066
0.275 0.2 1.1348203 0.5452401
0.25 0.125 1.0651735 0.46335873
0.25 0.725 1.1518123 0.48144054
0.25 0.2 1.1159503 0.54844785
0.25 0.175 1.1328936 0.46000198
0.275 0.075 1.1776199 0.587864
0.25 0.15 1.1842272 0.5938104
0.225 0.975 1.0900328 0.5269543
0.275 0.025 1.1031389 0.4647355
0.275 0.1 1.1254587 0.46056178
0.275 0.5 1.1279695 0.4913168
0.275 0.25 1.193949 0.50186956
0.25 0.325 1.1547456 0.48527008
0.275 0.275 1.197962 0.57586044
0.275 0.3 1.1479362 0.60059106
0.275 0.45 1.1700866 0.5007332
0.25 0.275 1.2082611 0.528469
0.225 0.925 1.1505305 0.51409775
0.25 0.525 1.1654027 0.5104586
0.25 0.35 1.1567818 0.53488094
0.225 0.9 1.1878428 0.5068975
0.075 0.375 1.2256454 0.54888886
0.275 0.525 1.146731 0.5000966
0.3 0.125 1.1489894 0.52205664
0.275 0.425 1.1301445 0.48104545
0.225 0.725 1.1542754 0.4973745
0.275 0.675 1.1410377 0.49901718
0.275 0.725 1.1491817 0.52512604
0.3 0.1 1.2135273 0.49874237
0.3 0.55 1.1436121 0.51445425
0.275 0.7 1.1789671 0.56566405
0.05 0.925 1.1652031 0.5653319
0.25 0.55 1.1389778 0.47993597
0.275 0.95 1.1591871 0.51907045
0.05 0.95 1.1403786 0.48830917
0.275 0.925 1.158129 0.5220871
0.275 0.225 1.1498926 0.54167193
0.275 0.8 1.1185219 0.49180397
0.275 0.825 1.1202497 0.5141402
0.3 0.15 1.0765913 0.49548042
0.25 0.675 1.1697705 0.51619416
0.3 0.175 1.2016118 0.58371943
0.275 0.375 1.1846763 0.46859998
0.3 0.975 1.1764586 0.5477943
0.275 0.475 1.1077538 0.4726779
0.25 0.7 1.1458421 0.48442087
0.3 0.2 1.1356835 0.5358223
0.3 0.05 1.1998513 0.5410628
0.275 0.325 1.1589539 0.5058128
0.325 0.35 1.1595539 0.5339343
0.275 0.05 1.0687275 0.4468798
0.3 0.35 1.1337903 0.55891913
0.3 0.25 1.1809721 0.47863817
0.25 0.225 1.1410683 0.45711204
0.075 0.5 1.1676062 0.52386284
0.3 0.4 1.1918007 0.5283624
0.3 0.375 1.1339163 0.4830566
0.275 0.35 1.1208813 0.51438147
0.3 0.95 1.1522347 0.4859837
0.275 0.65 1.1224098 0.4783808
0.3 0.85 1.1266273 0.4972885
0.3 0.675 1.1191767 0.4916478
0.3 1.0 1.1433058 0.48501924
0.05 0.9 1.13184 0.51057273
0.3 0.65 1.1272912 0.47329977
0.325 0.05 1.1321825 0.47935614
0.3 0.8 1.1391578 0.5189262
0.075 0.4 1.1104009 0.48839262
0.3 0.875 1.1360229 0.5254745
0.325 0.075 1.0739295 0.4555708
0.275 1.0 1.1561167 0.5127799
0.3 0.225 1.1534909 0.486629
0.325 0.025 1.1644071 0.47630373
0.275 0.975 1.1258404 0.5141914
0.325 0.5 1.0887852 0.47936952
0.3 0.625 1.1270117 0.5159802
0.075 0.525 1.1607006 0.46674004
0.3 0.025 1.1381977 0.50641364
0.275 0.775 1.1240591 0.46204704
0.3 0.925 1.1239306 0.48562157
0.325 0.125 1.1377002 0.43816674
0.325 0.95 1.1164457 0.50807565
0.05 1.0 1.1329794 0.5405664
0.05 0.975 1.143251 0.5067444
0.275 0.6 1.1556071 0.5115872
0.3 0.9 1.1604836 0.50804234
0.325 0.9 1.1498904 0.51912326
0.3 0.275 1.1186426 0.5505348
0.3 0.3 1.1600223 0.46716934
0.325 0.175 1.1376786 0.5749178
0.05 0.375 1.1817279 0.48736197
0.05 0.15 1.1269073 0.4662175
0.275 0.575 1.1526618 0.5653808
0.3 0.075 1.1273623 0.5275953
0.05 0.325 1.0603344 0.4756278
0.325 0.475 1.1508472 0.4981166
0.325 0.225 1.2227492 0.6499825
0.325 0.425 1.112981 0.5011935
0.325 0.65 1.161234 0.5088281
0.325 0.45 1.1565071 0.4985847
0.325 0.15 1.1067235 0.4632608
0.3 0.6 1.1363509 0.46766433
0.325 0.4 1.1411463 0.45096555
0.3 0.575 1.1684262 0.51876915
0.325 0.525 1.0941291 0.5076604
0.325 0.1 1.1117253 0.5137045
0.325 0.675 1.1469456 0.5086842
0.325 0.6 1.152409 0.5119466
0.325 0.55 1.1450359 0.5098558
0.05 0.4 1.1357188 0.49059024
0.3 0.325 1.1079338 0.46186393
0.325 0.775 1.1104072 0.50070506
0.3 0.825 1.1276964 0.46044824
0.35 0.725 1.1306164 0.48392433
0.325 0.7 1.140736 0.49833706
0.325 0.575 1.0997282 0.46701342
0.325 0.825 1.1491789 0.50203246
0.05 0.125 1.1909552 0.48086962
0.325 0.875 1.1400977 0.52073485
0.325 0.925 1.122524 0.50074434
0.325 0.2 1.1738288 0.43687806
0.325 1.0 1.0883735 0.47730663
0.35 0.025 1.1437652 0.5439095
0.35 0.075 1.1106462 0.41262558
0.35 0.05 1.1355518 0.57525134
0.05 0.3 1.1751549 0.55838454
0.35 0.15 1.0865047 0.5358954
0.35 0.1 1.2025859 0.62098
0.35 0.125 1.1245869 0.50897986
0.325 0.625 1.129 0.51737833
0.05 0.35 1.1417179 0.5500058
0.35 0.375 1.1467808 0.5040301
0.35 0.5 1.1329398 0.5245746
0.35 0.35 1.1015817 0.46967727
0.35 0.4 1.1283659 0.5135362
0.325 0.975 1.1347117 0.5225826
0.35 0.425 1.1409825 0.48531207
0.35 0.325 1.1590499 0.5277364
0.35 0.525 1.1429604 0.48063883
0.325 0.25 1.2038532 0.5280501
0.35 0.45 1.143088 0.534346
0.35 0.55 1.1128467 0.48806083
0.05 0.175 1.1527189 0.5312892
0.35 0.3 1.1922444 0.5941057
0.325 0.375 1.1468072 0.51659757
0.325 0.725 1.0840379 0.49609068
0.35 0.575 1.13245 0.48070547
0.35 0.275 1.1801841 0.5529723
0.35 0.85 1.1087947 0.507974
0.325 0.75 1.1150873 0.46818402
0.375 0.025 1.1183856 0.5506825
0.35 0.475 1.1265396 0.48605072
0.35 0.65 1.1349369 0.4912663
0.35 0.975 1.1260393 0.48544377
0.35 0.9 1.1300333 0.4628926
0.375 0.45 1.1249914 0.53443027
0.35 0.7 1.1557324 0.5315695
0.35 0.825 1.1339351 0.53556657
0.35 0.8 1.1497983 0.5120857
0.325 0.8 1.1019996 0.49147567
0.35 0.75 1.1169018 0.4803675
0.325 0.85 1.1129436 0.4643334
0.375 0.125 1.1968117 0.53642917
0.375 0.75 1.1209228 0.5274189
0.325 0.325 1.1272414 0.48013452
0.35 0.625 1.1372383 0.508202
0.375 0.1 1.1043055 0.5165876
0.35 0.225 1.0685838 0.41968152
0.35 0.25 1.1447681 0.5089969
0.375 0.65 1.1663322 0.54130656
0.35 0.2 1.0959681 0.47130665
0.375 0.6 1.0901841 0.48766482
0.375 0.35 1.1769211 0.58996856
0.375 0.675 1.1183646 0.495237
0.35 0.6 1.0842023 0.46017915
0.375 0.225 1.1602919 0.51738733
0.375 0.4 1.2187561 0.587306
0.375 0.625 1.1505935 0.5228597
0.375 0.25 1.2154863 0.5254586
0.35 1.0 1.1574239 0.5176763
0.4 0.625 1.1593108 0.46377876
0.35 0.175 1.1417751 0.48617372
0.35 0.925 1.1585343 0.5010811
0.375 0.2 1.1330903 0.4492745
0.375 0.15 1.2224566 0.49486244
0.375 0.275 1.1919941 0.6073646
0.35 0.775 1.1500337 0.5056652
0.375 0.95 1.1690886 0.52626985
0.375 0.3 1.1586522 0.51570314
0.375 0.725 1.1114556 0.49240318
0.375 0.425 1.1849291 0.5767432
0.375 0.5 1.1264343 0.48389095
0.4 0.8 1.1258419 0.46665218
0.35 0.875 1.1456223 0.5236253
0.4 0.575 1.1307932 0.5324795
0.325 0.3 1.2263943 0.5700426
0.375 0.375 1.1644194 0.5526404
0.35 0.95 1.1356246 0.5137
0.375 0.8 1.1251915 0.45923164
0.375 0.475 1.1777632 0.5201142
0.4 0.45 1.1557901 0.5273391
0.4 0.2 1.0896919 0.44508392
0.4 0.3 1.0770478 0.46270913
0.4 0.225 1.1523097 0.45244366
0.4 0.325 1.2028229 0.5858103
0.4 0.125 1.126972 0.48403656
0.4 0.1 1.2071575 0.57864684
0.4 0.675 1.094754 0.47619417
0.4 0.15 1.1455958 0.5154093
0.4 0.5 1.1855628 0.53853863
0.425 0.825 1.1114901 0.48697278
0.4 0.65 1.0969203 0.48424125
0.4 0.95 1.1421815 0.49694604
0.4 0.25 1.1690344 0.55158025
0.375 0.7 1.1750991 0.5332155
0.375 0.05 1.1039059 0.6107724
0.375 0.85 1.0969216 0.5210399
0.4 0.075 1.0980145 0.49019703
0.4 0.475 1.1109695 0.46009657
0.375 0.325 1.1809348 0.6033499
0.4 0.275 1.1462648 0.49285823
0.4 0.35 1.1955369 0.5663295
0.325 0.275 1.1656015 0.4993655
0.4 0.375 1.1586576 0.54909927
0.425 0.275 1.1489475 0.4573731
0.4 0.7 1.1267471 0.493405
0.4 0.775 1.1834096 0.5832265
0.375 0.925 1.0936102 0.49020553
0.4 0.725 1.1130235 0.46763647
0.45 0.45 1.1204164 0.47819805
0.425 0.3 1.1118817 0.5067833
0.425 0.45 1.1245574 0.48612487
0.4 0.9 1.1243848 0.48855606
0.375 0.575 1.167836 0.5015402
0.4 0.55 1.0996863 0.46355003
0.4 0.6 1.1498526 0.52779967
0.425 0.8 1.1529248 0.51708025
0.425 0.7 1.1784624 0.5178163
0.425 0.725 1.1035053 0.48128027
0.425 0.75 1.1191909 0.4953694
0.425 0.65 1.1162848 0.46742362
0.425 0.35 1.1398132 0.5274396
0.425 0.775 1.1277107 0.50372577
0.425 0.675 1.1612767 0.49164858
0.425 0.925 1.1562407 0.48043713
0.425 0.9 1.1613674 0.5208077
0.425 0.075 1.1233267 0.52223825
0.4 0.05 1.1876732 0.5382936
0.425 0.85 1.0923889 0.47202972
0.45 0.75 1.1037843 0.5155381
0.375 1.0 1.1376454 0.49669504
0.45 0.075 1.1373928 0.43830606
0.45 0.15 1.1672009 0.45740014
0.475 0.1 1.0641135 0.42677647
0.375 0.975 1.1349009 0.4797807
0.425 0.875 1.1344415 0.48477215
0.45 0.1 1.098271 0.455108555
0.45 0.125 1.1541293 0.56782126
0.45 0.05 1.1808405 0.68517756
0.45 0.175 1.0904495 0.5678645
0.45 0.025 1.1337258 0.5552123
0.4 0.425 1.0791872 0.45807433
0.4 0.4 1.1251543 0.48746392
0.425 1.0 1.1299951 0.5017863
0.425 0.225 1.142758 0.5345339
0.45 0.375 1.1551478 0.5479486
0.45 0.725 1.1342325 0.48254347
0.425 0.6 1.0991709 0.4611823
0.375 0.9 1.152513 0.55205613
0.45 0.275 1.119328 0.5220377
0.45 0.425 1.132665 0.4734424
0.45 0.4 1.1544551 0.4597031
0.4 0.925 1.0947942 0.4976856
0.375 0.525 1.1365674 0.532854
0.45 0.525 1.1254724 0.47013032
0.425 0.2 1.1327965 0.52329564
0.45 0.325 1.0792192 0.46980727
0.475 0.025 1.1664487 0.5380411
0.425 0.4 1.1055532 0.4568896
0.45 0.55 1.1585807 0.5265476
0.45 0.825 1.0923208 0.5134274
0.475 0.7 1.1656712 0.56191397
0.45 0.675 1.1134764 0.51842815
0.475 0.775 1.1060507 0.4616743
0.475 0.75 1.1564434 0.52037734
0.475 0.2 1.1064687 0.44410756
0.425 0.425 1.179765 0.54125077
0.45 0.775 1.1494943 0.48538104
0.45 0.875 1.1368383 0.4935421
0.45 0.85 1.1102706 0.4795845
0.45 0.225 1.1640632 0.49113426
0.45 0.9 1.0977322 0.4862042
0.4 1.0 1.1324152 0.50160944
0.425 0.975 1.1756563 0.5086041
0.45 1.0 1.1065239 0.4986834
0.375 0.875 1.1390321 0.4916144
0.45 0.25 1.1136448 0.50969815
0.45 0.65 1.1672167 0.5035197
0.475 0.4 1.1327946 0.48108873
0.475 0.575 1.1257417 0.45846692
0.475 0.425 1.1354373 0.49355984
0.475 0.55 1.1346198 0.5153013
0.45 0.95 1.1148536 0.4947686
0.475 0.45 1.1329571 0.5063172
0.475 0.525 1.1368067 0.49604046
0.45 0.35 1.1604311 0.5516389
0.475 0.325 1.1847239 0.5471006
0.45 0.5 1.1172402 0.44122165
0.475 0.625 1.1729885 0.56615853
0.475 0.95 1.0994306 0.5031077
0.475 0.35 1.1215793 0.5483166
0.425 0.25 1.0973747 0.5636823
0.475 0.475 1.1565506 0.47120637
0.45 0.625 1.1598514 0.5079733
0.475 0.65 1.1395146 0.5082919
0.475 0.6 1.1099346 0.44558406
0.475 0.075 1.138992 0.5278243
0.475 0.8 1.1508868 0.5441488
0.475 0.85 1.1576431 0.4713013
0.475 0.875 1.1143496 0.51127875
0.45 0.925 1.1157987 0.51992315
0.475 0.125 1.0770493 0.443037
0.475 0.925 1.146682 0.48703206
0.5 0.15 1.1210829 0.5207031
0.475 0.675 1.150595 0.5460694
0.475 0.3 1.1396164 0.49735513
0.475 0.375 1.1209695 0.5138058
0.475 0.725 1.1271117 0.5201969
0.5 0.2 1.1557298 0.48754555
0.5 0.225 1.2319393 0.5671611
0.475 0.825 1.1556748 0.54003334
0.475 0.175 1.1488155 0.56237566
0.5 0.25 1.1505821 0.5719432
0.5 0.275 1.1397364 0.48171285
0.475 1.0 1.1280562 0.49622172
0.5 0.025 1.1902092 0.7031176
0.475 0.975 1.1409844 0.51427716
0.5 0.05 1.1510506 0.56314236
0.5 0.35 1.0929348 0.48572835
0.5 0.125 1.1506922 0.56514007
0.5 0.075 1.1466385 0.533035
0.5 0.325 1.1539876 0.44408205
0.5 0.3 1.1399126 0.5045695
0.5 0.525 1.1335909 0.5225966
0.5 0.725 1.1480238 0.52678156
0.5 0.55 1.1111726 0.53521734
0.5 0.5 1.0879558 0.4893515
0.5 0.175 1.1056702 0.40490758
0.5 0.975 1.1709665 0.51614857
0.5 0.375 1.1556723 0.6117731
0.5 0.8 1.1079787 0.48322853
0.5 0.575 1.1337968 0.52051425
0.5 0.425 1.0837517 0.44276217
0.5 0.85 1.1308895 0.51090866
0.5 0.9 1.1431277 0.5243336
0.5 0.925 1.1351418 0.47132277
0.5 0.825 1.1456945 0.49326658
0.5 0.95 1.1332592 0.49975392
0.5 0.65 1.163413 0.5400617
0.5 0.475 1.0904269 0.42736793
0.5 0.45 1.1856817 0.57901394
0.5 1.0 1.1454031 0.5165749
0.5 0.775 1.1391834 0.51620793
0.5 0.7 1.1527116 0.5073157
0.5 0.6 1.1915001 0.56746036
0.525 0.05 1.0930995 0.45473775
0.525 0.075 1.0631311 0.46866602
0.5 0.625 1.1380031 0.49456182
0.5 0.75 1.1487887 0.52641344
0.525 0.1 1.1904508 0.53571844
0.525 0.375 1.1901929 0.5060968
0.525 0.25 1.1443702 0.4572023
0.525 0.125 1.1610491 0.52234715
0.525 0.325 1.1055355 0.4908912
0.525 0.3 1.1431549 0.49552128
0.525 0.35 1.1109238 0.4927266
0.525 0.025 1.1504107 0.54266304
0.525 0.2 1.0746069 0.5148782
0.525 0.175 1.1267064 0.5086883
0.525 0.4 1.2378483 0.5523271
0.525 0.225 1.1450083 0.5272749
0.525 0.15 1.1144129 0.5676344
0.525 0.475 1.1520493 0.48401928
0.525 0.6 1.1557407 0.5420852
0.525 0.45 1.1545118 0.52633667
0.525 0.55 1.1152525 0.49505496
0.525 0.275 1.1445777 0.44319347
0.525 0.75 1.1290611 0.4696814
0.525 0.9 1.1000563 0.47935408
0.525 0.625 1.1406505 0.49197933
0.525 0.425 1.1762244 0.50415254
0.525 0.775 1.1175086 0.5070694
0.525 0.575 1.1149315 0.5053304
0.525 0.85 1.103708 0.50632066
0.525 0.65 1.0903891 0.4253275
0.525 0.5 1.1893907 0.5425502
0.525 0.7 1.1381481 0.50246006
0.525 0.8 1.1432704 0.5128831
0.55 0.025 1.2144777 0.6349899
0.525 1.0 1.0924449 0.48094663
0.525 0.975 1.1227276 0.4693605
0.525 0.95 1.1514882 0.51622695
0.525 0.675 1.1404488 0.49295554
0.525 0.725 1.1230134 0.54227763
0.55 0.05 1.1315973 0.5523953
0.525 0.825 1.1463308 0.50267607
0.55 0.15 1.1767308 0.6881105
0.55 0.075 1.2170519 0.583022
0.55 0.225 1.0749478 0.46797326
0.55 0.1 1.1147442 0.46488765
0.525 0.875 1.1498501 0.51991457
0.55 0.325 1.1183985 0.48360747
0.55 0.275 1.0937754 0.48377675
0.55 0.3 1.0828387 0.42493826
0.55 0.175 1.0767477 0.5868194
0.55 0.475 1.172966 0.5803642
0.55 0.125 1.1630394 0.57348007
0.55 0.25 1.1433637 0.50762117
0.55 0.35 1.1936644 0.55958873
0.55 0.2 1.1954077 0.57782227
0.55 0.5 1.0960703 0.44277656
0.55 0.65 1.112393 0.48800904
0.55 0.6 1.1358936 0.4724013
0.55 0.575 1.0887101 0.4806367
0.55 0.625 1.0666639 0.4473003
0.55 0.675 1.1420958 0.50269866
0.55 0.425 1.1337869 0.5115025
0.55 0.4 1.1204005 0.53029037
0.55 0.45 1.1256989 0.46998432
0.55 0.775 1.1366719 0.51373386
0.55 0.925 1.115546 0.5249132
0.55 0.375 1.1687496 0.5364903
0.55 0.7 1.1213156 0.5182089
0.55 0.55 1.1077799 0.47842938
0.55 0.75 1.1176045 0.4971232
0.575 0.025 1.2191349 0.5526097
0.55 0.525 1.1749525 0.5231859
0.55 0.725 1.1406384 0.5551072
0.55 0.825 1.1445984 0.5026677
0.55 0.95 1.112376 0.50457424
0.55 0.875 1.1148878 0.49047837
0.55 0.975 1.1187686 0.4875733
0.55 0.85 1.113974 0.5118869
0.575 0.075 0.9855952 0.4195134
0.55 0.8 1.1650863 0.49512315
0.575 0.225 1.1417704 0.4997114
0.575 0.275 1.1209824 0.46188873
0.575 0.25 1.0446689 0.45213285
0.575 0.3 1.1368849 0.49268526
0.575 0.2 1.1372216 0.47891986
0.55 1.0 1.1089504 0.46580568
0.55 0.9 1.1063992 0.45492667
0.575 0.15 1.1834385 0.575044
0.575 0.5 1.1020381 0.49293646
0.575 0.1 1.0832102 0.46046135
0.575 0.125 1.1336321 0.4987927
0.575 0.4 1.1049185 0.56841713
0.575 0.425 1.1177471 0.516869
0.575 0.05 1.2063203 0.62705904
0.575 0.375 1.1032443 0.501495
0.575 0.175 1.1098607 0.49230704
0.575 0.35 1.0643185 0.44948122
0.575 0.475 1.1304297 0.48744583
0.575 0.325 1.095311 0.44142723
0.575 0.525 1.150736 0.53083587
0.1 0.2 1.0575173 0.50205314
0.575 0.6 1.1280377 0.48672438
0.1 0.25 1.1874273 0.48384464
0.575 0.95 1.1550679 0.4761243
0.575 0.725 1.1232517 0.49757618
0.575 0.7 1.136905 0.5117877
0.575 0.45 1.090045 0.495082
0.575 0.75 1.1091263 0.5014816
0.575 0.65 1.0935466 0.5198429
0.575 0.625 1.1535287 0.49862215
0.575 0.55 1.1559525 0.4859249
0.575 0.575 1.1219965 0.56288713
0.1 0.225 1.1471368 0.51333874
0.575 0.675 1.1367117 0.4803419
0.575 1.0 1.1469752 0.52410454
0.6 0.1 1.1086878 0.44344616
0.6 0.075 1.2199912 0.5984154
0.575 0.925 1.1236576 0.49305174
0.6 0.05 1.0998614 0.47720024
0.6 0.15 1.1200799 0.4737967
0.575 0.825 1.1032035 0.47673592
0.575 0.9 1.1271753 0.47840935
0.575 0.8 1.133721 0.48833662
0.6 0.25 1.0891197 0.45948157
0.575 0.85 1.1338439 0.5045952
0.6 0.175 1.097513 0.47056124
0.6 0.2 1.1200588 0.5230345
0.575 0.975 1.1483824 0.53583086
0.6 0.225 1.1299502 0.44795343
0.6 0.125 1.1975844 0.537816
0.6 0.025 1.1453154 0.50064254
0.6 0.35 1.2060006 0.5427785
0.1 0.275 1.151736 0.44218677
0.075 1.0 1.1325015 0.4772283
0.1 0.1 1.1777706 0.46659365
0.6 0.3 1.1565435 0.4959659
0.1 0.125 1.1501662 0.49156407
0.1 0.05 1.143822 0.54539555
0.6 0.425 1.0899769 0.44495
0.6 0.4 1.1857144 0.54384273
0.6 0.275 1.1255378 0.50593305
0.075 0.75 1.1140541 0.47173965
0.075 0.725 1.1758322 0.5199192
0.6 0.5 1.1184305 0.48832065
0.6 0.475 1.1234957 0.5223836
0.6 0.325 1.0904554 0.5000717
0.1 0.075 1.0891113 0.59088403
0.1 0.175 1.0884567 0.5067414
0.6 0.375 1.161864 0.5667717
0.075 0.775 1.1301807 0.53804755
0.6 0.625 1.1773033 0.5452481
0.6 0.6 1.134609 0.48504013
0.6 0.675 1.1472743 0.53106457
0.6 0.775 1.122196 0.47736415
0.075 0.85 1.1082304 0.48209357
0.6 0.75 1.1056778 0.50185925
0.6 0.825 1.1010094 0.50126594
0.6 0.525 1.1226742 0.48797333
0.075 0.825 1.1629999 0.5079527
0.625 0.025 1.1746908 0.5654577
0.075 0.8 1.1352584 0.4527371
0.6 0.575 1.1672752 0.5379954
0.6 1.0 1.1120414 0.45497602
0.6 0.85 1.1155908 0.48258516
0.6 0.975 1.1369896 0.5068355
0.6 0.95 1.1440647 0.4974645
0.075 0.875 1.0965167 0.49186537
0.6 0.7 1.1512809 0.5001787
0.6 0.55 1.1301982 0.5363494
0.6 0.8 1.1445388 0.50104713
0.625 0.1 1.0672596 0.5090134
0.625 0.05 1.1149315 0.5900702
0.6 0.925 1.1458032 0.46030438
0.6 0.65 1.0854166 0.48454237
0.6 0.875 1.115724 0.48528844
0.6 0.9 1.1062536 0.50519496
0.625 0.275 1.117701 0.5016718
0.6 0.725 1.1317296 0.55149573
0.625 0.15 1.2094452 0.51882756
0.625 0.225 1.1234165 0.5133779
0.625 0.25 1.1867573 0.6508592
0.625 0.075 1.1131111 0.5594947
0.625 0.125 1.0885055 0.5161072
0.625 0.175 1.1673832 0.5448155
0.625 0.6 1.1186311 0.5402821
0.625 0.2 1.1436379 0.55546474
0.625 0.475 1.1166017 0.488972
0.625 0.35 1.2007524 0.61358154
0.625 0.375 1.1666092 0.5342854
0.625 0.3 1.16691 0.45563918
0.625 0.4 1.1306423 0.577825
0.625 0.425 1.1137271 0.5079637
0.625 0.55 1.1830645 0.5687333
0.625 0.825 1.1552877 0.5514067
0.625 0.75 1.113258 0.4941761
0.625 0.8 1.1389608 0.45818126
0.625 0.775 1.0926973 0.45666912
0.625 0.45 1.1429858 0.5102289
0.65 0.125 1.120988 0.50928545
0.625 0.875 1.1087275 0.51217264
0.625 0.325 1.105742 0.48996106
0.625 0.5 1.1249962 0.5408409
0.625 0.625 1.1246295 0.48689067
0.625 0.575 1.147891 0.4642704
0.625 1.0 1.146558 0.51804346
0.625 0.9 1.1387975 0.5444779
0.625 0.85 1.1089411 0.4677884
0.625 0.675 1.1111295 0.49664924
0.65 0.3 1.22043 0.59589034
0.625 0.95 1.1466249 0.51171345
0.65 0.075 1.2196795 0.5906684
0.625 0.975 1.148104 0.4895935
0.625 0.65 1.1657541 0.5346378
0.65 0.175 1.1872295 0.54732484
0.65 0.2 1.1302894 0.57060754
0.65 0.275 1.1203909 0.49878624
0.65 0.225 1.2142019 0.5487389
0.65 0.1 1.2066294 0.6804794
0.65 0.15 1.128225 0.4013393
0.65 0.375 1.1639479 0.4890834
0.625 0.7 1.1292967 0.46227962
0.65 0.25 1.0891769 0.50793415
0.625 0.725 1.1655953 0.56028676
0.65 0.55 1.1484812 0.4930643
0.625 0.925 1.1427758 0.54065377
0.65 0.575 1.1406548 0.5391703
0.65 0.4 1.1102216 0.48220265
0.65 0.425 1.1316324 0.5346727
0.65 0.475 1.1737578 0.5568185
0.65 0.8 1.1429818 0.53182775
0.65 0.35 1.1211717 0.47118375
0.65 0.725 1.1630671 0.52257675
0.65 0.75 1.0994136 0.4952894
0.65 0.875 1.1340929 0.5468065
0.65 0.675 1.1481525 0.50617397
0.65 0.05 1.1422838 0.5059968
0.65 0.5 1.1690305 0.4917753
0.675 0.1 1.2689365 0.5569776
0.675 0.025 1.1432987 0.48505545
0.65 0.9 1.1489351 0.5419311
0.65 1.0 1.1212593 0.4874198
0.65 0.85 1.184442 0.5686702
0.65 0.975 1.0960448 0.5041612
0.65 0.95 1.1107763 0.48031494
0.65 0.025 1.1624537 0.58111095
0.65 0.825 1.1346095 0.5118489
0.65 0.925 1.0898199 0.51281345
0.65 0.6 1.1650734 0.542063
0.1 0.35 1.1915293 0.530872
0.65 0.7 1.1402961 0.48397708
0.65 0.325 1.1157843 0.514572
0.65 0.525 1.1117674 0.46436137
0.65 0.45 1.1605965 0.5022073
0.65 0.625 1.108877 0.4707353
0.675 0.2 1.1512582 0.5151973
0.65 0.775 1.0916655 0.45759815
0.675 0.125 1.1403487 0.52772135
0.65 0.65 1.1260775 0.4693615
0.675 0.05 1.1871942 0.54346704
0.675 0.3 1.1898894 0.4515191
0.675 0.275 1.1736622 0.50193655
0.675 0.575 1.1049134 0.48318374
0.675 0.45 1.1323018 0.4908915
0.675 0.325 1.1461021 0.49692348
0.675 0.65 1.1393888 0.49749765
0.675 0.6 1.1206074 0.46346122
0.675 0.55 1.1321342 0.48462352
0.675 0.975 1.1179276 0.5106677
0.675 0.225 1.1194996 0.48395717
0.675 0.175 1.1859726 0.57872325
0.675 0.625 1.1299924 0.48490635
0.7 0.1 1.1900198 0.5611995
0.675 0.375 1.1502409 0.51186746
0.675 0.15 1.1618636 0.48907542
0.675 0.675 1.141941 0.50762
0.675 0.7 1.1474009 0.5110193
0.675 0.4 1.2203925 0.59805137
0.675 0.525 1.1200709 0.48701745
0.675 0.25 1.1576045 0.5775453
0.675 0.95 1.1059697 0.46330562
0.7 0.025 1.2051142 0.54725087
0.675 1.0 1.1238179 0.49517938
0.7 0.075 1.106302 0.48412493
0.675 0.75 1.1448619 0.5217597
0.7 0.225 1.0675277 0.49593425
0.675 0.775 1.1310854 0.47940153
0.7 0.05 1.2019256 0.59059066
0.7 0.2 1.1497486 0.57484347
0.675 0.725 1.1404126 0.5122038
0.7 0.4 1.1723856 0.5820324
0.7 0.175 1.1637623 0.4579466
0.675 0.9 1.1231894 0.5046145
0.675 0.925 1.1076084 0.4860745
0.675 0.825 1.1388918 0.5188347
0.675 0.8 1.1002811 0.47912982
0.7 0.275 1.1574265 0.5857404
0.7 0.375 1.064151 0.51184356
0.675 0.425 1.1258004 0.49599162
0.675 0.85 1.1326063 0.4600206
0.675 0.875 1.1424403 0.4932543
0.7 0.35 1.1126244 0.4951842
0.7 0.125 1.1704776 0.5521903
0.7 0.25 1.1251886 0.5246912
0.725 0.175 1.164706 0.52087927
0.7 0.45 1.1833951 0.5184827
0.7 0.95 1.1106117 0.4872873
0.7 0.625 1.1665472 0.4949947
0.7 0.85 1.086244 0.4599933
0.7 0.825 1.1686153 0.5366329
0.7 0.75 1.107381 0.44141683
0.7 0.3 1.1774642 0.5739684
0.7 0.575 1.1193519 0.45897362
0.7 0.6 1.1420256 0.50973904
0.7 0.8 1.1406276 0.47390878
0.1 0.375 1.1607466 0.55504817
0.7 0.725 1.0848281 0.48488235
0.7 0.925 1.1352832 0.4970237
0.7 0.775 1.1453143 0.48985395
0.7 0.9 1.1478211 0.5103269
0.7 0.5 1.1015401 0.44078246
0.7 0.55 1.1482146 0.511058
0.7 0.475 1.1785396 0.5388861
0.725 0.05 1.1283755 0.51333255
0.725 0.075 1.2322319 0.58514464
0.7 0.325 1.218444 0.53825885
0.7 0.7 1.1573746 0.5406943
0.7 0.65 1.1456946 0.5547011
0.725 0.225 1.1481049 0.51970726
0.725 0.3 1.201814 0.5335571
0.7 0.875 1.1479483 0.49755156
0.7 1.0 1.1425316 0.5423153
0.7 0.15 1.1402956 0.5228501
0.725 0.325 1.1485904 0.5715303
0.725 0.15 1.1817238 0.5920247
0.725 0.125 1.186379 0.621678
0.725 0.45 1.1656876 0.54309046
0.725 0.025 1.1748993 0.5307884
0.725 0.275 1.2318828 0.53123176
0.725 0.475 1.1358659 0.4783627
0.725 0.525 1.1402819 0.5238385
0.725 0.1 1.2355524 0.5797503
0.725 0.5 1.1750095 0.57224673
0.7 0.525 1.1170499 0.46362102
0.7 0.975 1.1525186 0.49639422
0.7 0.425 1.1660533 0.5364055
0.725 0.25 1.0754002 0.44025075
0.725 0.85 1.1617264 0.50615865
0.725 0.75 1.0948933 0.510915
0.725 0.55 1.1337582 0.48280913
0.75 0.05 1.1447241 0.41978037
0.725 1.0 1.1314378 0.45273352
0.725 0.825 1.1171566 0.485352
0.725 0.2 1.0959551 0.44017366
0.725 0.575 1.1303701 0.51683044
0.75 0.1 1.1678149 0.46400514
0.75 0.025 1.0369527 0.4526052
0.75 0.35 1.1870571 0.4910784
0.75 0.325 1.1023911 0.4703723
0.75 0.25 1.0375865 0.43788412
0.75 0.475 1.1576912 0.5205944
0.725 0.7 1.1085367 0.47335225
0.725 0.725 1.1132295 0.4916227
0.725 0.95 1.1068463 0.47563475
0.75 0.3 1.1198335 0.47296143
0.75 0.125 1.096475 0.46785796
0.75 0.525 1.1091769 0.4788655
0.75 0.15 1.0276932 0.49894685
0.75 0.375 1.0935833 0.5384601
0.75 0.5 1.1456367 0.4893991
0.725 0.875 1.1192147 0.49402297
0.75 0.2 1.1774814 0.537351
0.75 0.55 1.1175591 0.5116474
0.75 0.8 1.1114862 0.51654476
0.75 0.65 1.1396658 0.51955974
0.75 0.575 1.1416571 0.52944565
0.75 0.775 1.1227591 0.49047196
0.725 0.9 1.1461494 0.5129081
0.725 0.975 1.1296299 0.50859183
0.725 0.925 1.1801046 0.5356914
0.75 0.225 1.1749617 0.56452245
0.75 0.275 1.1945968 0.53295887
0.75 0.9 1.1378062 0.51070166
0.1 0.525 1.1192958 0.5257877
0.775 0.45 1.0173844 0.4615812
0.75 0.875 1.1290188 0.488423
0.75 0.175 1.1111064 0.49749836
0.75 0.75 1.1276584 0.4915353
0.75 0.4 1.1204203 0.46943936
0.775 0.05 1.0687841 0.5420289
0.75 0.625 1.1445582 0.5027956
0.775 0.2 1.1014771 0.46266183
0.775 0.475 1.166714 0.58674175
0.775 0.075 1.207216 0.46008775
0.75 0.075 1.0610863 0.4413865
0.75 0.6 1.1581128 0.6033236
0.75 1.0 1.1583583 0.53854954
0.775 0.1 1.1069667 0.53114545
0.775 0.125 1.1566075 0.574232
0.75 0.85 1.1292901 0.49258664
0.75 0.425 1.147775 0.53113043
0.75 0.975 1.1340929 0.4833143
0.775 0.15 1.1020818 0.5200466
0.75 0.925 1.1371801 0.5494662
0.75 0.725 1.1009597 0.48997805
0.775 0.25 1.2022676 0.61676794
0.775 0.325 1.1450224 0.48507282
0.775 0.025 1.1246746 0.4909699
0.1 0.5 1.1459793 0.52371985
0.775 0.525 1.1149561 0.4534174
0.775 0.875 1.1124835 0.5028496
0.775 0.675 1.100313 0.479962
0.775 0.225 1.1127508 0.59895515
0.775 0.275 1.1966314 0.5744847
0.775 0.65 1.1293143 0.5066976
0.775 0.7 1.1440694 0.5069718
0.775 0.725 1.1608659 0.53529096
0.775 0.3 1.064915 0.51404464
0.775 0.175 1.1012489 0.44420817
0.775 0.75 1.1261756 0.54714006
0.775 0.775 1.143694 0.5412824
0.775 0.925 1.1297791 0.49999255
0.8 0.075 1.0745716 0.3863383
0.775 0.9 1.1147139 0.49734434
0.775 0.5 1.1132884 0.4901611
0.8 0.3 1.1088217 0.48964313
0.8 0.275 1.1814766 0.57282573
0.775 0.975 1.1710193 0.50677824
0.8 0.45 1.1323831 0.47192404
0.775 0.95 1.1438965 0.51480037
0.8 0.125 1.1575617 0.51215506
0.8 0.225 1.144439 0.5040163
0.775 1.0 1.0781267 0.48053747
0.8 0.2 1.1783268 0.50705445
0.775 0.625 1.1744843 0.5441947
0.8 0.725 1.1432159 0.5429968
0.775 0.575 1.1595289 0.5119806
0.8 0.025 1.0755035 0.5062235
0.775 0.6 1.1099575 0.4799012
0.775 0.8 1.1477345 0.50172013
0.8 0.7 1.1394912 0.5289273
0.8 0.8 1.1377846 0.49125272
0.8 0.4 1.1780976 0.47152498
0.8 0.325 1.181493 0.49828282
0.8 0.475 1.1053607 0.49878457
0.8 0.1 1.1335622 0.5131411
0.775 0.55 1.1470027 0.49946994
0.8 0.05 1.252111 0.6482237
0.8 0.35 1.1310697 0.5308422
0.8 0.15 1.1858052 0.5391376
0.8 0.925 1.1022218 0.48752564
0.775 0.825 1.1825612 0.51202714
0.775 0.85 1.1042181 0.48600075
0.8 0.425 1.0941647 0.50097966
0.8 0.775 1.1227612 0.5259014
0.8 0.25 1.1146733 0.45220292
0.8 0.975 1.1436466 0.49821264
0.8 0.175 1.1359752 0.60669756
0.8 0.675 1.1631868 0.5599095
0.8 0.6 1.0997655 0.45778757
0.8 0.625 1.1478775 0.5087757
0.8 0.65 1.0933707 0.5043863
0.8 0.95 1.1597269 0.52864295
0.8 0.85 1.1606946 0.5649567
0.8 0.5 1.2252169 0.5753366
0.8 0.575 1.1201855 0.47504142
0.8 0.375 1.1188176 0.5248356
0.8 1.0 1.1119487 0.48994005
0.8 0.75 1.1531893 0.5268326
0.8 0.55 1.1641779 0.48733848
0.825 0.1 1.1409525 0.6000832
0.825 0.075 1.1115116 0.52857417
0.825 0.35 1.1953326 0.49455106
0.825 0.3 1.0546038 0.46175826
0.825 0.375 1.1073488 0.49146736
0.825 0.325 1.1591003 0.5157704
0.825 0.525 1.1286377 0.5378607
0.825 0.625 1.1460736 0.48128286
0.825 0.475 1.1447893 0.5358098
0.825 0.425 1.1161082 0.50338066
0.8 0.9 1.1598009 0.50606984
0.825 0.45 1.1321496 0.437234
0.825 0.05 1.138973 0.5579257
0.825 0.575 1.1161605 0.5123749
0.85 0.35 1.1299855 0.5134973
0.1 0.55 1.1512691 0.54256994
0.825 0.65 1.1283486 0.49475336
0.825 0.7 1.1028303 0.49535012
0.825 0.5 1.1538632 0.48645434
0.85 0.05 1.1786182 0.53620714
0.825 0.55 1.134207 0.50093865
0.825 0.775 1.1362536 0.48981336
0.825 0.125 1.0740997 0.54139924
0.825 0.75 1.1119438 0.47519028
0.825 0.85 1.1267538 0.4893302
0.825 0.725 1.1082214 0.4873943
0.825 0.025 1.0775956 0.46081886
0.825 0.875 1.1594106 0.50811243
0.825 0.4 1.1196263 0.4310367
0.825 0.925 1.1632036 0.516899
0.825 0.8 1.126837 0.5091144
0.85 0.225 1.1098373 0.4963441
0.825 0.225 1.1491588 0.575514
0.85 0.1 1.1222728 0.5558286
0.825 0.825 1.1141299 0.51306456
0.85 0.075 1.1024728 0.42134523
0.85 0.125 1.2087911 0.5903247
0.825 0.6 1.0748403 0.50410116
0.85 0.275 1.0866333 0.5342546
0.825 0.25 1.1403761 0.48853233
0.825 0.275 1.0868529 0.47974977
0.825 0.9 1.1689123 0.5526798
0.825 0.2 1.1572208 0.5672472
0.825 0.175 1.1264408 0.466397
0.85 0.425 1.131231 0.5318686
0.85 0.15 1.2824728 0.60068345
0.825 0.15 1.1545664 0.47926113
0.825 0.95 1.1347163 0.50479245
0.85 0.25 1.1087228 0.45577782
0.85 0.525 1.2036482 0.55096257
0.85 0.175 1.0816852 0.5328082
0.825 0.675 1.1841319 0.52759284
0.825 0.975 1.1504998 0.49432114
0.85 0.375 1.1049783 0.52403265
0.85 0.325 1.1499565 0.5030362
0.85 0.55 1.0887276 0.45611972
0.85 0.475 1.1485662 0.53439575
0.85 0.3 1.1614555 0.47634324
0.85 0.8 1.1501096 0.5244635
0.825 1.0 1.1742887 0.50105435
0.85 0.875 1.101051 0.4946866
0.85 0.775 1.1109585 0.4930178
0.85 0.025 1.1554459 0.5043654
0.85 0.85 1.1087527 0.4980599
0.85 0.75 1.1060741 0.51935387
0.875 0.4 1.1298203 0.51000077
0.1 0.625 1.0919521 0.5113388
0.85 0.825 1.119898 0.4652922
0.85 0.6 1.1121051 0.4693203
0.85 0.2 1.0897541 0.44011837
0.85 0.9 1.1480403 0.51868385
0.85 0.5 1.0804358 0.41393006
0.1 0.575 1.1486204 0.5182367
0.85 0.4 1.1673019 0.5657014
0.85 0.925 1.1618767 0.50800997
0.875 0.275 1.1632309 0.61748105
0.875 0.075 1.118708 0.46581694
0.875 0.175 1.1215366 0.41535914
0.875 0.225 1.1240299 0.46450272
0.875 0.2 1.2154939 0.52409345
0.85 0.675 1.1620741 0.5347431
0.875 0.125 1.1972034 0.46414626
0.85 0.65 1.1049428 0.53350335
0.85 0.95 1.1361978 0.52139074
0.875 0.35 1.0534852 0.48660684
0.875 0.725 1.1154537 0.48931244
0.875 0.15 1.1131893 0.58212966
0.875 0.975 1.1100864 0.4706369
0.875 0.575 1.1570408 0.49505457
0.875 0.025 1.1561172 0.6575436
0.875 0.05 1.0805862 0.47974786
0.875 0.475 1.2086755 0.5701421
0.875 0.375 1.1483577 0.49751106
0.85 0.625 1.1063919 0.50188607
0.875 0.55 1.112962 0.5160779
0.875 0.25 1.1509535 0.47300938
0.875 0.3 1.1136303 0.47578683
0.875 0.95 1.1175625 0.50213206
0.875 0.325 1.1167625 0.48583525
0.875 0.65 1.1047423 0.45915446
0.875 0.45 1.1302131 0.57130086
0.85 0.575 1.1177655 0.51908046
0.85 0.975 1.1174725 0.507205
0.85 1.0 1.115084 0.50579613
0.875 0.675 1.1434857 0.49764216
0.875 0.85 1.1052952 0.47992182
0.875 0.9 1.1514976 0.52760404
0.875 0.825 1.1365588 0.49274033
0.875 0.875 1.0701983 0.46673387
0.85 0.7 1.1264457 0.50362813
0.9 0.025 1.2156848 0.6125113
0.9 0.15 1.0985152 0.43946588
0.9 0.2 1.2401342 0.6318935
0.9 0.175 1.1524785 0.58901465
0.9 0.1 1.0767622 0.46700534
0.85 0.725 1.1313646 0.5347916
0.875 1.0 1.1257311 0.49849004
0.9 0.275 1.1087008 0.4949452
0.875 0.525 1.1341089 0.4809549
0.875 0.5 1.1081316 0.4593987
0.875 0.6 1.1413643 0.5645561
0.9 0.475 1.1439303 0.52424985
0.875 0.625 1.1928307 0.5407716
0.9 0.225 1.127013 0.47473016
0.875 0.425 1.147084 0.5545915
0.9 0.05 1.2735656 0.54866916
0.875 0.925 1.1512166 0.50859934
0.875 0.7 1.162051 0.5380778
0.9 0.925 1.1252466 0.49454603
0.875 0.1 1.179058 0.5630989
0.9 0.45 1.1646092 0.56898344
0.9 0.3 1.0937188 0.4573707
0.9 0.675 1.1382035 0.5336499
0.9 0.4 1.1476551 0.558805
0.875 0.75 1.1330159 0.5182995
0.9 0.5 1.1789786 0.4990579
0.925 0.1 1.057113 0.39537778
0.9 0.775 1.1246531 0.49413356
0.9 0.125 1.1354337 0.49664548
0.9 0.7 1.1488719 0.467509
0.925 0.225 1.1253562 0.5377506
0.925 0.025 1.21283 0.53795385
0.9 0.55 1.1301367 0.5268183
0.925 0.475 1.1260041 0.50258833
0.925 0.125 1.1005023 0.42901698
0.925 0.325 1.1655262 0.46193248
0.9 0.65 1.1576828 0.4889283
0.925 0.2 1.2053713 0.5188917
0.9 0.325 1.135136 0.525506
0.9 0.375 1.1651481 0.54960775
0.1 0.6 1.1049591 0.47822788
0.9 0.35 1.1373593 0.49740383
0.9 0.95 1.0928328 0.46497187
0.925 0.275 1.1493871 0.51770186
0.925 0.15 1.1730019 0.4270854
0.075 0.625 1.1464902 0.5060132
0.9 0.525 1.1640589 0.48420328
0.925 0.35 1.169534 0.50378036
0.925 0.175 1.1450526 0.5147907
0.925 0.4 1.1394093 0.48367593
0.9 0.575 1.1232718 0.5051177
0.9 0.625 1.1068327 0.488005
0.075 0.925 1.1095577 0.47540033
0.925 0.55 1.1279969 0.5085749
0.05 0.25 1.1131012 0.49240795
0.9 0.975 1.1215968 0.5150956
0.9 0.825 1.0748265 0.44877663
0.925 0.45 1.1468154 0.56031185
0.925 0.575 1.1528133 0.5474398
0.925 0.375 1.1597106 0.53837436
0.925 0.65 1.1387672 0.52602065
0.05 0.275 1.1530983 0.5839195
0.075 0.9 1.1152904 0.46371105
0.075 0.65 1.1408632 0.48436585
0.925 0.25 1.2596294 0.5677771
0.075 0.6 1.1209784 0.4499745
0.925 0.6 1.1123164 0.505830055
0.9 1.0 1.1024021 0.50948435
0.925 0.625 1.1192232 0.49648353
0.9 0.75 1.1110971 0.4960637
0.9 0.425 1.2101796 0.5348918
0.9 0.85 1.1347599 0.5174399
0.9 0.075 1.1917988 0.63595825
0.925 0.725 1.133146 0.5341755
0.9 0.6 1.1566718 0.53393936
0.925 0.875 1.1159117 0.49247083
0.925 0.7 1.1006012 0.47658947
0.925 0.9 1.1221504 0.51440597
0.075 0.575 1.1006835 0.5082776
0.925 0.85 1.1223078 0.47160202
0.925 0.525 1.1443112 0.49309924
0.95 0.45 1.1052834 0.4668305
0.925 0.5 1.1211077 0.5356165
0.925 0.775 1.1238028 0.47667426
0.925 0.8 1.0980203 0.5040964
0.9 0.875 1.1250058 0.50069785
0.95 0.1 1.0770519 0.5514401
0.925 0.825 1.1485083 0.49342287
0.9 0.9 1.1477125 0.5206686
0.925 0.05 1.086873 0.56971186
0.925 0.75 1.155665 0.5429403
0.925 0.075 1.1656423 0.5307266
0.95 0.175 1.1512951 0.52868634
0.925 0.3 1.1315755 0.54786295
0.95 0.625 1.1433574 0.54293466
0.95 0.55 1.1422501 0.48829007
0.95 0.15 1.1125548 0.44617674
0.95 0.225 1.1384133 0.46865466
0.95 0.35 1.1560581 0.5633457
0.95 0.375 1.1644208 0.5167739
0.975 0.025 1.2129066 0.57330096
0.925 1.0 1.0972402 0.47117552
0.925 0.925 1.0971863 0.49300063
0.95 0.475 1.107373 0.47704333
0.95 0.025 1.1393888 0.4846584
0.95 0.2 1.1404476 0.50979185
0.95 0.85 1.137188 0.53695023
0.95 0.075 1.2359486 0.6569051
0.975 0.075 1.1157553 0.5062718
0.95 0.6 1.1679583 0.4820684
0.95 0.875 1.1200311 0.4971888
0.95 0.975 1.1412698 0.5177205
0.925 0.975 1.1352534 0.51604944
0.95 0.95 1.1324455 0.5339055
0.95 0.825 1.1326835 0.5262807
0.95 0.65 1.1226102 0.5165832
0.925 0.95 1.1222974 0.52502114
0.975 0.125 1.1094923 0.49420843
0.95 0.75 1.1339495 0.54252434
0.975 0.225 1.1420364 0.4850272
0.95 0.4 1.1755482 0.5349874
0.95 0.325 1.2045622 0.5075883
0.975 0.3 1.1291201 0.528975
0.95 1.0 1.14558 0.5267877
0.975 0.375 1.1645595 0.5335955
0.975 0.5 1.1507022 0.49901792
0.95 0.525 1.1533693 0.5116766
0.975 0.725 1.1703253 0.5373467
0.975 0.325 1.1699393 0.52776444
0.95 0.3 1.1505975 0.5159256
0.975 0.175 1.1122249 0.5138851
0.95 0.425 1.114547 0.42240208
0.975 0.475 1.1155026 0.45425412
0.95 0.5 1.1483096 0.5382625
0.975 0.775 1.1363424 0.48484036
0.95 0.8 1.1155536 0.46100846
0.95 0.675 1.1193088 0.56433237
0.95 0.125 1.0420663 0.4034848
0.95 0.7 1.1108266 0.49474415
0.975 0.35 1.162192 0.5481246
0.975 0.45 1.1302427 0.53818136
0.975 0.525 1.1062024 0.4814157
0.95 0.575 1.1729388 0.52662957
0.975 0.575 1.1671209 0.5147397
0.975 0.85 1.1710985 0.53639585
0.975 0.825 1.1013834 0.47192636
0.975 0.925 1.1577338 0.5031986
0.975 0.425 1.1142818 0.46740985
0.975 0.75 1.0917244 0.4535634
1.0 0.075 1.2065188 0.5932247
1.0 0.225 1.1599089 0.5083427
1.0 0.825 1.09571 0.48436844
1.0 0.425 1.1134444 0.54020166
0.95 0.775 1.1252024 0.50496376
0.975 0.875 1.1096947 0.4982427
0.975 0.6 1.1643283 0.5125732
1.0 0.175 1.1408905 0.53472817
1.0 0.1 1.1254078 0.40146068
1.0 0.2 1.092269 0.46701896
0.975 0.9 1.1440775 0.5433715
1.0 0.125 1.1088889 0.61105424
0.95 0.9 1.1693897 0.53176594
1.0 0.025 1.0492996 0.4435919
1.0 0.05 1.135079 0.55552936
1.0 0.475 1.2179735 0.5574874
0.975 0.275 1.1580751 0.47890186
0.975 0.25 1.0979863 0.43239963
1.0 0.85 1.1196696 0.482147
1.0 0.35 1.2309932 0.5562236
0.975 0.8 1.1806464 0.5026459
1.0 0.25 1.1511148 0.5042804
1.0 0.55 1.148352 0.53235024
0.975 0.2 1.1496212 0.52702427
0.975 0.4 1.1135126 0.4511126
1.0 0.15 1.159071 0.5553141
1.0 0.6 1.1445575 0.49204248
1.0 0.65 1.1266735 0.5313351
0.975 0.15 1.136959 0.5457954
0.95 0.925 1.1338053 0.5129843
1.0 0.575 1.1118001 0.45907527
1.0 0.725 1.1008558 0.4672471
1.0 0.5 1.1579963 0.47353357
0.975 0.95 1.1725734 0.5340451
0.975 0.55 1.1744428 0.5328405
1.0 0.625 1.1361946 0.5512692
1.0 0.975 1.1498792 0.5011599
1.0 0.675 1.1439806 0.51168233
0.975 0.975 1.1447103 0.5595239
1.0 0.7 1.086393 0.49218115
1.0 0.8 1.1183718 0.4942346
0.975 1.0 1.121632 0.49533975
0.15 0.95 1.1017196 0.46559268
0.125 0.825 1.1055632 0.46033314
0.975 0.675 1.1489443 0.5252901
1.0 0.925 1.1234586 0.48826334
0.975 0.7 1.1489615 0.5361345
1.0 0.875 1.1393296 0.5076657
0.975 0.625 1.1084799 0.5008483
0.975 0.65 1.1670014 0.48234037
1.0 0.95 1.1322416 0.5163489
1.0 1.0 1.1507088 0.4791916
0.175 0.8 1.132364 0.5295717
0.125 0.75 1.1440905 0.5061423
1.0 0.45 1.1292812 0.49726442
0.225 0.225 1.1362792 0.50290984
0.175 0.2 1.1659687 0.5575701
0.125 0.525 1.0955735 0.4949041
0.125 0.8 1.1613247 0.53218114
0.2 0.65 1.1557767 0.49587154
0.125 0.425 1.192324 0.5477943
0.15 0.3 1.1144493 0.4908314
0.125 0.55 1.123666 0.4658059
0.2 0.45 1.111816 0.47637364
0.2 0.425 1.1282455 0.52378505
0.175 0.325 1.1491234 0.4940955
0.275 0.85 1.1254072 0.49119812
0.175 0.15 1.126895 0.50770104
1.0 0.325 1.1681985 0.55606186
0.175 0.75 1.1370864 0.5245835
0.25 0.05 1.0893186 0.54564846
0.275 0.9 1.1529009 0.5198362
0.2 0.4 1.1652578 0.4902544
0.45 0.475 1.0978457 0.4731012
0.15 1.0 1.1358838 0.50923574
0.3 0.7 1.1247536 0.4950695
0.175 0.5 1.1634157 0.52747136
0.275 0.75 1.143385 0.49784252
0.3 0.425 1.1167836 0.5092226
0.3 0.45 1.139715 0.47779197
0.4 0.525 1.1133324 0.49282092
0.4 0.975 1.1087766 0.48361713
0.45 0.7 1.1398345 0.5165493
0.175 0.775 1.1470176 0.55945426
0.425 0.375 1.1469039 0.52583236
0.175 0.45 1.1586952 0.52235496
0.275 0.875 1.1119664 0.52138966
0.2 0.675 1.1601789 0.50191426
0.125 0.775 1.1581981 0.5161114
0.45 0.8 1.2037545 0.5073871
0.375 0.775 1.1655282 0.50280106
0.15 0.675 1.118746 0.50487554
0.4 0.85 1.1713642 0.49983332
0.3 0.75 1.0923145 0.48178908
0.275 0.625 1.1175869 0.53050774
0.75 0.45 1.1219623 0.4987687
1.0 0.9 1.138624 0.5593653
0.425 0.1 1.1374325 0.54096645
0.425 0.575 1.0966246 0.48365557
0.45 0.3 1.1319827 0.5492263
0.425 0.625 1.1579615 0.5041077
0.425 0.025 1.3515797 0.6607152
0.375 0.825 1.1181353 0.5074585
0.2 0.925 1.124934 0.48165882
0.425 0.525 1.1049106 0.5007384
0.4 0.875 1.1012738 0.51902187
0.475 0.05 1.0914034 0.4778478
0.425 0.125 1.1723542 0.57919717
1.0 0.375 1.0932764 0.48352137
0.375 0.075 1.1983477 0.5746548
0.4 0.825 1.1171196 0.5481557
0.7 0.675 1.1426508 0.53744155
0.2 0.5 1.1368363 0.53709084
0.425 0.325 1.1834856 0.5499907
0.425 0.5 1.1243931 0.46984127
0.425 0.175 1.0769577 0.48986506
0.575 0.875 1.1279213 0.52251834
0.175 0.225 1.1354525 0.56720877
0.475 0.5 1.1292489 0.49771595
0.45 0.2 1.124041 0.46297553
0.3 0.775 1.1406208 0.49930432
0.3 0.525 1.1297305 0.45999864
0.475 0.15 1.1336852 0.54318696
0.35 0.675 1.0973914 0.47296104
0.5 0.1 1.1397153 0.50920856
0.45 0.975 1.107725 0.4659553
0.6 0.45 1.1169828 0.52676344
0.175 0.4 1.1560339 0.50781673
0.375 0.175 1.19775 0.49744174
0.425 0.475 1.1459602 0.48284045
0.3 0.475 1.1286954 0.5130629
0.675 0.35 1.2247759 0.55458397
0.475 0.9 1.1104764 0.4897861
0.725 0.8 1.1243236 0.4870296
0.525 0.525 1.1196859 0.4947443
0.15 0.1 1.1545156 0.6279786
0.3 0.5 1.0869768 0.4619745
0.5 0.4 1.1234593 0.53372234
0.525 0.925 1.1163076 0.51174885
0.875 0.775 1.1210079 0.4829188
0.25 0.3 1.1331545 0.57761323
0.4 0.175 1.1337794 0.51679206
0.675 0.475 1.1637133 0.56008697
0.475 0.275 1.1706108 0.5755973
0.725 0.425 1.1235472 0.51987416
0.775 0.425 1.1409988 0.4920098
0.425 0.05 1.1718781 0.54685783
0.625 0.525 1.1875966 0.49360928
0.425 0.55 1.122949 0.46338594
0.45 0.575 1.105414 0.5274496
0.725 0.675 1.1351304 0.4890901
0.725 0.65 1.1287441 0.527377
0.4 0.75 1.1539581 0.5460679
0.475 0.25 1.1179472 0.47730052
0.425 0.15 1.1445363 0.48094666
0.775 0.35 1.1030742 0.48907164
0.225 0.6 1.1258724 0.48311308
0.725 0.775 1.1334052 0.5184617
0.75 0.95 1.121411 0.45726833
0.575 0.775 1.2116855 0.5687599
0.4 0.025 1.0505133 0.4098894
0.775 0.4 1.104175 0.4741184
0.9 0.25 1.2025218 0.5609177
0.675 0.5 1.0960476 0.5491894
0.725 0.375 1.0763212 0.45326963
0.8 0.825 1.104518 0.46314928
0.5 0.675 1.1539701 0.53279036
1.0 0.275 1.213517 0.5393372
0.8 0.525 1.1510824 0.5443429
0.75 0.675 1.1458524 0.5221496
0.8 0.875 1.1251185 0.50071526
0.9 0.8 1.1607478 0.5407883
0.675 0.075 1.1524293 0.53435224
0.45 0.6 1.1758347 0.54997313
1.0 0.3 1.1774527 0.5212704
0.425 0.95 1.1333046 0.47150493
0.975 0.1 1.1136639 0.4699502
0.95 0.725 1.1194003 0.467453
0.725 0.35 1.0659117 0.41667342
1.0 0.4 1.1426518 0.49025983
0.725 0.4 1.1081375 0.4746997
0.95 0.05 1.079828 0.54850346
0.75 0.825 1.1635723 0.4959645
0.475 0.225 1.2220386 0.5363808
0.975 0.05 1.1137516 0.59772635
0.75 0.7 1.1319796 0.49884057
1.0 0.525 1.1799895 0.5589755
1.0 0.75 1.1501096 0.502247
0.775 0.375 1.1619844 0.5117001
0.5 0.875 1.1536968 0.5241593
0.725 0.6 1.1724288 0.51010245
0.85 0.45 1.1456083 0.5116755
0.875 0.8 1.1158627 0.46892673
0.9 0.725 1.1111437 0.4909847
0.925 0.425 1.1055242 0.4934289
0.725 0.625 1.0804578 0.4563051
0.95 0.25 1.1448617 0.49555302
0.95 0.275 1.1078445 0.4689395
0.25 0.025 1.1383002 0.48325226
0.3 0.725 1.1217185 0.49791613
1.0 0.775 1.1270027 0.456461