lengthscale l2regularizer rmse_mean rmse_std

0.05 0.05 1.052747 0.397593
0.05 0.10 1.137892 0.502696
0.05 0.15 1.177835 0.491296
0.05 0.20 1.107194 0.532928
0.05 0.25 1.148052 0.688558
0.05 0.30 1.215989 0.575807
0.05 0.35 1.087125 0.412268
0.05 0.40 1.024728 0.605166
0.05 0.45 1.092546 0.569967
0.05 0.50 1.077974 0.445837
0.05 0.55 1.178238 0.526438
0.05 0.60 1.057692 0.505092
0.05 0.65 1.094461 0.570182
0.05 0.70 1.093831 0.458046
0.05 0.75 1.119715 0.464934
0.05 0.80 1.122784 0.473683
0.05 0.85 1.155983 0.493745
0.05 0.90 1.160332 0.488291
0.05 0.95 1.273175 0.634766
0.05 1.00 1.159823 0.471300
0.10 0.05 1.187975 0.551991
0.10 0.10 1.182654 0.614246
0.10 0.15 1.183404 0.614576
0.10 0.20 0.973713 0.408922
0.10 0.25 1.207662 0.606724
0.10 0.30 1.064068 0.542280
0.10 0.35 1.074879 0.420695
0.10 0.40 1.161493 0.505613
0.10 0.45 1.044979 0.493941
0.10 0.50 1.199598 0.544005
0.10 0.55 1.092318 0.433908
0.10 0.60 1.205800 0.572068
0.10 0.65 1.097208 0.601758
0.10 0.70 1.139973 0.484588
0.10 0.75 1.182986 0.736916
0.10 0.80 1.133176 0.505462
0.10 0.85 1.182414 0.667346
0.10 0.90 1.065330 0.399191
0.10 0.95 1.193857 0.563076
0.10 1.00 1.159583 0.584503
0.15 0.05 1.143775 0.663078
0.15 0.10 1.081076 0.525372
0.15 0.15 1.154991 0.553794
0.15 0.20 1.283402 0.662647
0.15 0.25 0.989022 0.527909
0.15 0.30 1.216098 0.612808
0.15 0.35 1.114540 0.691498
0.15 0.40 1.029070 0.450245
0.15 0.45 1.080578 0.407124
0.15 0.50 1.104713 0.558052
0.15 0.55 1.057211 0.483131
0.15 0.60 1.157936 0.550669
0.15 0.65 1.077163 0.509259
0.15 0.70 1.077949 0.466986
0.15 0.75 1.164047 0.649231
0.15 0.80 1.075214 0.502629
0.15 0.85 1.075527 0.451522
0.15 0.90 1.095484 0.436812
0.15 0.95 1.155167 0.657954
0.15 1.00 1.065053 0.456661
0.20 0.05 1.176694 0.545185
0.20 0.10 1.048740 0.585882
0.20 0.15 1.162608 0.489404
0.20 0.20 1.202804 0.554872
0.20 0.25 1.188951 0.580333
0.20 0.30 1.144284 0.631837
0.20 0.35 1.165115 0.619878
0.20 0.40 1.139778 0.556550
0.20 0.45 1.068424 0.424977
0.20 0.50 1.100180 0.486661
0.20 0.55 1.132412 0.627346
0.20 0.60 1.096894 0.467071
0.20 0.65 1.006827 0.381945
0.20 0.70 1.247743 0.612313
0.20 0.75 1.066566 0.549631
0.20 0.80 1.158306 0.660736
0.20 0.85 1.076992 0.571836
0.20 0.90 1.109621 0.619443
0.20 0.95 1.070286 0.570298
0.20 1.00 1.204894 0.578229
0.25 0.05 1.089835 0.560908
0.25 0.10 1.218066 0.642682
0.25 0.15 1.192552 0.597211
0.25 0.20 1.137027 0.462460
0.25 0.25 1.174147 0.414695
0.25 0.30 1.196006 0.511644
0.25 0.35 1.089282 0.716882
0.25 0.40 1.073317 0.477899
0.25 0.45 1.218931 0.654466
0.25 0.50 1.176362 0.582310
0.25 0.55 1.103436 0.769121
0.25 0.60 1.024902 0.587634
0.25 0.65 1.144044 0.520130
0.25 0.70 1.098078 0.481601
0.25 0.75 1.086950 0.476227
0.25 0.80 1.102758 0.469038
0.25 0.85 1.159706 0.556706
0.25 0.90 1.120547 0.634700
0.25 0.95 1.092702 0.551275
0.25 1.00 1.067914 0.544419
0.30 0.05 1.106592 0.466113
0.30 0.10 1.198248 0.745706
0.30 0.15 0.979077 0.521773
0.30 0.20 1.132446 0.561694
0.30 0.25 1.054270 0.383481
0.30 0.30 1.115359 0.441999
0.30 0.35 1.105473 0.509530
0.30 0.40 1.122524 0.643898
0.30 0.45 1.101329 0.616553
0.30 0.50 1.144832 0.504351
0.30 0.55 0.974665 0.463876
0.30 0.60 1.028509 0.363350
0.30 0.65 1.030106 0.407984
0.30 0.70 1.102079 0.502623
0.30 0.75 1.088424 0.414770
0.30 0.80 1.186109 0.445298
0.30 0.85 1.092374 0.522438
0.30 0.90 1.132327 0.481581
0.30 0.95 1.195755 0.616852
0.30 1.00 1.092169 0.548040
0.35 0.05 1.141421 0.597907
0.35 0.10 1.032906 0.576716
0.35 0.15 1.195909 0.559410
0.35 0.20 1.043540 0.443280
0.35 0.25 1.120705 0.635466
0.35 0.30 1.095223 0.527714
0.35 0.35 1.073811 0.534610
0.35 0.40 1.033660 0.525832
0.35 0.45 1.114473 0.571334
0.35 0.50 1.075982 0.619034
0.35 0.55 1.113026 0.471720
0.35 0.60 1.072715 0.473985
0.35 0.65 1.106814 0.499449
0.35 0.70 1.086650 0.495068
0.35 0.75 1.129909 0.532316
0.35 0.80 1.139245 0.566236
0.35 0.85 0.988541 0.442339
0.35 0.90 0.967855 0.449921
0.35 0.95 1.028031 0.477551
0.35 1.00 1.087685 0.636070
0.40 0.05 1.142565 0.632008
0.40 0.10 1.122135 0.553649
0.40 0.15 1.059908 0.462532
0.40 0.20 1.043653 0.445481
0.40 0.25 1.152278 0.576073
0.40 0.30 1.098899 0.552430
0.40 0.35 1.144736 0.631506
0.40 0.40 0.978715 0.529248
0.40 0.45 1.058418 0.381900
0.40 0.50 1.235348 0.664869
0.40 0.55 1.059584 0.510238
0.40 0.60 0.892469 0.373579
0.40 0.65 1.009519 0.557458
0.40 0.70 1.042679 0.460974
0.40 0.75 1.022062 0.499843
0.40 0.80 1.122377 0.661976
0.40 0.85 1.071953 0.469339
0.40 0.90 1.031030 0.540723
0.40 0.95 1.123486 0.526225
0.40 1.00 1.157023 0.525730
0.45 0.05 1.063699 0.465065
0.45 0.10 1.097716 0.499709
0.45 0.15 0.995109 0.561965
0.45 0.20 1.108802 0.486917
0.45 0.25 1.028117 0.544234
0.45 0.30 1.135115 0.532415
0.45 0.35 1.135537 0.446506
0.45 0.40 1.102854 0.455111
0.45 0.45 1.052732 0.507199
0.45 0.50 1.028715 0.408985
0.45 0.55 1.003417 0.468562
0.45 0.60 1.121813 0.500333
0.45 0.65 1.111593 0.329316
0.45 0.70 1.194078 0.656547
0.45 0.75 1.073326 0.531218
0.45 0.80 1.102967 0.706446
0.45 0.85 1.118530 0.548336
0.45 0.90 1.134092 0.572488
0.45 0.95 1.127537 0.550337
0.45 1.00 1.141566 0.661990
0.50 0.05 1.022692 0.384226
0.50 0.10 1.072766 0.483311
0.50 0.15 1.115863 0.611815
0.50 0.20 1.066806 0.481237
0.50 0.25 1.076486 0.494260
0.50 0.30 1.145656 0.607437
0.50 0.35 1.093755 0.561219
0.50 0.40 1.150604 0.550753
0.50 0.45 1.107216 0.471438
0.50 0.50 1.084797 0.484085
0.50 0.55 1.114387 0.511592
0.50 0.60 1.061596 0.462094
0.50 0.65 1.147306 0.603402
0.50 0.70 0.990046 0.500192
0.50 0.75 1.099529 0.684768
0.50 0.80 1.200537 0.684198
0.50 0.85 1.112452 0.416784
0.50 0.90 1.015211 0.446874
0.50 0.95 1.149927 0.516925
0.50 1.00 1.001297 0.476970
0.55 0.05 1.032929 0.476340
0.55 0.10 1.023891 0.551356
0.55 0.15 1.086329 0.516920
0.55 0.20 1.030052 0.585399
0.55 0.25 1.023940 0.510533
0.55 0.30 0.997247 0.447949
0.55 0.35 1.091587 0.508606
0.55 0.40 0.938046 0.466581
0.55 0.45 1.100135 0.557691
0.55 0.50 1.067963 0.439720
0.55 0.55 1.179161 0.527157
0.55 0.60 1.082114 0.481550
0.55 0.65 1.226911 0.698468
0.55 0.70 1.255367 0.518579
0.55 0.75 1.011086 0.623486
0.55 0.80 1.045934 0.497703
0.55 0.85 1.167544 0.800621
0.55 0.90 1.071817 0.438670
0.55 0.95 1.232153 0.621375
0.55 1.00 1.070872 0.401312
0.60 0.05 1.208365 0.711642
0.60 0.10 1.052550 0.502450
0.60 0.15 1.133340 0.507402
0.60 0.20 1.172743 0.601930
0.60 0.25 1.172743 0.601930
0.60 0.30 1.009512 0.535477
0.60 0.35 0.981824 0.362742
0.60 0.40 1.126514 0.415196
0.60 0.45 1.177445 0.641720
0.60 0.50 1.145914 0.541826
0.60 0.55 1.038194 0.433829
0.60 0.60 1.096706 0.571528
0.60 0.65 1.040483 0.642649
0.60 0.70 1.189221 0.688132
0.60 0.75 1.166977 0.640873
0.60 0.80 1.135732 0.755879
0.60 0.85 0.986010 0.522043
0.60 0.90 1.171554 0.629421
0.60 0.95 1.073479 0.430651
0.60 1.00 1.199807 0.687297
0.65 0.05 1.007472 0.515469
0.65 0.10 1.278096 0.745553
0.65 0.15 1.022761 0.463232
0.65 0.20 1.124594 0.587657
0.65 0.25 0.965380 0.467900
0.65 0.30 1.076164 0.485789
0.65 0.35 1.114364 0.683464
0.65 0.40 1.062123 0.426077
0.65 0.45 1.178038 0.582653
0.65 0.50 1.074640 0.452766
0.65 0.55 1.019583 0.656301
0.65 0.60 1.287215 0.667985
0.65 0.65 1.001651 0.408753
0.65 0.70 1.099994 0.554596
0.65 0.75 1.141519 0.676370
0.65 0.80 0.978155 0.480051
0.65 0.85 1.050925 0.605171
0.65 0.90 1.015765 0.443647
0.65 0.95 1.041499 0.607213
0.65 1.00 1.049159 0.473548
0.70 0.05 1.103487 0.636528
0.70 0.10 0.953964 0.481075
0.70 0.15 1.081875 0.487569
0.70 0.20 1.172657 0.531816
0.70 0.25 1.097723 0.623515
0.70 0.30 1.053846 0.564729
0.70 0.35 1.059833 0.527141
0.70 0.40 1.130392 0.700966
0.70 0.45 1.155320 0.640937
0.70 0.50 0.962059 0.599263
0.70 0.55 0.975641 0.433401
0.70 0.60 1.055759 0.430235
0.70 0.65 1.084361 0.556775
0.70 0.70 1.083650 0.670479
0.70 0.75 0.959583 0.577567
0.70 0.80 1.203250 0.510902
0.70 0.85 1.026779 0.472380
0.70 0.90 1.066616 0.432573
0.70 0.95 1.115511 0.552008
0.70 1.00 1.050810 0.398012
0.75 0.05 0.983946 0.613530
0.75 0.10 1.087990 0.463478
0.75 0.15 1.071718 0.517053
0.75 0.20 0.996201 0.627771
0.75 0.25 1.039620 0.488934
0.75 0.30 1.085726 0.494638
0.75 0.35 1.027163 0.518416
0.75 0.40 1.092010 0.527635
0.75 0.45 1.054423 0.465379
0.75 0.50 1.046207 0.526822
0.75 0.55 1.081661 0.520196
0.75 0.60 1.066488 0.593289
0.75 0.65 1.088769 0.563562
0.75 0.70 1.195074 0.462345
0.75 0.75 1.079117 0.632298
0.75 0.80 1.148090 0.411766
0.75 0.85 1.244730 0.692858
0.75 0.90 1.050134 0.514257
0.75 0.95 1.070342 0.431343
0.75 1.00 0.963582 0.446305
0.80 0.05 1.069725 0.402846
0.80 0.10 1.059029 0.533133
0.80 0.15 1.060761 0.646521
0.80 0.20 0.955251 0.423992
0.80 0.25 1.136969 0.646382
0.80 0.30 1.080117 0.483535
0.80 0.35 1.166823 0.522979
0.80 0.40 1.089573 0.577084
0.80 0.45 1.024167 0.657430
0.80 0.50 1.179150 0.713225
0.80 0.55 1.238796 0.565318
0.80 0.60 1.177068 0.723984
0.80 0.65 1.118696 0.496390
0.80 0.70 1.140038 0.409146
0.80 0.75 1.039913 0.501290
0.80 0.80 1.010809 0.561305
0.80 0.85 1.116309 0.495992
0.80 0.90 0.935129 0.424156
0.80 0.95 1.109113 0.484132
0.80 1.00 1.103753 0.580833
0.85 0.05 0.931999 0.450366
0.85 0.10 1.053161 0.483065
0.85 0.15 1.038566 0.506679
0.85 0.20 1.156122 0.560285
0.85 0.25 1.072923 0.504270
0.85 0.30 1.091087 0.542218
0.85 0.35 1.127930 0.486239
0.85 0.40 1.064231 0.495207
0.85 0.45 1.025692 0.452278
0.85 0.50 1.234559 0.685287
0.85 0.55 1.127532 0.703723
0.85 0.60 1.023715 0.630403
0.85 0.65 1.093975 0.535154
0.85 0.70 0.980728 0.494100
0.85 0.75 1.057663 0.358831
0.85 0.80 1.065220 0.553707
0.85 0.85 1.067838 0.554046
0.85 0.90 1.094524 0.546791
0.85 0.95 1.137925 0.588963
0.85 1.00 1.027312 0.408808
0.90 0.05 1.069447 0.528163
0.90 0.10 1.230222 0.679837
0.90 0.15 1.108501 0.404535
0.90 0.20 1.097587 0.324414
0.90 0.25 1.117644 0.503265
0.90 0.30 1.129438 0.459182
0.90 0.35 1.037518 0.526130
0.90 0.40 0.973499 0.579379
0.90 0.45 1.042782 0.407246
0.90 0.50 0.993273 0.427662
0.90 0.55 1.085801 0.496179
0.90 0.60 1.075221 0.482452
0.90 0.65 1.109071 0.542961
0.90 0.70 1.094151 0.526833
0.90 0.75 1.071433 0.495467
0.90 0.80 1.169015 0.594387
0.90 0.85 0.981348 0.518873
0.90 0.90 1.032540 0.458236
0.90 0.95 1.130781 0.493850
0.90 1.00 1.091233 0.656232
0.95 0.05 1.218317 0.473653
0.95 0.10 1.028798 0.549631
0.95 0.15 1.155983 0.618262
0.95 0.20 1.236499 0.783818
0.95 0.25 1.091043 0.493471
0.95 0.30 1.031535 0.515292
0.95 0.35 1.023472 0.559444
0.95 0.40 0.968301 0.481442
0.95 0.45 1.078856 0.526448
0.95 0.50 1.075090 0.488864
0.95 0.55 1.059109 0.524042
0.95 0.60 1.014116 0.576846
0.95 0.65 1.000453 0.459072
0.95 0.70 1.065793 0.600472
0.95 0.75 1.029490 0.499038
0.95 0.80 0.920201 0.442719
0.95 0.85 1.020528 0.389499
0.95 0.90 1.128413 0.663807
0.95 0.95 1.118497 0.514809
0.95 1.00 1.028691 0.419515
1.00 0.05 1.166721 0.479279
1.00 0.10 1.131702 0.536189
1.00 0.15 1.062324 0.514285
1.00 0.20 1.138035 0.713926
1.00 0.25 1.056314 0.644577
1.00 0.30 1.040400 0.496611
1.00 0.35 1.088399 0.545789
1.00 0.40 1.114233 0.504868
1.00 0.45 1.098596 0.489804
1.00 0.50 1.076361 0.592467
1.00 0.55 1.039046 0.562207
1.00 0.60 1.099938 0.543450
1.00 0.65 1.227500 0.554448
1.00 0.70 0.989843 0.498183
1.00 0.75 1.040474 0.400632
1.00 0.80 1.133815 0.473460
1.00 0.85 1.088015 0.482391
1.00 0.90 0.998742 0.497566
1.00 0.95 1.016748 0.361049
1.00 1.00 1.083600 0.485959