lengthscale l2regularizer rmse_mean rmse_std

0.45 0.15 0.8843557 0.50379187
0.45 0.3 0.87231743 0.51835674
0.4 0.8 0.91777956 0.4829431
0.4 0.7 0.9022978 0.49378347
0.45 0.05 0.88375807 0.5059274
0.4 0.5 0.8738397 0.520718
0.45 0.2 0.88531697 0.50742716
0.4 0.85 0.92320776 0.48414877
0.4 0.9 0.9135699 0.49020317
0.4 0.55 0.87996423 0.5106274
0.45 0.35 0.8777234 0.51214004
0.4 1.0 0.9205265 0.4885295
0.4 0.65 0.8826621 0.5108389
0.45 0.4 0.8741683 0.5181816
0.4 0.95 0.9169955 0.48309803
0.4 0.75 0.9164488 0.48595187
0.45 0.1 0.88981056 0.5015847
0.85 0.15 0.96030504 0.4777862
0.85 0.2 0.96783656 0.48105875
0.4 0.6 0.8828061 0.5098321
0.85 0.35 0.9607938 0.47753322
0.45 0.25 0.8764437 0.50945365
0.1 0.35 1.0469055 0.52734756
0.1 0.6 1.0760907 0.5494022
0.8 0.95 0.96489507 0.47407752
0.2 0.95 0.88949424 0.3482222
0.15 0.55 0.9448389 0.31469515
0.15 0.35 0.9537079 0.31178457
0.25 0.75 0.8105389 0.32743007
0.15 0.2 0.9655324 0.3244161
0.25 0.8 0.81152165 0.32921386
0.25 0.85 0.810458 0.3288546
0.15 0.7 0.93428373 0.3061932
0.85 0.05 0.9631435 0.48093313
0.25 0.35 0.8076769 0.31030324
0.15 0.5 0.94838524 0.31256238
0.25 0.65 0.81411827 0.32353997
0.05 0.75 1.1360518 0.5318974
0.2 1.0 0.875367 0.33997405
0.2 0.2 0.86377156 0.33098102
0.25 0.7 0.8107964 0.3280256
0.2 0.45 0.90146506 0.33504725
0.2 0.8 0.890139 0.34716317
0.15 0.45 0.95023507 0.31146336
0.15 0.75 0.92052555 0.294097
0.15 0.4 0.94673026 0.3053598
0.2 0.35 0.9065918 0.34074882
0.85 0.3 0.9618021 0.47745082
0.15 0.9 0.9086353 0.28979683
0.25 0.45 0.970183 0.6382069
0.15 0.6 0.94026595 0.30831617
0.2 0.9 0.91150653 0.3481321
0.2 0.75 0.923209 0.3569884
0.25 0.05 0.81735736 0.29899848
0.15 1.0 0.8917719 0.27728838
0.15 0.3 0.95970154 0.31690353
0.2 0.15 0.85994834 0.32715493
0.25 0.15 0.7898406 0.31936902
0.2 0.7 0.93282235 0.36646912
0.1 0.4 1.0832317 0.55600554
0.2 0.25 0.86320955 0.32951313
0.05 0.95 1.1310406 0.53234464
0.2 0.1 0.87043905 0.33314416
0.2 0.5 0.88366234 0.3337986
0.05 0.8 1.1333792 0.541164
0.25 0.25 0.8022938 0.30955088
0.05 0.7 1.1360546 0.5449914
0.2 0.85 0.8982709 0.35504535
0.2 0.6 0.9186393 0.35471222
0.15 0.8 0.9353941 0.31378043
0.05 0.9 1.1266687 0.5347226
0.15 0.25 0.9432503 0.3039097
0.1 0.15 1.0612015 0.52925926
0.1 0.7 1.0949252 0.57174724
0.1 0.45 1.0937015 0.56405467
0.05 1.0 1.1111042 0.5299478
0.1 0.65 1.0608046 0.5473874
0.85 0.6 0.96253395 0.47597823
0.85 0.65 0.9604405 0.47605377
0.05 0.15 1.1494805 0.5347702
0.85 0.1 0.9647521 0.4818019
0.8 1.0 0.949468 0.4681346
0.85 0.75 0.9611847 0.47551724
0.05 0.3 1.1595578 0.53500825
0.85 0.55 0.96285534 0.47613937
0.1 0.2 1.0565251 0.52799124
0.05 0.55 1.1126549 0.53746104
0.05 0.4 1.1486334 0.5464309
0.85 0.7 0.9587923 0.47470793
0.05 0.6 1.1325078 0.5317363
0.85 0.45 0.9637267 0.47707582
0.05 0.2 1.156613 0.540239
0.05 0.45 1.1491483 0.54847866
0.85 0.5 0.96356887 0.47647893
0.05 0.5 1.1429769 0.5494554
0.05 0.25 1.1602589 0.5435717
0.25 0.6 0.80532044 0.32862085
0.2 0.4 0.8728172 0.33827206
0.9 0.05 0.95837545 0.4788634
0.85 0.85 0.9594386 0.47425613
0.2 0.05 0.84943867 0.333017
0.05 0.05 1.1102893 0.523206
0.25 0.5 0.81389177 0.31695953
0.25 0.3 0.8127187 0.30534077
0.85 0.9 0.95968914 0.47391388
0.2 0.65 0.91566885 0.35089806
0.15 0.95 0.9152133 0.29928383
0.25 0.4 0.969176 0.63756865
0.8 0.85 0.94977343 0.46913153
0.05 0.35 1.1457477 0.537666
0.15 0.65 0.94219244 0.32139805
0.2 0.55 0.89848363 0.35611543
0.9 0.15 0.9620184 0.47961056
0.85 1.0 0.9592024 0.47305608
0.85 0.95 0.95966375 0.4732989
0.2 0.3 0.8739395 0.32636017
0.25 0.2 0.82032025 0.30308816
0.9 0.1 0.96151054 0.47835642
0.85 0.25 0.96725255 0.48051703
0.1 0.75 1.049574 0.54081416
0.25 0.1 0.8181974 0.29682738
0.15 0.85 0.9048212 0.28231564
0.9 0.35 0.96188134 0.4753087
0.1 0.9 1.0701474 0.55993557
0.85 0.4 0.9637173 0.47694203
0.1 0.85 1.0824016 0.58248854
0.9 0.3 0.96221 0.47831964
0.05 0.65 1.1309335 0.5419554
0.15 0.05 0.95611316 0.3139527
0.15 0.15 0.9432499 0.30492374
0.9 0.25 0.96179044 0.477258
0.1 0.95 1.0639815 0.5674518
0.1 1.0 1.0593572 0.5611338
0.15 0.1 0.96308297 0.3255897
0.1 0.8 1.0707998 0.5584599
0.1 0.55 1.0765345 0.5531415
0.1 0.5 1.0585567 0.536257
0.05 0.1 1.1641806 0.54154587
0.35 0.4 0.8738394 0.51431984
0.35 0.75 0.92200774 0.49182412
0.1 0.25 1.0464646 0.5088122
0.35 0.35 0.8730488 0.52521634
0.35 0.6 0.8698826 0.5222859
0.3 0.1 0.8607972 0.51904076
0.4 0.05 0.87854135 0.5170464
0.3 0.95 0.89873344 0.59176713
0.4 0.1 0.89131594 0.5046234
0.35 0.65 0.90910196 0.4918053
0.05 0.85 1.1306022 0.5347575
0.3 0.9 0.8979639 0.5887819
0.35 0.7 0.8976825 0.50266075
0.35 1.0 0.94380295 0.48927122
0.35 0.95 0.94499475 0.48318478
0.3 1.0 0.89356196 0.5822136
0.35 0.05 0.8834082 0.5051895
0.3 0.85 0.9019245 0.57616585
0.65 0.75 0.8980812 0.48084146
0.35 0.9 0.94472027 0.48415464
0.5 0.2 0.8953811 0.49595603
0.5 0.5 0.8750044 0.5160839
0.65 0.4 0.9277889 0.4710643
0.3 0.45 0.8772365 0.5480365
0.65 0.85 0.930025 0.47145593
0.5 0.15 0.88543147 0.50041324
0.3 0.3 0.8695076 0.55579376
0.65 0.8 0.8993613 0.48012686
0.55 0.9 0.88872397 0.4903167
0.7 0.2 0.95906955 0.47561666
0.5 0.7 0.8729288 0.5138151
0.4 0.3 0.86984694 0.51884735
0.6 0.5 0.90127885 0.48130733
0.45 0.6 0.87666976 0.51718074
0.55 0.8 0.89090365 0.4894872
0.5 0.65 0.8725427 0.5138225
0.6 0.65 0.89694345 0.4826745
0.3 0.8 0.9003766 0.5816861
0.5 0.45 0.87639064 0.51581764
0.35 0.45 0.8696911 0.5266418
0.5 0.85 0.8725427 0.5113534
0.4 0.25 0.8740696 0.5182384
0.35 0.15 0.88923514 0.50342166
0.65 0.6 0.897735 0.48092738
0.3 0.65 0.89924014 0.5726024
0.3 0.5 0.89068395 0.5507748
0.65 0.7 0.89863265 0.480441
0.4 0.2 0.8842619 0.5116341
0.55 0.6 0.8870775 0.49949652
0.65 0.9 0.89976394 0.47992787
0.35 0.8 0.9282638 0.49206668
0.65 0.1 0.9239467 0.47022128
0.3 0.25 0.8758561 0.51732725
0.6 0.35 0.9042783 0.48105037
0.4 0.35 0.8735773 0.51904786
0.55 0.5 0.8887044 0.49522132
0.6 0.6 0.89960366 0.48124832
0.55 0.7 0.88771325 0.49312273
0.65 0.35 0.9008064 0.47910124
0.5 0.1 0.87913626 0.5021951
0.6 0.15 0.90116274 0.4818118
0.3 0.7 0.89136827 0.5562358
0.5 0.95 0.88281935 0.49826747
0.65 0.45 0.89694965 0.4816778
0.55 0.55 0.885255 0.5024412
0.6 0.55 0.90284634 0.47938854
0.55 0.65 0.8849427 0.49750525
0.55 1.0 0.8894283 0.48971915
0.4 0.15 0.8766201 0.5165227
0.65 0.65 0.9308974 0.47241238
0.6 0.3 0.9013807 0.48000035
0.6 0.85 0.8978281 0.48134053
0.35 0.55 0.8732301 0.52344996
0.3 0.75 0.90362895 0.5678756
0.65 0.55 0.8967446 0.48142225
0.6 0.9 0.89770156 0.48128197
0.55 0.75 0.88577497 0.49499074
0.6 0.1 0.89867526 0.4842891
0.6 0.7 0.89851636 0.48146453
0.7 0.15 0.9621722 0.4762007
0.55 0.85 0.88659936 0.49296892
0.6 0.2 0.9003545 0.48273137
0.6 0.45 0.90459883 0.4787092
0.6 0.05 0.90482825 0.4800147
0.5 0.9 0.8770696 0.50826436
0.65 0.3 0.93754685 0.46960902
0.6 0.8 0.89978284 0.48021278
0.55 0.95 0.8894722 0.48978576
0.3 0.35 0.8722023 0.52989936
0.6 0.25 0.8997954 0.48082772
0.4 0.4 0.8699728 0.5212213
0.4 0.45 0.86771524 0.5214721
0.45 0.45 0.875943 0.5183496
0.6 0.4 0.90695345 0.47765118
0.7 0.05 0.95991707 0.47616434
0.65 0.05 0.9244486 0.46910676
0.6 0.75 0.897985 0.48113307
0.65 0.5 0.8972057 0.4817563
0.65 0.2 0.909921 0.47479057
0.6 1.0 0.8989754 0.48055148
0.35 0.2 0.8821484 0.5100466
0.5 1.0 0.8843169 0.49600217
0.7 0.1 0.95765305 0.47586605
0.35 0.5 0.87174577 0.51463443
0.65 0.15 0.9226464 0.4701206
0.7 0.3 0.95960695 0.47806892
0.5 0.05 0.88454074 0.5044182
0.35 0.85 0.93115014 0.48400408
0.65 0.95 0.90010244 0.4797658
0.6 0.95 0.8985747 0.48078784
0.3 0.4 0.8748428 0.5496628
0.7 0.25 0.9555815 0.4751111
0.65 1.0 0.9004181 0.47960708
0.55 0.35 0.8879372 0.49922192
0.55 0.4 0.894184 0.49694398
0.65 0.25 0.8989555 0.48035973
0.55 0.2 0.8827551 0.49935916
0.55 0.15 0.8913051 0.4995068
0.1 0.05 1.0503368 0.51827055
0.1 0.3 1.0296776 0.5119751
0.1 0.1 1.0825098 0.52412075
0.75 0.7 0.9466945 0.47104773
0.5 0.6 0.8727099 0.51522684
0.3 0.55 0.9108103 0.5437802
0.45 1.0 0.8779319 0.5149831
0.45 0.85 0.8976728 0.4945966
0.45 0.55 0.8753608 0.5188885
0.45 0.65 0.88237077 0.5125503
0.5 0.75 0.8731953 0.5111291
0.45 0.5 0.87287414 0.5175128
0.75 0.1 0.9614174 0.47895184
0.55 0.25 0.89500856 0.49185497
0.45 0.9 0.8853615 0.5061523
0.3 0.6 0.8918912 0.5629405
0.55 0.3 0.89267933 0.49168935
0.55 0.1 0.899134 0.48927134
0.3 0.2 0.86659634 0.53444964
0.45 0.8 0.8982105 0.49569014
0.5 0.8 0.87220114 0.51468384
0.3 0.15 0.87579477 0.5162511
0.45 0.95 0.8793856 0.50824106
0.5 0.55 0.87256014 0.51584846
0.35 0.3 0.870973 0.5210941
0.35 0.1 0.86864203 0.51078236
0.45 0.75 0.8783533 0.5177943
0.45 0.7 0.88535917 0.50777566
0.9 0.4 0.9600853 0.47591323
0.55 0.05 0.8863262 0.49835527
0.35 0.25 0.8844048 0.51409376
0.8 0.05 0.96016014 0.47891584
0.95 0.25 0.9556597 0.48234335
0.7 0.7 0.93730134 0.47100508
0.95 0.35 0.9552534 0.48304296
0.95 0.4 0.95628464 0.48229995
0.9 0.45 0.9610057 0.47550142
0.7 0.65 0.94236195 0.4723862
0.75 0.05 0.96442413 0.47950608
0.7 0.95 0.93777657 0.46963423
0.7 0.9 0.9295331 0.4697522
0.8 0.75 0.94265157 0.46837172
0.75 0.6 0.95049286 0.47298583
0.7 0.6 0.93601465 0.47128373
0.75 0.75 0.934117 0.46916062
0.95 0.45 0.9542508 0.48048678
0.8 0.4 0.96428144 0.47882682
0.75 0.65 0.94684684 0.47152457
0.8 0.7 0.95309985 0.47133833
0.8 0.6 0.94374114 0.46947226
0.8 0.55 0.95334256 0.47228074
0.8 0.35 0.96286726 0.47897524
0.8 0.3 0.95472586 0.4756638
0.75 0.35 0.95470697 0.47679767
0.75 0.5 0.9607382 0.47833064
0.8 0.45 0.9633727 0.4785248
0.75 0.4 0.9517668 0.47498974
0.7 0.75 0.9484312 0.4731431
0.8 0.5 0.9513342 0.47240305
0.7 0.85 0.93336356 0.46999818
0.95 0.6 0.9560912 0.4806722
0.7 0.8 0.9183544 0.47189268
0.75 0.55 0.94358987 0.47133785
0.9 0.2 0.9626113 0.47998607
0.95 0.55 0.955767 0.48241034
0.8 0.65 0.9410173 0.46885833
0.95 0.65 0.9586148 0.478708
0.75 0.45 0.9498054 0.4742294
0.7 1.0 0.9065917 0.47619474
0.75 0.95 0.93005526 0.46843818
0.95 0.95 0.9551259 0.47809285
0.95 0.8 0.95709574 0.47771493
0.95 0.7 0.95528 0.48038316
0.95 0.75 0.9534504 0.48095414
0.95 0.9 0.95898455 0.47552848
0.95 0.85 0.9568779 0.47743705
0.95 1.0 0.95738757 0.47648874
1.0 0.05 0.94992733 0.4860974
0.8 0.8 0.9507288 0.46971077
1.0 0.1 0.948837 0.4891893
1.0 0.2 0.9474236 0.4875236
1.0 0.15 0.9532398 0.4874543
0.75 1.0 0.9354264 0.46789756
0.9 0.8 0.9625753 0.47337732
0.95 0.15 0.9553567 0.48040527
0.95 0.2 0.95327455 0.48377776
0.95 0.1 0.95212924 0.48413897
1.0 0.4 0.9483323 0.48699382
1.0 0.3 0.9472276 0.4863303
1.0 0.35 0.9480084 0.486002
0.9 0.95 0.9621255 0.47163168
1.0 0.9 0.95264053 0.47924003
1.0 0.65 0.94947755 0.4856319
1.0 0.75 0.95485705 0.47991088
0.9 0.55 0.9625146 0.47570214
1.0 0.55 0.9518782 0.48313668
1.0 0.6 0.94894266 0.48449832
0.5 0.3 0.88136405 0.5096767
1.0 0.7 0.9537157 0.4808475
0.5 0.25 0.88194275 0.50709
0.25 1.0 0.8031952 0.34394622
0.9 0.7 0.96178705 0.4742017
0.3 0.05 0.86919725 0.53191864
1.0 0.5 0.9513612 0.48365647
0.25 0.95 0.8006632 0.34858963
1.0 0.85 0.9536889 0.4801889
1.0 1.0 0.9497371 0.4816952724
1.0 0.8 0.95493567 0.4791403
0.9 0.75 0.9627193 0.4738729
1.0 0.45 0.94611865 0.48661083
0.25 0.9 0.95322657 0.6444284
0.9 0.85 0.96128047 0.47311282
0.9 0.65 0.95977086 0.47436833
0.75 0.15 0.9600437 0.47645053
0.5 0.35 0.8914629 0.50303125
0.7 0.35 0.95403177 0.4754937
0.8 0.1 0.961257 0.4806778
0.5 0.4 0.88223565 0.51210725
0.75 0.8 0.93481004 0.4688985
0.8 0.9 0.96604216 0.47505704
0.9 0.9 0.9553288 0.47565818
0.9 0.5 0.9621506 0.47596875
0.8 0.15 0.96522903 0.48185584
0.75 0.9 0.93187714 0.468489
0.85 0.8 0.9578954 0.4739365
0.75 0.2 0.9606355 0.47929123
0.8 0.25 0.96165276 0.47932985
0.75 0.3 0.95423204 0.47667414
0.7 0.4 0.95373356 0.47828555
0.9 1.0 0.96157205 0.47118774
0.95 0.05 0.9581426 0.48077267
0.7 0.55 0.95008916 0.4747029
0.7 0.5 0.94042844 0.47233474
0.9 0.6 0.9632225 0.47542745
0.95 0.3 0.95559967 0.48261353
0.95 0.5 0.9592384 0.47849056
0.8 0.2 0.964575 0.4816223
0.75 0.25 0.95753556 0.4773019
0.75 0.85 0.9282543 0.46905085
1.0 0.25 0.9501244 0.48595938
0.7 0.45 0.9471841 0.47442788